radeg,raerr("),decdeg,decerr("),Johnson_V (V),Verr,Vnobs,Johnson_B (B),Berr,Bnobs,Sloan_u (SU),SUerr,SUnobs,Sloan_g (SG),SGerr,SGnobs,Sloan_r (SR),SRerr,SRnobs,Sloan_i (SI),SIerr,SInobs,Sloan_z (SZ),SZerr,SZnobs,PanSTARRS_Y (Y),Yerr,Ynobs
59.515753,0.609,13.893383,0.442,16.932,0.209,7,17.927,0.253,7,NA,NA,0,17.34,0.086,14,16.697,0.136,14,16.21,0.187,7,NA,NA,0,NA,NA,0
59.52225,0.637,13.9482,0.48,17.479,0.207,1,18.26,0.309,1,NA,NA,0,17.88,0.104,6,17.018,0.076,6,16.802,0.35,1,NA,NA,0,NA,NA,0
59.527093,0.824,13.754345,0.498,16.738,0.237,14,17.505,0.118,14,NA,NA,0,17.093,0.096,23,16.411,0.097,23,15.951,0.134,10,NA,NA,0,NA,NA,0
59.532208,0.909,13.754526,0.542,16.786,0.099,4,17.856,0.143,4,NA,NA,0,17.367,0.107,19,16.429,0.133,18,15.971,0.154,12,NA,NA,0,NA,NA,0
59.53897,0.87,13.760581,0.499,16.72,0.172,26,16.724,0.134,26,NA,NA,0,16.57,0.062,22,16.813,0.18,22,NA,NA,0,NA,NA,0,NA,NA,0
59.540247,0.435,13.736494,0.315,NA,NA,0,NA,NA,0,NA,NA,0,18.116,0.16,5,16.843,0.182,5,15.939,0.103,3,NA,NA,0,NA,NA,0
59.540572,0.33,13.976089,0.282,15.216,0.066,26,16.346,0.105,26,NA,NA,0,15.749,0.065,28,14.773,0.25,28,14.292,0.111,28,NA,NA,0,NA,NA,0
59.541796,0.873,13.730168,0.488,16.683,0.209,20,17.516,0.187,20,NA,NA,0,17.045,0.105,28,16.419,0.155,28,15.937,0.175,12,NA,NA,0,NA,NA,0
59.545816,0.327,13.839104,0.212,13.918,0.068,41,15.35,0.087,41,NA,NA,0,14.538,0.05,44,13.395,0.202,44,12.81,0.068,44,12.429,0.067,1,NA,NA,0
59.548287,0.71,13.905662,0.191,NA,NA,0,NA,NA,0,NA,NA,0,17.894,0.149,4,17.129,0.177,4,NA,NA,0,NA,NA,0,NA,NA,0
59.548633,1.154,13.70171,0.548,NA,NA,0,NA,NA,0,NA,NA,0,18.672,0.1,2,17.492,0.15,2,NA,NA,0,NA,NA,0,NA,NA,0
59.549329,0.583,13.972714,0.694,NA,NA,0,NA,NA,0,NA,NA,0,17.71,0.09,4,17.137,0.32,4,NA,NA,0,NA,NA,0,NA,NA,0
59.549598,0.148,13.6791,0.124,12.871,0.066,50,13.622,0.051,50,NA,NA,0,13.181,0.037,54,12.61,0.205,54,12.318,0.077,53,12.206,0.009,2,NA,NA,0
59.552628,0.281,13.744351,0.152,14.052,0.073,41,14.658,0.05,41,NA,NA,0,14.287,0.04,44,13.856,0.2,44,13.639,0.091,44,NA,NA,0,NA,NA,0
59.553851,0.129,13.734948,0.096,11.808,0.064,41,12.528,0.05,41,NA,NA,0,12.096,0.038,44,11.567,0.205,44,11.3,0.069,44,11.153,0.022,2,NA,NA,0
59.555825,0.264,13.760729,0.199,13.928,0.069,41,14.684,0.06,41,NA,NA,0,14.239,0.042,44,13.669,0.212,44,13.37,0.068,44,12.993,0.107,1,NA,NA,0
59.557367,0.641,13.769495,0.424,16.918,0.122,6,17.789,0.219,6,NA,NA,0,17.37,0.091,19,16.582,0.118,18,16.008,0.161,9,NA,NA,0,NA,NA,0
59.56222,0.999,13.950002,0.673,NA,NA,0,NA,NA,0,NA,NA,0,18.304,0.055,2,16.753,0.036,2,NA,NA,0,NA,NA,0,NA,NA,0
59.563499,1.113,13.88106,1.141,NA,NA,0,NA,NA,0,NA,NA,0,17.564,0.076,3,16.686,0.043,3,NA,NA,0,NA,NA,0,NA,NA,0
59.567266,0.99,13.844005,0.484,16.912,0.23,14,17.671,0.214,14,NA,NA,0,17.272,0.093,21,16.575,0.132,20,16.218,0.31,9,NA,NA,0,NA,NA,0
59.568488,0.251,14.041536,0.258,14.659,0.056,27,15.431,0.073,27,NA,NA,0,15.015,0.048,28,14.424,0.228,28,14.116,0.103,28,13.659,0.198,1,NA,NA,0
59.572738,0.299,13.760947,0.228,14.394,0.06,41,15.245,0.065,41,NA,NA,0,14.763,0.047,44,14.094,0.204,44,13.732,0.074,44,13.79,0.211,1,NA,NA,0
59.579664,0.683,13.825447,0.41,15.711,0.086,30,16.84,0.166,30,NA,NA,0,16.251,0.103,41,15.297,0.248,41,14.822,0.158,36,NA,NA,0,NA,NA,0
59.583428,0.69,13.787898,0.493,NA,NA,0,NA,NA,0,NA,NA,0,18.034,0.156,9,16.763,0.122,9,16.139,0.148,7,NA,NA,0,NA,NA,0
59.585604,0.668,13.715817,0.486,16.567,0.137,16,17.729,0.265,16,NA,NA,0,17.154,0.121,27,16.109,0.128,26,15.604,0.197,26,NA,NA,0,NA,NA,0
59.588117,0.747,14.059339,0.652,NA,NA,0,NA,NA,0,NA,NA,0,17.705,0.068,4,16.671,0.131,4,15.952,0.194,1,NA,NA,0,NA,NA,0
59.592705,0.616,13.859784,0.526,NA,NA,0,NA,NA,0,NA,NA,0,18.184,0.217,1,17.663,0.344,1,NA,NA,0,NA,NA,0,NA,NA,0
59.596381,0.579,14.014162,0.416,NA,NA,0,NA,NA,0,NA,NA,0,17.643,0.119,11,16.731,0.155,11,16.274,0.147,4,NA,NA,0,NA,NA,0
59.600238,0.277,13.885966,0.182,14.5,0.054,27,15.267,0.08,27,NA,NA,0,14.833,0.049,28,14.291,0.251,28,13.986,0.078,27,NA,NA,0,NA,NA,0
59.600436,0.412,14.063437,0.464,NA,NA,0,NA,NA,0,NA,NA,0,18.043,0.132,4,17.151,0.221,4,16.362,0.212,1,NA,NA,0,NA,NA,0
59.601685,0.245,13.990421,0.205,14.885,0.057,25,15.854,0.077,25,NA,NA,0,15.327,0.061,28,14.563,0.271,28,14.175,0.073,28,NA,NA,0,NA,NA,0
59.602871,0.427,13.81214,0.317,15.06,0.08,39,16.078,0.137,39,NA,NA,0,15.481,0.049,43,14.697,0.177,43,14.332,0.093,42,NA,NA,0,NA,NA,0
59.60925,0.477,13.722504,0.257,15.058,0.083,39,16.08,0.101,39,NA,NA,0,15.485,0.074,41,14.692,0.218,41,14.322,0.096,41,NA,NA,0,NA,NA,0
59.61244,0.297,13.840162,0.24,13.214,0.092,41,14.395,0.072,41,NA,NA,0,13.749,0.055,44,12.682,0.2,44,12.136,0.085,44,11.886,0.074,2,NA,NA,0
59.620556,0.197,13.958674,0.129,13.748,0.036,27,14.591,0.051,27,NA,NA,0,14.121,0.04,28,13.491,0.252,28,13.154,0.078,28,13.277,0.129,1,NA,NA,0
59.62073,0.646,13.889348,0.396,16.703,0.131,12,17.642,0.222,12,NA,NA,0,17.114,0.102,17,16.414,0.104,17,15.952,0.161,14,NA,NA,0,NA,NA,0
59.622108,0.786,13.758371,0.461,16.25,0.131,25,17.25,0.206,25,NA,NA,0,16.742,0.096,35,15.896,0.207,35,15.423,0.19,31,NA,NA,0,NA,NA,0
59.622962,0.404,13.620022,0.282,15.46,0.072,42,16.681,0.151,42,NA,NA,0,16.065,0.071,51,15.001,0.202,51,14.547,0.111,50,NA,NA,0,NA,NA,0
59.629087,0.547,13.616996,0.505,17.633,0.22,1,18.106,0.263,1,NA,NA,0,17.946,0.24,3,17.1,0.062,3,NA,NA,0,NA,NA,0,NA,NA,0
59.629924,0.672,13.651439,0.403,16.103,0.142,36,16.835,0.161,36,NA,NA,0,16.476,0.09,45,15.813,0.133,44,15.523,0.157,41,NA,NA,0,NA,NA,0
59.63378,0.837,13.835593,0.485,16.302,0.154,25,17.338,0.252,25,NA,NA,0,16.74,0.115,32,15.9,0.099,31,15.502,0.19,28,NA,NA,0,NA,NA,0
59.634411,0.41,13.675571,0.378,15.355,0.089,47,16.199,0.122,47,NA,NA,0,15.723,0.066,51,15.06,0.186,51,14.713,0.13,48,NA,NA,0,NA,NA,0
59.636127,0.653,13.750693,0.318,15.512,0.09,38,16.37,0.129,38,NA,NA,0,15.85,0.066,43,15.224,0.25,43,14.86,0.122,38,NA,NA,0,NA,NA,0
59.644949,0.543,14.057703,0.207,NA,NA,0,NA,NA,0,NA,NA,0,18.053,0.197,5,17.102,0.206,5,16.307,0.203,1,NA,NA,0,NA,NA,0
59.645413,0.408,13.880241,0.456,16.657,0.138,13,17.587,0.219,13,NA,NA,0,17.043,0.117,19,16.33,0.136,19,15.978,0.163,12,NA,NA,0,NA,NA,0
59.645791,0.76,13.701371,0.52,NA,NA,0,NA,NA,0,NA,NA,0,17.988,0.029,2,17.133,0.029,2,NA,NA,0,NA,NA,0,NA,NA,0
59.649033,0.166,14.0453,0.218,13.359,0.038,27,14.272,0.043,27,NA,NA,0,13.771,0.042,28,13.082,0.249,28,12.741,0.062,28,12.599,0.087,2,NA,NA,0
59.651117,0.852,13.630167,0.539,16.83,0.32,24,17.518,0.185,24,NA,NA,0,17.144,0.108,29,16.56,0.243,29,16.25,0.218,7,NA,NA,0,NA,NA,0
59.65121,0.505,13.959594,0.502,16.643,0.136,15,17.592,0.188,15,NA,NA,0,17.044,0.078,17,16.356,0.086,17,16.106,0.243,10,NA,NA,0,NA,NA,0
59.651698,0.893,13.716644,0.507,16.707,0.251,11,17.681,0.106,11,NA,NA,0,17.176,0.124,16,16.357,0.106,15,16.021,0.172,7,NA,NA,0,NA,NA,0
59.653919,0.933,13.71396,0.535,16.728,0.104,6,17.74,0.148,6,NA,NA,0,17.206,0.071,20,16.454,0.162,20,16.016,0.219,12,NA,NA,0,NA,NA,0
59.655174,0.907,13.772031,0.483,16.566,0.141,22,17.364,0.149,22,NA,NA,0,16.943,0.151,26,16.291,0.132,25,16.016,0.24,16,NA,NA,0,NA,NA,0
59.655376,0.664,13.719552,0.404,16.908,0.186,4,17.675,0.1,4,NA,NA,0,17.314,0.077,14,16.691,0.17,14,16.352,0.043,2,NA,NA,0,NA,NA,0
59.655752,0.339,13.915612,0.394,NA,NA,0,NA,NA,0,NA,NA,0,17.915,0.046,2,17.382,0.12,2,NA,NA,0,NA,NA,0,NA,NA,0
59.660036,0.653,13.590819,0.513,16.475,0.143,24,17.605,0.214,24,NA,NA,0,17.013,0.111,39,16.046,0.15,38,15.547,0.198,37,NA,NA,0,NA,NA,0
59.661723,0.475,14.059697,0.461,NA,NA,0,NA,NA,0,NA,NA,0,17.963,0.141,10,16.564,0.107,10,15.915,0.097,8,NA,NA,0,NA,NA,0
59.662841,0.615,13.668912,0.495,NA,NA,0,NA,NA,0,NA,NA,0,17.872,0.084,4,17.185,0.308,4,NA,NA,0,NA,NA,0,NA,NA,0
59.664325,0.18,13.758752,0.139,10.062,0.063,24,10.607,0.051,43,NA,NA,0,10.393,0.089,28,10.124,0.608,3,9.611,0.019,2,9.567,0.072,2,NA,NA,0
59.668515,0.398,13.889534,0.334,15.534,0.117,25,16.465,0.097,25,NA,NA,0,15.906,0.063,28,15.274,0.293,28,14.873,0.101,24,NA,NA,0,NA,NA,0
59.672581,0.497,14.084994,0.364,17.228,0.103,2,18.14,0.203,2,NA,NA,0,17.69,0.135,7,17.074,0.19,7,16.423,0.209,1,NA,NA,0,NA,NA,0
59.673736,0.463,13.810074,0.39,NA,NA,0,NA,NA,0,NA,NA,0,18.084,0.107,7,16.811,0.191,7,16.214,0.246,5,NA,NA,0,NA,NA,0
59.68114,0.533,13.947265,0.479,NA,NA,0,NA,NA,0,NA,NA,0,17.875,0.068,5,17.243,0.163,5,NA,NA,0,NA,NA,0,NA,NA,0
59.684068,0.346,14.072229,0.309,15.788,0.08,21,16.91,0.137,21,NA,NA,0,16.337,0.072,26,15.411,0.271,26,14.908,0.115,24,NA,NA,0,NA,NA,0
59.68858,0.424,13.909168,0.409,16.152,0.117,18,16.978,0.119,18,NA,NA,0,16.493,0.066,21,15.862,0.099,21,15.541,0.13,18,NA,NA,0,NA,NA,0
59.690695,0.297,13.976543,0.309,16.042,0.105,4,17.854,0.26,4,NA,NA,0,17.028,0.136,21,15.386,0.296,21,14.476,0.113,21,NA,NA,0,NA,NA,0
59.694466,0.886,13.859779,0.461,15.717,0.078,1,16.434,0.107,1,NA,NA,0,16.15,0.051,1,15.473,0.066,1,NA,NA,0,NA,NA,0,NA,NA,0
59.695777,0.803,13.722994,0.424,16.191,0.102,28,16.9,0.18,28,NA,NA,0,16.536,0.075,32,15.927,0.241,31,15.585,0.143,28,NA,NA,0,NA,NA,0
59.696555,0.469,14.10152,0.481,16.826,0.14,9,17.735,0.262,9,NA,NA,0,17.248,0.15,16,16.513,0.165,16,16.142,0.155,10,NA,NA,0,NA,NA,0
59.696561,0.266,13.860237,0.022,15.528,0.049,1,16.415,0.067,1,NA,NA,0,NA,NA,0,NA,NA,0,NA,NA,0,NA,NA,0,NA,NA,0
59.697916,0.437,13.616073,0.265,14.97,0.087,49,15.824,0.106,49,NA,NA,0,15.326,0.054,52,14.657,0.211,52,14.303,0.103,50,NA,NA,0,NA,NA,0
59.700753,0.715,13.627219,0.388,16.92,0.14,6,17.812,0.204,6,NA,NA,0,17.43,0.128,18,16.645,0.141,18,16.211,0.307,3,NA,NA,0,NA,NA,0
59.701764,0.421,13.58274,0.311,15.295,0.112,47,16.186,0.125,47,NA,NA,0,15.676,0.057,51,15.016,0.222,51,14.675,0.141,47,NA,NA,0,NA,NA,0
59.702271,0.446,13.632834,0.332,15.715,0.105,38,16.809,0.138,38,NA,NA,0,16.193,0.074,49,15.318,0.207,49,14.841,0.126,44,NA,NA,0,NA,NA,0
59.70359,0.791,13.711205,0.443,16.586,0.116,16,17.544,0.174,16,NA,NA,0,17.033,0.102,24,16.23,0.125,24,15.768,0.143,18,NA,NA,0,NA,NA,0
59.704259,0.392,13.979852,0.357,15.962,0.091,18,16.849,0.145,18,NA,NA,0,16.393,0.106,24,15.692,0.358,24,15.311,0.16,20,NA,NA,0,NA,NA,0
59.704341,0.466,13.839054,0.252,13.683,0.077,41,14.453,0.065,41,NA,NA,0,13.995,0.042,44,13.419,0.207,44,13.122,0.065,44,13.08,0.093,2,NA,NA,0
59.706255,0.462,13.88109,0.371,16.598,0.09,4,17.793,0.148,4,NA,NA,0,17.212,0.078,18,15.907,0.107,18,14.597,0.107,18,NA,NA,0,NA,NA,0
59.707684,1.054,14.038591,0.73,16.809,0.14,7,17.797,0.279,7,NA,NA,0,17.314,0.083,14,16.362,0.144,13,15.92,0.096,6,NA,NA,0,NA,NA,0
59.707984,0.673,13.628342,0.472,16.617,0.181,20,17.544,0.231,20,NA,NA,0,17.024,0.09,31,16.368,0.157,31,16.006,0.248,11,NA,NA,0,NA,NA,0
59.711134,0.514,14.090339,0.43,16.535,0.177,15,17.554,0.182,15,NA,NA,0,16.994,0.095,19,16.315,0.11,19,15.959,0.222,14,NA,NA,0,NA,NA,0
59.714766,0.436,13.797486,0.215,13.833,0.066,41,14.996,0.077,41,NA,NA,0,14.314,0.079,44,13.425,0.213,44,12.978,0.067,44,12.78,0.077,2,NA,NA,0
59.717554,0.325,13.706285,0.276,10.415,0.077,42,11.041,0.057,40,NA,NA,0,10.685,0.06,33,10.195,0.233,33,10.046,0.066,12,9.923,0.059,2,NA,NA,0
59.717659,0.642,13.665132,0.421,16.335,0.092,31,17.24,0.193,31,NA,NA,0,16.755,0.102,40,15.999,0.13,40,15.657,0.22,29,NA,NA,0,NA,NA,0
59.722106,0.334,13.710129,0.18,12.534,0.055,34,13.512,0.058,34,NA,NA,0,12.961,0.042,37,12.154,0.212,37,11.792,0.074,36,11.691,0.136,2,NA,NA,0
59.723553,0.508,13.569389,0.374,16.806,0.197,6,17.93,0.298,6,NA,NA,0,17.477,0.198,29,16.174,0.147,28,15.503,0.163,28,NA,NA,0,NA,NA,0
59.724705,0.415,13.715628,0.316,15.204,0.081,22,16.082,0.064,22,NA,NA,0,15.59,0.075,23,14.938,0.257,19,14.627,0.094,11,NA,NA,0,NA,NA,0
59.725369,0.399,13.902056,0.535,17.254,0.217,1,17.866,0.225,1,NA,NA,0,17.819,0.124,7,16.997,0.189,7,NA,NA,0,NA,NA,0,NA,NA,0
59.728882,0.454,13.987629,0.41,NA,NA,0,NA,NA,0,NA,NA,0,18.029,0.013,2,16.788,0.017,2,15.57,0.018,2,NA,NA,0,NA,NA,0
59.730538,0.57,13.705491,0.279,NA,NA,0,NA,NA,0,NA,NA,0,17.994,0.05,2,16.984,0.013,2,NA,NA,0,NA,NA,0,NA,NA,0
59.736531,0.133,13.574043,0.087,11.916,0.064,49,12.893,0.048,49,NA,NA,0,12.344,0.037,52,11.525,0.198,52,11.192,0.085,51,11.091,0.059,2,NA,NA,0
59.739339,0.714,14.11468,0.581,NA,NA,0,NA,NA,0,NA,NA,0,18.022,0.183,1,17.576,0.215,1,NA,NA,0,NA,NA,0,NA,NA,0
59.739539,0.842,13.851078,0.426,16.168,0.104,29,16.954,0.127,29,NA,NA,0,16.501,0.102,34,15.855,0.123,33,15.548,0.197,29,NA,NA,0,NA,NA,0
59.739799,0.876,13.798253,0.858,16.723,0.199,1,17.657,0.291,1,NA,NA,0,17.445,0.103,17,16.412,0.129,17,15.775,0.132,15,NA,NA,0,NA,NA,0
59.741854,0.481,13.659249,0.455,17.122,0.144,1,17.956,0.224,1,NA,NA,0,17.814,0.134,10,16.972,0.229,10,NA,NA,0,NA,NA,0,NA,NA,0
59.742505,0.894,13.880191,0.427,17.419,0.181,1,17.827,0.187,1,NA,NA,0,17.665,0.161,10,17.049,0.191,10,15.945,0.173,1,NA,NA,0,NA,NA,0
59.742928,0.429,14.069479,0.274,15.526,0.069,21,16.848,0.162,21,NA,NA,0,16.204,0.094,28,14.964,0.201,28,14.353,0.105,28,13.494,0.178,1,NA,NA,0
59.744316,0.432,13.959159,0.324,16.521,0.108,10,17.741,0.137,10,NA,NA,0,17.091,0.091,17,16.158,0.114,17,15.67,0.181,15,NA,NA,0,NA,NA,0
59.745723,0.271,14.015096,0.196,14.637,0.052,27,15.54,0.077,27,NA,NA,0,15.04,0.054,28,14.35,0.247,28,13.988,0.074,28,13.837,0.229,1,NA,NA,0
59.751485,0.478,13.610065,0.318,15.486,0.103,48,16.161,0.122,48,NA,NA,0,15.769,0.068,51,15.261,0.243,51,14.989,0.169,44,NA,NA,0,NA,NA,0
59.754449,0.253,13.951411,0.252,14.903,0.07,26,16.084,0.124,26,NA,NA,0,15.435,0.059,27,14.522,0.247,27,14.007,0.105,27,NA,NA,0,NA,NA,0
59.756706,0.607,13.713274,0.396,17.393,0.127,3,17.66,0.202,3,NA,NA,0,17.624,0.094,9,17.044,0.134,9,NA,NA,0,NA,NA,0,NA,NA,0
59.758747,0.433,13.793238,0.233,13.22,0.068,41,14.044,0.057,41,NA,NA,0,13.564,0.042,44,12.926,0.202,44,12.621,0.061,44,12.539,0.001,2,NA,NA,0
59.762177,0.504,13.896103,0.462,16.582,0.076,15,17.475,0.172,15,NA,NA,0,16.99,0.162,21,16.19,0.198,20,15.828,0.177,19,NA,NA,0,NA,NA,0
59.771723,0.14,14.076409,0.153,13.021,0.034,27,14.199,0.049,27,NA,NA,0,13.568,0.04,28,12.624,0.239,28,12.132,0.058,28,11.868,0.012,2,NA,NA,0
59.772011,0.643,13.982277,0.495,16.623,0.1,14,17.567,0.24,14,NA,NA,0,17.028,0.109,20,16.172,0.083,19,15.795,0.2,17,NA,NA,0,NA,NA,0
59.773265,0.475,14.090577,0.467,16.42,0.103,13,17.712,0.139,13,NA,NA,0,17.062,0.066,18,15.973,0.103,18,15.418,0.143,18,NA,NA,0,NA,NA,0
59.773975,0.265,13.942696,0.32,NA,NA,0,NA,NA,0,NA,NA,0,18.202,0.072,2,17.487,0.181,2,NA,NA,0,NA,NA,0,NA,NA,0
59.774297,0.572,13.840021,0.308,14.877,0.075,42,15.653,0.11,42,NA,NA,0,15.213,0.05,43,14.604,0.205,43,14.304,0.1,41,NA,NA,0,NA,NA,0
59.774719,0.027,13.642154,0.098,NA,NA,0,NA,NA,0,NA,NA,0,NA,NA,0,14.107,0.035,1,13.809,0.073,1,NA,NA,0,NA,NA,0
59.775747,0.267,13.64187,0.17,14,0.07,50,14.703,0.062,50,NA,NA,0,14.277,0.043,54,13.752,0.193,53,13.474,0.082,52,13.249,0.132,1,NA,NA,0
59.778431,0.4,13.924888,0.691,16.437,0.126,15,17.497,0.117,15,NA,NA,0,16.884,0.109,19,15.916,0.11,18,15.355,0.114,17,NA,NA,0,NA,NA,0
59.779901,1.004,13.817661,0.336,NA,NA,0,NA,NA,0,NA,NA,0,18.14,0.184,2,17.239,0.059,2,NA,NA,0,NA,NA,0,NA,NA,0
59.780016,0.684,14.137478,0.518,16.992,0.134,1,18.096,0.266,1,NA,NA,0,17.83,0.12,12,16.607,0.117,12,16.183,0.191,5,NA,NA,0,NA,NA,0
59.780941,0.664,13.723607,0.377,16.344,0.145,15,17.373,0.139,15,NA,NA,0,16.835,0.061,19,16.034,0.078,19,15.621,0.147,18,NA,NA,0,NA,NA,0
59.78496,0.71,13.654546,0.275,17.32,0.188,2,18.368,0.333,2,NA,NA,0,17.773,0.107,9,17.044,0.164,9,NA,NA,0,NA,NA,0,NA,NA,0
59.785374,0.895,13.726579,0.747,16.486,0.189,15,17.394,0.161,15,NA,NA,0,16.797,0.075,20,16.082,0.106,19,15.59,0.148,15,NA,NA,0,NA,NA,0
59.796907,0.595,13.854239,0.331,14,0.069,43,14.839,0.055,43,NA,NA,0,14.36,0.041,44,13.723,0.208,44,13.388,0.075,44,13.202,0.129,1,NA,NA,0
59.800755,0.723,13.578274,0.422,NA,NA,0,NA,NA,0,NA,NA,0,18.093,0.067,2,17.458,0.05,2,NA,NA,0,NA,NA,0,NA,NA,0
59.801271,0.954,13.823241,0.438,17.007,0.131,6,17.857,0.314,6,NA,NA,0,17.355,0.131,19,16.728,0.182,19,16.507,0.213,1,NA,NA,0,NA,NA,0
59.801449,0.662,13.632062,0.411,16.229,0.128,29,17.403,0.198,29,NA,NA,0,16.747,0.109,43,15.79,0.185,43,15.297,0.206,39,NA,NA,0,NA,NA,0
59.801628,0.904,13.691828,0.528,16.378,0.112,24,17.366,0.162,24,NA,NA,0,16.883,0.106,33,16.047,0.164,33,15.707,0.19,31,NA,NA,0,NA,NA,0
59.801869,0.467,14.072063,0.429,NA,NA,0,NA,NA,0,NA,NA,0,17.574,0.112,16,16.294,0.139,16,15.692,0.204,15,NA,NA,0,NA,NA,0
59.803462,0.203,13.911164,0.157,14.017,0.057,27,15.055,0.048,27,NA,NA,0,14.472,0.044,28,13.693,0.251,28,13.328,0.064,28,13.038,0.113,1,NA,NA,0
59.803985,0.946,13.678334,0.516,17.205,0.191,6,17.704,0.193,6,NA,NA,0,17.448,0.111,14,16.753,0.159,14,16.254,0.154,3,NA,NA,0,NA,NA,0
59.804793,0.945,13.764935,0.456,16.344,0.142,24,17.292,0.211,24,NA,NA,0,16.792,0.115,33,16.009,0.097,32,15.65,0.182,26,NA,NA,0,NA,NA,0
59.805058,0.084,13.83766,0.552,NA,NA,0,NA,NA,0,NA,NA,0,18.455,0.272,1,17.105,0.156,1,NA,NA,0,NA,NA,0,NA,NA,0
59.805873,0.442,14.075402,0.565,17.178,0.044,3,17.913,0.285,3,NA,NA,0,17.707,0.081,9,16.655,0.177,9,16.173,0.162,1,NA,NA,0,NA,NA,0
59.808078,0.492,13.621248,0.33,15.735,0.126,43,16.499,0.148,43,NA,NA,0,16.045,0.065,48,15.479,0.241,48,15.139,0.135,39,NA,NA,0,NA,NA,0
59.80849,0.712,14.051252,0.316,NA,NA,0,NA,NA,0,NA,NA,0,18.075,0.123,4,17.136,0.241,4,16.097,0.164,2,NA,NA,0,NA,NA,0
59.808754,0.569,14.002256,0.357,15.987,0.109,18,17.181,0.123,18,NA,NA,0,16.564,0.121,27,15.623,0.271,25,15.09,0.106,22,NA,NA,0,NA,NA,0
59.811075,0.293,14.009834,0.437,NA,NA,0,NA,NA,0,NA,NA,0,18.178,0.249,2,17.246,0.126,2,NA,NA,0,NA,NA,0,NA,NA,0
59.811806,0.373,13.587758,0.215,14.929,0.08,48,15.925,0.103,48,NA,NA,0,15.373,0.049,53,14.578,0.203,52,14.161,0.101,52,NA,NA,0,NA,NA,0
59.812182,0.655,13.843731,0.318,14.329,0.099,43,15.148,0.053,43,NA,NA,0,14.676,0.05,44,14.056,0.206,44,13.73,0.065,44,13.72,0.194,1,NA,NA,0
59.813812,0.482,14.114871,0.459,NA,NA,0,NA,NA,0,NA,NA,0,17.846,0.219,13,16.539,0.122,13,15.942,0.175,10,NA,NA,0,NA,NA,0
59.814518,0.25,13.616199,0.184,13.888,0.066,50,14.799,0.074,50,NA,NA,0,14.268,0.039,54,13.548,0.204,53,13.213,0.088,53,13.085,0.115,1,NA,NA,0
59.815921,0.982,13.852527,0.486,16.59,0.155,15,17.543,0.156,15,NA,NA,0,16.997,0.084,23,16.353,0.147,22,15.846,0.191,14,NA,NA,0,NA,NA,0
59.817353,0.396,13.603752,0.241,14.775,0.081,49,15.579,0.083,49,NA,NA,0,15.116,0.047,53,14.478,0.207,53,14.141,0.079,51,13.764,0.211,1,NA,NA,0
59.82039,0.391,13.849764,0.405,17.194,0.103,2,18.264,0.011,2,NA,NA,0,17.571,0.097,10,16.917,0.144,9,16.375,0.125,3,NA,NA,0,NA,NA,0
59.821006,0.156,14.065982,0.153,13.573,0.029,27,14.363,0.051,27,NA,NA,0,13.931,0.043,28,13.332,0.253,28,13.014,0.063,28,12.91,0.096,1,NA,NA,0
59.822172,0.381,14.075513,0.363,16.5,0.11,14,17.328,0.146,14,NA,NA,0,16.889,0.075,17,16.239,0.086,17,15.981,0.257,13,NA,NA,0,NA,NA,0
59.822998,0.427,13.82989,0.834,17.655,0.224,1,18.14,0.259,1,NA,NA,0,17.893,0.159,1,17.499,0.205,1,NA,NA,0,NA,NA,0,NA,NA,0
59.825617,0.788,13.757478,0.421,15.763,0.088,32,16.763,0.157,32,NA,NA,0,16.218,0.071,40,15.449,0.236,40,15.015,0.124,35,NA,NA,0,NA,NA,0
59.827438,0.678,13.891144,0.192,NA,NA,0,NA,NA,0,NA,NA,0,18.149,0.111,2,17.27,0.168,2,NA,NA,0,NA,NA,0,NA,NA,0
59.829754,0.564,14.052526,0.478,16.703,0.166,13,17.442,0.22,13,NA,NA,0,17.084,0.126,17,16.565,0.12,17,16.158,0.264,9,NA,NA,0,NA,NA,0
59.830385,0.342,13.849884,0.568,NA,NA,0,NA,NA,0,NA,NA,0,17.942,0.048,2,16.903,0.004,2,16.025,0.196,1,NA,NA,0,NA,NA,0
59.832154,0.463,13.974853,0.207,6.815,0.013,2,7.916,0.065,2,NA,NA,0,7.4,0.027,2,6.552,0.031,2,6.011,0.027,2,5.777,0.076,2,NA,NA,0
59.834639,0.703,13.940873,0.344,16.381,0.122,13,17.476,0.126,13,NA,NA,0,16.92,0.133,20,15.921,0.194,20,15.447,0.148,18,NA,NA,0,NA,NA,0
59.835081,0.449,13.931068,0.45,NA,NA,0,NA,NA,0,NA,NA,0,18.134,0.095,5,17.128,0.28,5,NA,NA,0,NA,NA,0,NA,NA,0
59.837536,0.637,14.092916,0.234,NA,NA,0,NA,NA,0,NA,NA,0,18.306,0.235,1,17.26,0.168,1,NA,NA,0,NA,NA,0,NA,NA,0
59.839465,0.757,13.756809,0.435,16.53,0.111,17,17.67,0.227,17,NA,NA,0,17.095,0.126,23,16.099,0.101,22,15.675,0.154,23,NA,NA,0,NA,NA,0
59.840827,0.492,13.692247,0.069,NA,NA,0,NA,NA,0,NA,NA,0,17.82,0.151,1,17.226,0.162,1,NA,NA,0,NA,NA,0,NA,NA,0
59.842724,0.471,13.911597,0.301,15.482,0.115,27,16.153,0.126,27,NA,NA,0,15.76,0.063,28,15.363,0.289,28,15.11,0.082,21,NA,NA,0,NA,NA,0
59.846127,0.62,13.575355,0.402,15.929,0.131,41,16.658,0.16,41,NA,NA,0,16.226,0.099,48,15.68,0.195,48,15.323,0.186,40,NA,NA,0,NA,NA,0
59.846543,0.425,13.9023,0.418,17.032,0.187,7,17.825,0.225,7,NA,NA,0,17.416,0.081,13,16.692,0.143,13,16.464,0.252,4,NA,NA,0,NA,NA,0
59.847087,0.327,13.685614,0.22,12.924,0.077,41,13.529,0.058,41,NA,NA,0,13.159,0.04,44,12.731,0.209,44,12.506,0.062,44,12.387,0.024,2,NA,NA,0
59.849875,0.261,13.733078,0.165,8.139,0.006,2,8.263,0.035,2,NA,NA,0,8.138,0.035,2,8.203,0.011,2,8.37,0.042,2,8.47,0.062,2,NA,NA,0
59.850308,0.213,14.058938,0.177,13.458,0.048,27,14.614,0.05,27,NA,NA,0,13.997,0.039,28,13.105,0.233,28,12.618,0.053,28,12.381,0.034,2,NA,NA,0
59.851081,0.309,13.6065,0.226,13.998,0.07,49,14.728,0.053,49,NA,NA,0,14.29,0.044,53,13.746,0.206,52,13.457,0.084,52,13.258,0.101,2,NA,NA,0
59.852143,0.462,13.961037,0.308,13.619,0.07,7,14.819,0.066,7,NA,NA,0,14.13,0.037,4,13.136,0.042,4,12.616,0.043,1,12.525,0.076,2,NA,NA,0
59.853061,0.402,13.891287,0.276,15.81,0.103,22,16.672,0.17,22,NA,NA,0,16.161,0.129,26,15.533,0.095,26,15.245,0.117,20,NA,NA,0,NA,NA,0
59.853265,0.442,13.912687,0.395,16.105,0.076,15,17.227,0.158,15,NA,NA,0,16.681,0.125,21,15.759,0.299,21,15.241,0.177,18,NA,NA,0,NA,NA,0
59.857584,0.3,13.661628,0.185,12.508,0.07,46,13.19,0.053,46,NA,NA,0,12.787,0.038,50,12.288,0.21,50,12.039,0.076,49,12.023,0.055,2,NA,NA,0
59.857968,0.766,13.589046,0.513,16.303,0.127,26,17.333,0.286,26,NA,NA,0,16.777,0.118,36,15.923,0.143,36,15.514,0.213,33,NA,NA,0,NA,NA,0
59.859251,0.971,13.82754,0.535,16.34,0.152,24,17.371,0.232,24,NA,NA,0,16.797,0.091,31,16.007,0.122,31,15.575,0.236,27,NA,NA,0,NA,NA,0
59.861725,0.438,14.118537,0.608,17.157,0.054,4,17.806,0.091,4,NA,NA,0,17.531,0.088,11,16.733,0.175,11,16.305,0.249,5,NA,NA,0,NA,NA,0
59.862749,0.225,13.80511,0.116,9.07,0.012,2,9.544,0.028,2,NA,NA,0,9.912,0.352,8,9.484,0.608,3,8.89,0.047,2,8.835,0.062,2,NA,NA,0
59.862861,0.324,14.08293,0.489,NA,NA,0,NA,NA,0,NA,NA,0,18.476,0.272,1,16.872,0.185,1,NA,NA,0,NA,NA,0,NA,NA,0
59.863216,0.936,13.742135,0.235,NA,NA,0,NA,NA,0,NA,NA,0,16.547,0.057,2,15.852,0.224,1,15.433,0.229,1,NA,NA,0,NA,NA,0
59.86516,0.214,13.730887,0.112,9.241,0.026,2,9.403,0.032,2,NA,NA,0,9.881,0.383,7,9.772,0.627,3,9.369,0.032,2,9.439,0.044,2,NA,NA,0
59.865315,0.209,13.596312,0.136,11.704,0.065,50,12.393,0.055,50,NA,NA,0,11.972,0.041,54,11.463,0.195,54,11.21,0.077,53,11.11,0.063,2,NA,NA,0
59.865706,0.593,13.654494,0.346,15.371,0.1,47,16.118,0.134,47,NA,NA,0,15.665,0.062,51,15.152,0.216,51,14.856,0.114,44,NA,NA,0,NA,NA,0
59.87135,0.237,14.040061,0.255,14.287,0.041,27,15.393,0.065,27,NA,NA,0,14.811,0.05,28,13.923,0.231,28,13.49,0.053,28,13.17,0.128,1,NA,NA,0
59.878146,0.376,14.049397,0.29,16.065,0.08,18,17.074,0.122,18,NA,NA,0,16.533,0.072,23,15.702,0.099,22,15.317,0.177,20,NA,NA,0,NA,NA,0
59.880985,0.934,13.806691,0.453,16.259,0.145,22,17.397,0.276,22,NA,NA,0,16.726,0.102,29,15.925,0.232,29,15.523,0.177,25,NA,NA,0,NA,NA,0
59.884494,0.306,14.099944,0.159,14.19,0.04,27,14.948,0.05,27,NA,NA,0,14.545,0.04,28,13.976,0.251,28,13.64,0.067,28,13.208,0.126,1,NA,NA,0
59.886334,0.424,13.796842,0.583,NA,NA,0,NA,NA,0,NA,NA,0,17.96,0.105,6,17.13,0.296,6,NA,NA,0,NA,NA,0,NA,NA,0
59.887069,0.991,13.767714,0.629,16.806,0.149,11,17.62,0.203,11,NA,NA,0,17.308,0.082,19,16.627,0.126,19,16.142,0.125,6,NA,NA,0,NA,NA,0
59.887899,0.296,14.118051,0.215,14.539,0.053,27,15.442,0.068,27,NA,NA,0,14.974,0.063,28,14.276,0.257,28,13.879,0.087,28,NA,NA,0,NA,NA,0
59.890449,0.591,14.010212,0.444,NA,NA,0,NA,NA,0,NA,NA,0,17.778,0.182,7,16.997,0.111,7,16.076,0.008,2,NA,NA,0,NA,NA,0
59.890514,0.629,13.70797,0.343,15.886,0.126,25,17.395,0.19,25,NA,NA,0,16.531,0.108,36,15.284,0.215,36,14.183,0.084,36,NA,NA,0,NA,NA,0
59.898496,0.434,13.927576,0.253,NA,NA,0,NA,NA,0,NA,NA,0,17.857,0.091,10,16.894,0.189,10,16.161,0.187,3,NA,NA,0,NA,NA,0
59.898508,0.348,13.677415,0.184,11.013,0.071,43,11.892,0.06,41,NA,NA,0,11.376,0.042,44,10.742,0.205,46,10.433,0.061,46,10.333,0.065,2,NA,NA,0
59.899597,0.675,13.604863,0.423,NA,NA,0,NA,NA,0,NA,NA,0,18.039,0.164,10,16.63,0.178,10,15.57,0.127,8,NA,NA,0,NA,NA,0
59.900247,0.481,13.612689,0.288,15.018,0.084,48,16.177,0.13,48,NA,NA,0,15.539,0.06,53,14.618,0.2,53,14.132,0.099,51,13.82,0.221,1,NA,NA,0
59.903295,0.328,13.799189,0.456,NA,NA,0,NA,NA,0,NA,NA,0,18.187,0.29,3,17.255,0.235,3,NA,NA,0,NA,NA,0,NA,NA,0
59.906164,0.477,14.073454,0.38,16.251,0.09,16,17.408,0.108,16,NA,NA,0,16.791,0.096,23,15.853,0.091,22,15.38,0.123,20,NA,NA,0,NA,NA,0
59.910915,0.504,13.667436,0.305,14.536,0.081,41,15.336,0.081,41,NA,NA,0,14.876,0.049,42,14.267,0.203,42,13.941,0.079,41,13.496,0.162,1,NA,NA,0
59.913371,0.616,13.615371,0.366,15.503,0.099,47,16.325,0.104,47,NA,NA,0,15.845,0.065,53,15.211,0.244,53,14.81,0.13,45,NA,NA,0,NA,NA,0
59.913899,0.721,13.740342,0.63,16.84,0.175,14,17.682,0.24,14,NA,NA,0,17.208,0.114,18,16.559,0.154,18,16.1,0.296,9,NA,NA,0,NA,NA,0
59.917721,0.568,13.665359,0.261,14.562,0.084,41,15.589,0.08,41,NA,NA,0,15.013,0.049,41,14.179,0.218,41,13.777,0.078,40,13.454,0.159,1,NA,NA,0
59.922796,0.421,13.662902,0.413,NA,NA,0,NA,NA,0,NA,NA,0,17.745,0.05,6,16.955,0.284,6,NA,NA,0,NA,NA,0,NA,NA,0
59.922858,1.495,13.80626,0.331,17.176,0.334,1,17.693,0.36,1,NA,NA,0,17.961,0.2,5,16.911,0.173,4,16.459,0.084,2,NA,NA,0,NA,NA,0
59.923954,0.726,13.742754,0.476,16.665,0.188,8,17.703,0.207,8,NA,NA,0,17.149,0.103,20,16.344,0.097,20,15.978,0.204,15,NA,NA,0,NA,NA,0
59.925363,0.808,14.073861,0.372,NA,NA,0,NA,NA,0,NA,NA,0,18.273,0.159,4,16.568,0.118,4,15.784,0.191,4,NA,NA,0,NA,NA,0
59.929713,0.615,13.711611,0.329,15.059,0.079,39,15.933,0.097,39,NA,NA,0,15.44,0.071,43,14.771,0.204,42,14.409,0.083,41,13.671,0.202,1,NA,NA,0
59.93007,0.912,13.804757,0.481,16.824,0.2,5,17.792,0.368,5,NA,NA,0,17.397,0.105,18,16.605,0.147,18,16.115,0.205,5,NA,NA,0,NA,NA,0
59.931181,0.355,14.066542,0.244,14.697,0.069,27,15.899,0.105,27,NA,NA,0,15.278,0.063,28,14.315,0.244,28,13.791,0.072,28,13.791,0.211,1,NA,NA,0
59.932223,0.258,14.096264,0.3,14.102,0.045,27,15.022,0.05,27,NA,NA,0,14.527,0.041,28,13.843,0.253,28,13.466,0.067,28,13.413,0.153,1,NA,NA,0
59.932547,0.62,13.94668,0.387,17.393,0.189,1,18.179,0.262,1,NA,NA,0,17.954,0.158,8,17.025,0.171,8,16.249,0.217,2,NA,NA,0,NA,NA,0
59.933377,0.559,14.02887,0.439,NA,NA,0,NA,NA,0,NA,NA,0,17.825,0.087,5,17.194,0.201,5,NA,NA,0,NA,NA,0,NA,NA,0
59.934636,0.606,13.627937,0.399,16.815,0.162,7,17.648,0.175,7,NA,NA,0,17.297,0.103,16,16.495,0.104,16,16.001,0.224,5,NA,NA,0,NA,NA,0
59.934729,0.446,13.632742,0.298,14.506,0.073,50,15.644,0.1,50,NA,NA,0,15.026,0.046,54,14.066,0.194,53,13.609,0.081,53,13.293,0.137,1,NA,NA,0
59.93593,0.69,13.650173,0.715,16.772,0.224,1,18.072,0.434,1,NA,NA,0,17.408,0.168,20,16.059,0.196,20,15.209,0.097,16,NA,NA,0,NA,NA,0
59.936409,0.428,13.938602,0.357,15.9,0.086,20,16.867,0.125,20,NA,NA,0,16.349,0.079,26,15.635,0.208,26,15.271,0.11,21,NA,NA,0,NA,NA,0
59.939825,0.461,13.716931,0.328,17.553,0.218,1,18.12,0.249,1,NA,NA,0,17.884,0.176,6,17.103,0.081,5,NA,NA,0,NA,NA,0,NA,NA,0
59.940115,0.578,13.739537,0.413,15.118,0.09,27,15.961,0.102,27,NA,NA,0,15.474,0.06,30,14.807,0.225,29,14.414,0.11,28,NA,NA,0,NA,NA,0
59.942846,0.237,14.029263,0.247,14.854,0.071,27,15.927,0.094,27,NA,NA,0,15.342,0.053,28,14.496,0.252,28,14.038,0.099,28,13.647,0.189,1,NA,NA,0
59.943618,0.405,13.664152,0.189,11.35,0.072,41,12.502,0.062,41,NA,NA,0,11.855,0.04,43,10.963,0.197,45,10.502,0.061,45,10.27,0.055,2,NA,NA,0
59.945821,0.437,14.078166,0.373,16.177,0.107,19,17.14,0.148,19,NA,NA,0,16.625,0.084,22,15.857,0.235,22,15.426,0.136,20,NA,NA,0,NA,NA,0
59.947205,0.549,13.817294,0.316,NA,NA,0,NA,NA,0,NA,NA,0,17.883,0.184,3,17.293,0.085,3,NA,NA,0,NA,NA,0,NA,NA,0
59.948147,0.77,13.676042,0.522,17.474,0.428,1,17.294,0.241,1,NA,NA,0,NA,NA,0,16.765,0.247,1,NA,NA,0,NA,NA,0,NA,NA,0
59.949405,0.772,13.873724,0.367,14.962,0.066,31,16.219,0.233,31,NA,NA,0,15.557,0.109,35,14.541,0.221,35,14.032,0.099,35,13.629,0.183,1,NA,NA,0
59.949933,0.649,13.684939,0.423,15.689,0.095,27,17.017,0.146,27,NA,NA,0,16.363,0.1,38,15.181,0.294,38,14.626,0.081,36,NA,NA,0,NA,NA,0
59.954077,0.345,14.009142,0.336,16.814,0.111,1,18.054,0.242,1,NA,NA,0,17.543,0.13,17,16.244,0.131,16,14.807,0.107,17,NA,NA,0,NA,NA,0
59.958197,0.543,13.943733,0.398,NA,NA,0,NA,NA,0,NA,NA,0,17.883,0.13,6,16.942,0.14,6,16.351,0.142,2,NA,NA,0,NA,NA,0
59.960012,0.593,13.70108,0.32,NA,NA,0,NA,NA,0,NA,NA,0,17.842,0.221,6,17.079,0.183,6,NA,NA,0,NA,NA,0,NA,NA,0
59.960464,0.447,14.043463,0.262,NA,NA,0,NA,NA,0,NA,NA,0,18.247,0.22,1,16.992,0.203,1,NA,NA,0,NA,NA,0,NA,NA,0
59.961356,0.429,13.901635,0.304,16.115,0.094,17,16.963,0.125,17,NA,NA,0,16.48,0.081,21,15.844,0.234,21,15.534,0.171,20,NA,NA,0,NA,NA,0
59.963095,0.317,13.929757,0.324,NA,NA,0,NA,NA,0,NA,NA,0,17.985,0.105,2,17.624,0.029,2,NA,NA,0,NA,NA,0,NA,NA,0
59.96378,0.804,13.799917,0.367,15.127,0.1,39,16.026,0.127,39,NA,NA,0,15.516,0.058,44,14.859,0.205,43,14.524,0.159,42,NA,NA,0,NA,NA,0
59.964234,0.829,13.827292,0.37,15.164,0.097,39,16.117,0.114,39,NA,NA,0,15.586,0.058,42,14.872,0.206,42,14.52,0.104,42,NA,NA,0,NA,NA,0
59.965482,0.537,13.928923,0.038,15.632,0.056,1,16.26,0.064,1,NA,NA,0,NA,NA,0,NA,NA,0,NA,NA,0,NA,NA,0,NA,NA,0
59.966857,0.434,13.918022,0.469,16.58,0.105,15,17.597,0.173,15,NA,NA,0,17.036,0.066,19,16.151,0.098,19,15.66,0.112,17,NA,NA,0,NA,NA,0
59.967756,0.668,13.889349,0.716,17.323,0.248,1,17.891,0.247,1,NA,NA,0,17.792,0.043,2,17.009,0.08,2,NA,NA,0,NA,NA,0,NA,NA,0
59.968978,0.571,13.71152,0.269,13.728,0.077,41,14.415,0.057,41,NA,NA,0,14.014,0.044,44,13.533,0.213,44,13.258,0.077,44,13.058,0.11,1,NA,NA,0
59.970316,0.414,14.017597,0.344,16.363,0.094,15,17.359,0.17,15,NA,NA,0,16.895,0.078,20,15.989,0.277,19,15.548,0.191,19,NA,NA,0,NA,NA,0
59.971036,0.661,13.92534,0.465,17.089,0.192,5,17.89,0.172,5,NA,NA,0,17.473,0.092,14,16.802,0.199,14,16.248,0.035,2,NA,NA,0,NA,NA,0
59.972115,0.803,13.718159,0.459,NA,NA,0,NA,NA,0,NA,NA,0,17.654,0.208,4,16.974,0.221,4,NA,NA,0,NA,NA,0,NA,NA,0
59.972418,0.908,13.670447,0.433,16.283,0.184,25,17.104,0.147,25,NA,NA,0,16.612,0.085,30,16.034,0.101,30,15.8,0.223,24,NA,NA,0,NA,NA,0
59.974169,0.611,13.868789,0.329,16.849,0.291,1,18.146,0.66,1,NA,NA,0,NA,NA,0,NA,NA,0,NA,NA,0,NA,NA,0,NA,NA,0
59.976439,1,13.659245,0.488,16.231,0.091,24,17.2,0.149,24,NA,NA,0,16.675,0.11,31,15.955,0.224,31,15.624,0.189,27,NA,NA,0,NA,NA,0
59.978285,0.567,13.899354,0.45,17.328,0.263,2,18.123,0.127,2,NA,NA,0,17.799,0.085,6,17.056,0.117,6,NA,NA,0,NA,NA,0,NA,NA,0
59.978287,0.302,13.936331,0.357,15.636,0.051,20,16.958,0.123,20,NA,NA,0,16.208,0.081,26,15.239,0.264,26,14.679,0.078,25,NA,NA,0,NA,NA,0
59.981416,0.674,13.823374,0.291,11.461,0.069,43,12.534,0.064,43,NA,NA,0,11.931,0.04,44,11.117,0.208,44,10.697,0.054,46,10.513,0.081,2,NA,NA,0
59.982678,0.376,14.040478,0.292,15.219,0.073,26,16.048,0.077,26,NA,NA,0,15.607,0.054,28,15.004,0.239,28,14.634,0.114,26,NA,NA,0,NA,NA,0
59.98496,0.367,13.910518,0.316,15.705,0.108,25,16.601,0.166,25,NA,NA,0,16.091,0.078,27,15.406,0.265,27,14.927,0.139,24,NA,NA,0,NA,NA,0
59.988995,1.27,13.771663,0.331,NA,NA,0,NA,NA,0,NA,NA,0,18.065,0.208,3,17.133,0.042,3,NA,NA,0,NA,NA,0,NA,NA,0
59.991529,0.98,13.819084,0.633,16.914,0.08,5,17.657,0.203,5,NA,NA,0,17.243,0.106,17,16.436,0.137,17,16.076,0.097,5,NA,NA,0,NA,NA,0
59.997595,0.363,14.049222,0.327,14.722,0.066,26,16.16,0.098,26,NA,NA,0,15.385,0.054,28,14.236,0.24,28,13.638,0.06,28,13.347,0.147,1,NA,NA,0
60.00025,0.42,13.965215,0.352,16.11,0.098,19,16.971,0.084,19,NA,NA,0,16.487,0.073,24,15.877,0.258,24,15.49,0.151,20,NA,NA,0,NA,NA,0
60.000398,0.97,13.864844,0.614,16.423,0.137,25,17.17,0.205,25,NA,NA,0,16.805,0.097,26,16.183,0.15,26,15.795,0.129,21,NA,NA,0,NA,NA,0
60.002758,0.996,13.718376,0.53,16.457,0.13,21,17.351,0.212,21,NA,NA,0,16.888,0.113,25,16.197,0.162,24,15.844,0.165,20,NA,NA,0,NA,NA,0
60.003184,0.646,13.951974,0.511,17.532,0.234,2,18.143,0.04,2,NA,NA,0,17.756,0.153,7,17.062,0.063,7,NA,NA,0,NA,NA,0,NA,NA,0
60.004867,1.113,13.846612,0.521,16.681,0.13,22,17.402,0.184,22,NA,NA,0,17.044,0.122,22,16.448,0.171,22,16.259,0.262,10,NA,NA,0,NA,NA,0
60.006918,0.105,13.920719,0.106,12.883,0.031,27,13.673,0.046,27,NA,NA,0,13.229,0.042,28,12.671,0.247,28,12.345,0.058,28,12.233,0.02,2,NA,NA,0
60.010598,1.194,13.791148,0.515,17.066,0.159,4,17.951,0.181,4,NA,NA,0,17.574,0.156,18,16.509,0.113,17,15.994,0.317,13,NA,NA,0,NA,NA,0
60.012524,0.677,13.732247,0.329,14.706,0.104,41,15.603,0.095,41,NA,NA,0,15.09,0.049,43,14.421,0.23,43,14.064,0.103,43,13.778,0.202,1,NA,NA,0
60.015232,0.901,13.770325,0.387,15.48,0.106,34,16.382,0.13,34,NA,NA,0,15.886,0.086,39,15.258,0.216,39,14.917,0.129,35,NA,NA,0,NA,NA,0
60.016922,0.905,13.834855,0.533,16.077,0.12,28,16.947,0.141,28,NA,NA,0,16.512,0.082,31,15.856,0.227,31,15.474,0.187,26,NA,NA,0,NA,NA,0
60.021202,0.394,13.889002,0.135,NA,NA,0,NA,NA,0,NA,NA,0,17.936,0.155,1,17.519,0.224,1,NA,NA,0,NA,NA,0,NA,NA,0
60.033293,0.522,13.992997,0.372,17.03,0.169,4,17.846,0.131,4,NA,NA,0,17.503,0.131,14,16.836,0.134,14,16.18,0.223,1,NA,NA,0,NA,NA,0
60.038899,0.507,13.809393,0.642,16.975,0.121,4,17.728,0.231,4,NA,NA,0,17.539,0.128,14,16.92,0.136,14,16.529,0.222,1,NA,NA,0,NA,NA,0
60.039116,0.351,13.848547,0.251,17.481,0.535,1,18.614,1.009,1,NA,NA,0,NA,NA,0,NA,NA,0,NA,NA,0,NA,NA,0,NA,NA,0
60.047299,0.997,13.706521,0.822,17.158,0.217,4,17.934,0.295,4,NA,NA,0,17.729,0.175,6,17.211,0.12,6,NA,NA,0,NA,NA,0,NA,NA,0
60.048645,0.615,13.927172,0.509,17.56,0.214,1,18.081,0.246,1,NA,NA,0,18.024,0.037,2,17.382,0.028,2,NA,NA,0,NA,NA,0,NA,NA,0
60.0504,0.861,13.808395,0.487,16.641,0.161,14,17.443,0.256,14,NA,NA,0,17.062,0.118,21,16.438,0.197,21,16.063,0.222,11,NA,NA,0,NA,NA,0
60.054689,0.958,13.76522,0.59,16.555,0.138,12,17.753,0.268,12,NA,NA,0,17.15,0.129,22,16.186,0.088,22,15.817,0.21,19,NA,NA,0,NA,NA,0
60.062294,0.45,13.95755,0.373,16.228,0.102,13,17.5,0.221,13,NA,NA,0,16.858,0.141,23,15.696,0.266,23,15.124,0.133,20,NA,NA,0,NA,NA,0
60.064642,0.354,13.89973,0.241,14.795,0.053,27,15.202,0.056,27,NA,NA,0,14.954,0.041,28,14.794,0.225,28,14.708,0.169,27,NA,NA,0,NA,NA,0
60.067532,0.83,13.843982,0.373,13.392,0.061,40,14.671,0.142,40,NA,NA,0,14.029,0.15,40,12.91,0.211,40,12.424,0.06,39,12.314,0.023,2,NA,NA,0
60.070116,0.851,13.826118,0.37,14.341,0.072,40,15.132,0.114,40,NA,NA,0,14.709,0.106,40,14.154,0.218,40,13.867,0.108,38,14.007,0.234,1,NA,NA,0
60.075039,0.491,13.931409,0.461,16.6,0.13,6,17.769,0.191,6,NA,NA,0,17.267,0.113,17,16.273,0.075,17,15.824,0.158,17,NA,NA,0,NA,NA,0
