radeg,raerr("),decdeg,decerr("),Johnson_V (V),Verr,Vnobs,Johnson_B (B),Berr,Bnobs,Sloan_u (SU),SUerr,SUnobs,Sloan_g (SG),SGerr,SGnobs,Sloan_r (SR),SRerr,SRnobs,Sloan_i (SI),SIerr,SInobs,Sloan_z (SZ),SZerr,SZnobs,PanSTARRS_Y (Y),Yerr,Ynobs
162.836494,0.543,-77.215487,0.53,16.4,0.056,3,17.641,0.125,3,NA,NA,0,17.044,0.076,5,16.064,0.055,5,15.488,0.144,5,NA,NA,0,NA,NA,0
162.863141,0.563,-77.178947,0.603,16.541,0.089,3,17.723,0.111,3,NA,NA,0,17.103,0.052,4,16.029,0.049,3,15.545,0.139,4,NA,NA,0,NA,NA,0
162.879642,0.601,-77.13367,0.362,16.582,0.096,4,17.987,0.101,4,NA,NA,0,17.226,0.086,5,16.181,0.085,5,15.599,0.131,5,NA,NA,0,NA,NA,0
162.89706,0.264,-77.161764,0.147,13.025,0.068,7,14.743,0.019,7,NA,NA,0,13.933,0.016,7,12.398,0.023,7,11.636,0.048,7,11.158,0.069,2,NA,NA,0
162.912462,0.408,-77.181127,0.362,NA,NA,0,NA,NA,0,NA,NA,0,18.592,0.217,3,17.159,0.102,3,16.575,0.149,3,NA,NA,0,NA,NA,0
162.913952,0.508,-77.305395,0.295,16.31,0.083,4,17.509,0.202,4,NA,NA,0,16.935,0.073,5,15.866,0.084,5,15.366,0.075,5,NA,NA,0,NA,NA,0
162.91414,0.418,-77.142391,0.353,NA,NA,0,NA,NA,0,NA,NA,0,18.058,0.12,3,16.885,0.133,3,16.064,0.113,3,NA,NA,0,NA,NA,0
162.91596,0.456,-77.112845,0.328,NA,NA,0,NA,NA,0,NA,NA,0,17.76,0.081,4,16.588,0.104,4,15.672,0.142,3,NA,NA,0,NA,NA,0
162.929629,0.402,-77.241718,0.31,14.29,0.068,6,16.559,0.051,6,NA,NA,0,15.416,0.041,7,13.441,0.026,7,12.304,0.055,7,11.51,0.003,2,NA,NA,0
162.984675,0.814,-77.308027,0.545,NA,NA,0,NA,NA,0,NA,NA,0,17.786,0.097,4,16.363,0.043,3,15.747,0.226,3,NA,NA,0,NA,NA,0
162.991611,0.545,-77.197002,0.409,16.713,0.007,2,18.138,0.038,2,NA,NA,0,17.712,0.135,4,15.996,0.064,4,15.114,0.063,4,NA,NA,0,NA,NA,0
162.997485,0.347,-77.286257,0.222,15.57,0.099,6,16.734,0.121,6,NA,NA,0,16.204,0.063,7,15.154,0.017,7,14.565,0.095,7,NA,NA,0,NA,NA,0
162.998064,0.426,-77.175813,0.202,NA,NA,0,NA,NA,0,NA,NA,0,17.93,0.126,3,16.514,0.116,3,15.792,0.037,3,NA,NA,0,NA,NA,0
163.005722,0.493,-77.16402,0.301,17.44,0.196,1,17.9,0.216,1,NA,NA,0,18.005,0.069,3,16.688,0.024,3,16.034,0.133,3,NA,NA,0,NA,NA,0
163.034097,0.623,-77.293324,0.317,NA,NA,0,NA,NA,0,NA,NA,0,18.647,0.063,2,17.063,0.035,2,16.421,0.169,2,NA,NA,0,NA,NA,0
163.039271,0.404,-77.043694,0.365,16.54,0.13,4,17.66,0.115,4,NA,NA,0,16.988,0.121,6,16.058,0.107,6,15.604,0.077,5,NA,NA,0,NA,NA,0
163.040754,0.463,-77.301912,0.319,14.916,0.057,6,16.066,0.08,6,NA,NA,0,15.537,0.044,7,14.553,0.029,7,14.018,0.042,7,13.011,0.146,1,NA,NA,0
163.055371,0.534,-77.24691,0.212,NA,NA,0,NA,NA,0,NA,NA,0,18.794,0.268,2,16.785,0.107,2,NA,NA,0,NA,NA,0,NA,NA,0
163.063139,0.376,-77.041936,0.266,NA,NA,0,NA,NA,0,NA,NA,0,18.223,0.124,2,16.967,0.075,2,16.366,0.235,2,NA,NA,0,NA,NA,0
163.080689,0.632,-77.36305,0.388,NA,NA,0,NA,NA,0,NA,NA,0,18.334,0.098,2,16.537,0.047,2,15.683,0.066,2,NA,NA,0,NA,NA,0
163.08374,0.282,-77.21745,0.337,NA,NA,0,NA,NA,0,NA,NA,0,18.251,0.182,1,17.382,0.205,1,16.612,0.256,1,NA,NA,0,NA,NA,0
163.096792,0.416,-77.360409,0.17,NA,NA,0,NA,NA,0,NA,NA,0,18.276,0.208,1,16.928,0.126,1,16.142,0.18,1,NA,NA,0,NA,NA,0
163.124905,0.027,-77.134872,0.146,NA,NA,0,NA,NA,0,NA,NA,0,NA,NA,0,17.078,0.144,1,16.684,0.272,1,NA,NA,0,NA,NA,0
163.139905,0.348,-77.049027,0.418,NA,NA,0,NA,NA,0,NA,NA,0,18.23,0.178,1,17.349,0.181,1,16.66,0.274,1,NA,NA,0,NA,NA,0
163.150141,0.472,-77.012737,0.254,15.042,0.072,7,16.36,0.095,7,NA,NA,0,15.73,0.043,7,14.635,0.035,7,13.967,0.064,7,13.601,5.175,1,NA,NA,0
163.158036,0.153,-77.198215,0.293,NA,NA,0,NA,NA,0,NA,NA,0,17.886,0.083,2,16.403,0.092,2,15.246,0.064,2,NA,NA,0,NA,NA,0
163.158393,0.496,-77.313308,0.484,14.612,0.09,6,16.406,0.11,6,NA,NA,0,15.561,0.038,7,13.983,0.029,7,13.094,0.062,7,12.82,0.13,1,NA,NA,0
163.159113,0.34,-77.095992,0.323,NA,NA,0,NA,NA,0,NA,NA,0,17.877,0.122,3,16.595,0.105,3,15.932,0.204,3,NA,NA,0,NA,NA,0
163.167423,0.681,-77.027904,0.342,16.903,0.118,3,18.046,0.191,3,NA,NA,0,17.486,0.153,5,16.719,0.143,5,15.95,0.225,5,NA,NA,0,NA,NA,0
163.173351,0.412,-77.048292,0.32,15.961,0.091,3,17.545,0.192,3,NA,NA,0,16.724,0.081,7,15.336,0.054,7,14.62,0.049,7,NA,NA,0,NA,NA,0
163.176443,0.594,-77.277375,0.274,NA,NA,0,NA,NA,0,NA,NA,0,18.093,0.127,3,16.516,0.111,3,15.71,0.122,3,NA,NA,0,NA,NA,0
163.178126,0.414,-77.184041,0.248,16.058,0.076,4,17.511,0.227,4,NA,NA,0,16.767,0.084,7,15.506,0.035,7,14.797,0.153,7,NA,NA,0,NA,NA,0
163.194284,0.542,-77.338813,0.344,16.519,0.049,2,18.152,0.057,2,NA,NA,0,17.409,0.03,4,15.885,0.037,4,14.956,0.088,4,NA,NA,0,NA,NA,0
163.205875,1.032,-77.091877,0.189,NA,NA,0,NA,NA,0,NA,NA,0,18.043,0.143,2,16.742,0.04,2,15.663,0.116,1,NA,NA,0,NA,NA,0
163.221633,0.547,-77.126916,0.332,17.391,0.179,1,18.184,0.293,1,NA,NA,0,17.881,0.092,4,16.922,0.223,4,16.37,0.177,3,NA,NA,0,NA,NA,0
163.228031,0.37,-77.030963,0.254,15.966,0.036,4,17.522,0.123,4,NA,NA,0,16.603,0.112,7,15.317,0.029,7,14.609,0.092,7,NA,NA,0,NA,NA,0
163.230285,0.324,-77.171274,0.254,15.745,0.065,4,17.639,0.087,4,NA,NA,0,16.716,0.082,6,14.873,0.028,6,13.868,0.062,6,NA,NA,0,NA,NA,0
163.242686,0.541,-77.02734,0.078,NA,NA,0,NA,NA,0,NA,NA,0,18.057,0.143,1,NA,NA,0,16.346,0.197,1,NA,NA,0,NA,NA,0
163.250767,0.45,-77.009176,0.275,15.774,0.04,4,17.553,0.121,4,NA,NA,0,16.588,0.072,6,15.119,0.04,6,14.325,0.057,6,NA,NA,0,NA,NA,0
163.262372,0.317,-77.369211,0.311,15.996,0.062,3,17.363,0.03,3,NA,NA,0,16.718,0.145,6,15.402,0.054,6,14.533,0.1,6,NA,NA,0,NA,NA,0
163.273873,0.024,-77.086617,0.268,NA,NA,0,17.233,0.112,1,NA,NA,0,NA,NA,0,16.583,0.124,1,NA,NA,0,NA,NA,0,NA,NA,0
163.277951,0.495,-77.195161,0.331,NA,NA,0,NA,NA,0,NA,NA,0,18.283,0.24,4,16.889,0.107,4,16.061,0.089,3,NA,NA,0,NA,NA,0
163.28037,0.417,-77.086992,0.457,16.801,0.134,3,18.067,0.06,2,NA,NA,0,17.295,0.162,3,16.23,0.094,2,15.673,0.036,2,NA,NA,0,NA,NA,0
163.288806,0.435,-77.311186,0.405,NA,NA,0,NA,NA,0,NA,NA,0,17.819,0.254,4,16.653,0.084,4,16.08,0.17,1,NA,NA,0,NA,NA,0
163.29196,0.334,-76.985702,0.398,17.205,0.118,2,18.424,0.105,2,NA,NA,0,17.827,0.115,3,16.694,0.039,3,16.047,0.051,3,NA,NA,0,NA,NA,0
163.311102,0.905,-77.13061,0.595,NA,NA,0,NA,NA,0,NA,NA,0,18.28,0.034,2,16.788,0.075,2,15.858,0.138,1,NA,NA,0,NA,NA,0
163.31131,0.484,-77.379601,0.533,NA,NA,0,NA,NA,0,NA,NA,0,18.69,0.202,2,16.977,0.149,1,16.621,0.12,2,NA,NA,0,NA,NA,0
163.331161,0.777,-77.334393,0.401,NA,NA,0,NA,NA,0,NA,NA,0,18.696,0.179,2,16.998,0.145,1,15.941,0,2,NA,NA,0,NA,NA,0
163.331957,0.431,-77.07779,0.323,NA,NA,0,NA,NA,0,NA,NA,0,17.431,0.048,4,15.607,0.046,4,14.557,0.087,4,NA,NA,0,NA,NA,0
163.348834,0.401,-77.357105,0.335,NA,NA,0,NA,NA,0,NA,NA,0,17.786,0.102,3,15.659,0.05,2,14.568,0.062,3,NA,NA,0,NA,NA,0
163.350231,0.383,-76.9902,0.339,17.65,0.25,1,18.106,0.245,1,NA,NA,0,18.129,0.138,4,16.749,0.087,4,16.184,0.183,3,NA,NA,0,NA,NA,0
163.367075,0.349,-77.174148,0.2,NA,NA,0,NA,NA,0,NA,NA,0,17.779,0.087,4,16.062,0.066,4,15.015,0.067,4,NA,NA,0,NA,NA,0
163.375511,0.461,-77.42491,0.307,16.084,0.018,2,17.642,0.017,2,NA,NA,0,16.826,0.063,6,15.355,0.032,6,14.597,0.036,6,NA,NA,0,NA,NA,0
163.377212,0.3,-76.966744,0.299,NA,NA,0,NA,NA,0,NA,NA,0,18.001,0.246,2,17.065,0.082,2,NA,NA,0,NA,NA,0,NA,NA,0
163.388748,0.531,-76.989932,0.285,16.973,0.128,1,18.126,0.268,1,NA,NA,0,17.633,0.063,4,16.736,0.115,4,16.089,0.074,3,NA,NA,0,NA,NA,0
163.394885,0.398,-77.10824,0.38,NA,NA,0,NA,NA,0,NA,NA,0,18.295,0.122,2,16.71,0.067,2,15.72,0.12,1,NA,NA,0,NA,NA,0
163.398271,0.547,-77.245012,0.184,16.356,0.05,2,17.857,0.021,2,NA,NA,0,17.243,0.046,5,15.554,0.023,5,14.593,0.051,5,NA,NA,0,NA,NA,0
163.400053,0.507,-77.009547,0.347,17.059,0.133,1,18.152,0.271,1,NA,NA,0,17.876,0.249,3,16.702,0.039,3,16.229,0.04,3,NA,NA,0,NA,NA,0
163.403865,0.538,-77.40814,0.4,16.093,0.113,4,17.507,0.054,4,NA,NA,0,16.875,0.084,6,15.407,0.066,6,14.648,0.077,6,NA,NA,0,NA,NA,0
163.408172,0.429,-77.379177,0.448,NA,NA,0,NA,NA,0,NA,NA,0,17.899,0.184,4,16.365,0.068,4,15.537,0.126,3,NA,NA,0,NA,NA,0
163.416953,0.326,-76.965906,0.232,12.831,0.061,7,14.067,0.038,7,NA,NA,0,13.483,0.014,7,12.416,0.019,7,11.883,0.051,7,11.598,0.144,2,NA,NA,0
163.43332,0.679,-77.378969,0.523,16.45,0.066,3,17.769,0.072,3,NA,NA,0,17.101,0.1,5,15.81,0.046,5,14.743,0.094,5,NA,NA,0,NA,NA,0
163.436663,0.328,-76.955954,0.228,15.743,0.047,5,16.816,0.055,5,NA,NA,0,16.331,0.042,6,15.39,0.037,6,14.878,0.06,6,NA,NA,0,NA,NA,0
163.438722,0.547,-76.978131,0.266,15.221,0.087,5,16.703,0.067,5,NA,NA,0,16.014,0.055,7,14.718,0.043,7,14.01,0.06,7,14.385,7.303,1,NA,NA,0
163.440162,0.647,-77.284346,0.23,NA,NA,0,NA,NA,0,NA,NA,0,17.858,0.203,4,16.254,0.072,4,15.295,0.129,4,NA,NA,0,NA,NA,0
163.455654,0.569,-77.303101,0.376,14.678,0.091,6,16.33,0.144,6,NA,NA,0,15.508,0.044,7,14.03,0.028,7,13.144,0.05,7,12.612,0.02,2,NA,NA,0
163.45578,0.731,-76.993041,0.272,16.854,0.086,2,18.605,0.018,2,NA,NA,0,17.704,0.041,4,16.384,0.089,4,15.862,0.162,4,NA,NA,0,NA,NA,0
163.45849,0.985,-77.416364,0.529,NA,NA,0,NA,NA,0,NA,NA,0,18.795,0.37,1,16.89,0.138,1,16.662,0.321,1,NA,NA,0,NA,NA,0
163.462659,0.389,-76.970183,0.415,17.097,0.171,1,18,0.303,1,NA,NA,0,17.712,0.106,4,16.498,0.121,4,16.049,0.22,3,NA,NA,0,NA,NA,0
163.464203,0.431,-77.018871,0.264,NA,NA,0,NA,NA,0,NA,NA,0,17.827,0.072,4,16.774,0.13,4,16.312,0.169,3,NA,NA,0,NA,NA,0
163.465424,0.636,-77.386823,0.387,16.995,0.143,1,18.212,0.302,1,NA,NA,0,17.918,0.209,4,16.487,0.097,4,15.831,0.222,4,NA,NA,0,NA,NA,0
163.473771,0.19,-77.222852,0.369,NA,NA,0,NA,NA,0,NA,NA,0,18.357,0.148,4,16.378,0.064,4,15.108,0.098,4,NA,NA,0,NA,NA,0
163.483385,0.376,-77.376529,0.326,15.858,0.044,4,17.237,0.266,4,NA,NA,0,16.549,0.049,4,15.389,0.058,4,14.71,0.028,4,NA,NA,0,NA,NA,0
163.487175,0.39,-77.381719,0.408,16.236,0.013,2,17.825,0.013,2,NA,NA,0,16.924,0.085,7,15.606,0.071,7,14.902,0.102,7,NA,NA,0,NA,NA,0
163.489484,0.356,-77.305619,0.233,15.142,0.078,5,16.514,0.04,5,NA,NA,0,15.887,0.057,7,14.595,0.037,7,13.827,0.084,7,NA,NA,0,NA,NA,0
163.491995,0.36,-77.341629,0.285,14.503,0.076,6,16.829,0.138,6,NA,NA,0,15.656,0.041,7,13.638,0.031,7,12.482,0.054,7,11.866,0.049,1,NA,NA,0
163.4991,0.418,-77.030743,0.374,NA,NA,0,NA,NA,0,NA,NA,0,18.339,0.096,3,17.097,0.161,3,16.433,0.057,2,NA,NA,0,NA,NA,0
163.499801,0.495,-76.973161,0.367,NA,NA,0,NA,NA,0,NA,NA,0,17.783,0.13,4,16.661,0.244,4,16.029,0.073,3,NA,NA,0,NA,NA,0
163.51612,0.647,-77.38697,0.547,NA,NA,0,NA,NA,0,NA,NA,0,17.578,0.081,3,16.548,0.21,3,15.579,0.126,1,NA,NA,0,NA,NA,0
163.522145,0.451,-77.006238,0.199,15.769,0.063,3,17.344,0.031,3,NA,NA,0,16.512,0.036,6,15.231,0.024,6,14.618,0.065,6,NA,NA,0,NA,NA,0
163.527311,0.224,-76.981497,0.24,NA,NA,0,NA,NA,0,NA,NA,0,18.224,0.142,2,16.955,0.016,2,16.324,0.013,2,NA,NA,0,NA,NA,0
163.530736,0.42,-76.955942,0.267,NA,NA,0,NA,NA,0,NA,NA,0,17.861,0.111,3,17.007,0.134,3,16.433,0.209,3,NA,NA,0,NA,NA,0
163.530793,0.442,-77.283545,0.411,16.352,0.052,4,17.8,0.103,4,NA,NA,0,17.067,0.044,4,15.716,0.034,4,14.983,0.135,4,NA,NA,0,NA,NA,0
163.535417,0.838,-77.379223,0.463,16.832,0.121,3,17.883,0.241,3,NA,NA,0,17.575,0.08,4,16.393,0.105,4,15.841,0.18,4,NA,NA,0,NA,NA,0
163.536439,0.481,-77.426647,0.545,16.314,0.046,3,17.66,0.266,3,NA,NA,0,17.028,0.1,5,15.801,0.079,5,15.274,0.063,3,NA,NA,0,NA,NA,0
163.541064,0.451,-77.081408,0.356,NA,NA,0,NA,NA,0,NA,NA,0,18.487,0.291,2,17.154,0.099,2,16.335,0.11,2,NA,NA,0,NA,NA,0
163.551748,0.065,-77.333336,0.176,NA,NA,0,NA,NA,0,NA,NA,0,18.197,0.222,1,17.13,0.171,1,16.749,0.332,1,NA,NA,0,NA,NA,0
163.556448,0.592,-77.403478,0.517,13.913,0.13,7,14.872,0.121,7,NA,NA,0,14.421,0.097,7,13.605,0.071,7,13.125,0.085,7,13.034,0.058,2,NA,NA,0
163.559368,0.351,-77.042139,0.172,NA,NA,0,NA,NA,0,NA,NA,0,17.857,0.131,3,16.231,0.078,3,15.388,0.08,3,NA,NA,0,NA,NA,0
163.566085,0.425,-76.945438,0.261,16.656,0.206,3,17.865,0.177,3,NA,NA,0,17.14,0.05,4,16.09,0.036,4,15.601,0.132,4,NA,NA,0,NA,NA,0
163.568607,0.493,-77.092222,0.339,16.92,0.126,1,18.296,0.33,1,NA,NA,0,17.642,0.298,4,16.426,0.098,4,15.627,0.115,4,NA,NA,0,NA,NA,0
163.571737,0.464,-76.989862,0.189,NA,NA,0,NA,NA,0,NA,NA,0,18.216,0.143,2,17.076,0.013,2,16.4,0.017,2,NA,NA,0,NA,NA,0
163.574998,0.4,-77.019984,0.185,NA,NA,0,NA,NA,0,NA,NA,0,17.913,0.096,4,16.796,0.192,4,16.165,0.14,3,NA,NA,0,NA,NA,0
163.580365,0.128,-77.026014,0.203,NA,NA,0,NA,NA,0,NA,NA,0,18.571,0.249,1,17.128,0.153,1,NA,NA,0,NA,NA,0,NA,NA,0
163.580461,0.589,-76.957017,0.473,17.113,0.042,2,17.982,0.477,2,NA,NA,0,17.689,0.1,4,16.744,0.073,4,16.137,0.079,3,NA,NA,0,NA,NA,0
163.583534,0.582,-77.339365,0.529,NA,NA,0,NA,NA,0,NA,NA,0,18.359,0.064,2,16.987,0.029,2,16.383,0.212,1,NA,NA,0,NA,NA,0
163.595584,0.598,-77.039215,0.336,17.041,0.024,2,18.026,0.432,2,NA,NA,0,17.794,0.112,4,16.583,0.118,4,15.869,0.171,3,NA,NA,0,NA,NA,0
163.601134,0.582,-77.397229,0.451,14.686,0.02,4,16.664,0.054,4,NA,NA,0,15.667,0.055,7,13.831,0.038,7,12.843,0.077,7,12.309,0.046,2,NA,NA,0
163.601398,0.725,-77.10018,0.355,NA,NA,0,NA,NA,0,NA,NA,0,19.095,0.435,1,17.404,0.197,1,16.998,0.391,1,NA,NA,0,NA,NA,0
163.604717,0.453,-77.07643,0.206,15.644,0.097,5,16.686,0.089,5,NA,NA,0,16.278,0.121,6,15.266,0.03,6,14.738,0.046,6,NA,NA,0,NA,NA,0
163.610956,0.452,-77.059997,0.236,16.547,0.022,3,17.628,0.156,3,NA,NA,0,17.27,0.039,4,16.124,0.068,4,15.451,0.054,4,NA,NA,0,NA,NA,0
163.61634,0.304,-76.995489,0.447,17,0.129,1,18.284,0.276,1,NA,NA,0,17.728,0.123,4,16.786,0.16,4,16.323,0.12,3,NA,NA,0,NA,NA,0
163.627047,0.482,-77.422717,0.334,NA,NA,0,NA,NA,0,NA,NA,0,17.977,0.086,3,16.427,0.075,3,15.624,0.008,2,NA,NA,0,NA,NA,0
163.631284,0.875,-77.170288,0.293,16.808,0.108,1,18.357,0.307,1,NA,NA,0,17.673,0.462,4,16.377,0.03,3,15.374,0.105,4,NA,NA,0,NA,NA,0
163.633723,0.46,-77.404551,0.408,NA,NA,0,NA,NA,0,NA,NA,0,17.38,0.075,4,15.705,0.055,4,14.859,0.049,4,NA,NA,0,NA,NA,0
163.637168,0.457,-77.362335,0.523,13.687,0.079,7,14.809,0.068,7,NA,NA,0,14.292,0.023,7,13.313,0.028,7,12.762,0.063,7,12.461,0.115,2,NA,NA,0
163.638363,0.24,-76.936775,0.279,15.64,0.035,4,17.278,0.136,4,NA,NA,0,16.359,0.106,7,15.15,0.06,7,14.607,0.091,7,NA,NA,0,NA,NA,0
163.643015,0.337,-76.948548,0.364,15.377,0.054,6,16.427,0.088,6,NA,NA,0,15.91,0.062,7,15.134,0.021,7,14.714,0.13,7,NA,NA,0,NA,NA,0
163.649501,0.51,-77.033144,0.247,14.26,0.07,7,15.202,0.076,7,NA,NA,0,14.792,0.035,7,13.932,0.025,7,13.514,0.057,7,13.293,0.124,2,NA,NA,0
163.65555,0.412,-77.038372,0.237,NA,NA,0,NA,NA,0,NA,NA,0,18.128,0.107,2,16.823,0.062,2,15.892,0.012,2,NA,NA,0,NA,NA,0
163.657983,0.458,-77.385116,0.395,15.402,0.039,4,17.384,0.126,4,NA,NA,0,16.434,0.078,7,14.554,0.066,7,13.494,0.07,7,13.061,0.144,1,NA,NA,0
163.663347,0.646,-77.458313,0.533,16.947,0.15,1,17.927,0.333,1,NA,NA,0,17.6,0.238,3,16.558,0.108,3,15.798,0.135,2,NA,NA,0,NA,NA,0
163.665743,0.506,-77.237531,0.309,15.505,0.064,4,17.546,0.161,4,NA,NA,0,16.636,0.063,6,14.467,0.033,6,13.115,0.063,6,12.358,0.079,1,NA,NA,0
163.666421,0.625,-77.347223,0.564,13.463,0.078,7,14.627,0.065,7,NA,NA,0,14.102,0.023,7,13.052,0.037,7,12.491,0.063,7,12.258,0.105,2,NA,NA,0
163.676414,0.436,-77.394328,0.353,15.459,0.087,6,16.518,0.099,6,NA,NA,0,15.988,0.069,7,15.163,0.033,7,14.686,0.118,7,NA,NA,0,NA,NA,0
163.681767,0.464,-77.257896,0.247,NA,NA,0,NA,NA,0,NA,NA,0,18.063,0.147,4,15.971,0.029,4,14.781,0.035,4,NA,NA,0,NA,NA,0
163.682769,0.577,-76.928301,0.46,16.631,0.052,2,17.853,0.046,2,NA,NA,0,17.137,0.139,5,16.164,0.06,5,15.491,0.086,4,NA,NA,0,NA,NA,0
163.684974,0.027,-76.970458,0.167,NA,NA,0,NA,NA,0,NA,NA,0,18.314,0.19,1,17.296,0.18,1,NA,NA,0,NA,NA,0,NA,NA,0
163.688401,0.347,-77.034212,0.259,NA,NA,0,NA,NA,0,NA,NA,0,18.211,0.007,2,17.031,0.059,2,16.248,0.026,2,NA,NA,0,NA,NA,0
163.690873,0.467,-77.022157,0.239,16.332,0.092,4,17.828,0.181,4,NA,NA,0,17.123,0.027,5,15.71,0.088,5,14.999,0.062,5,NA,NA,0,NA,NA,0
163.692709,0.374,-77.027885,0.372,17.116,0.039,3,17.987,0.104,4,NA,NA,0,17.545,0.01,4,16.634,0.219,4,16.134,0.054,3,NA,NA,0,NA,NA,0
163.693737,0.674,-77.372262,0.526,14.43,0.074,7,15.449,0.101,7,NA,NA,0,14.99,0.048,7,14.113,0.029,7,13.621,0.07,7,13.492,0.205,1,NA,NA,0
163.69681,1.145,-76.948233,0.354,16.449,0.083,1,17.706,0.17,1,NA,NA,0,17.098,0.063,1,16.058,0.081,1,NA,NA,0,NA,NA,0,NA,NA,0
163.712422,0.279,-77.071307,0.345,15.421,0.083,5,16.606,0.123,5,NA,NA,0,16.016,0.039,7,15.032,0.083,7,14.412,0.045,7,NA,NA,0,NA,NA,0
163.713587,0.268,-76.936378,0.298,NA,NA,0,NA,NA,0,NA,NA,0,18.288,0.186,1,17.349,0.211,1,NA,NA,0,NA,NA,0,NA,NA,0
163.716509,0.365,-76.969987,0.231,NA,NA,0,NA,NA,0,NA,NA,0,17.404,0.039,3,15.631,0.022,3,14.909,0.066,3,NA,NA,0,NA,NA,0
163.719708,0.543,-77.368847,0.507,16.607,0.133,1,18.294,0.392,1,NA,NA,0,18.055,0.194,3,16.261,0.149,3,15.476,0.107,3,NA,NA,0,NA,NA,0
163.7221,0.339,-76.966107,0.21,15.593,0.107,6,16.479,0.111,6,NA,NA,0,16.14,0.062,6,15.319,0.096,6,14.864,0.101,6,NA,NA,0,NA,NA,0
163.725303,0.431,-77.031572,0.24,NA,NA,0,NA,NA,0,NA,NA,0,18.091,0.247,2,16.894,0.023,2,16.22,0.195,1,NA,NA,0,NA,NA,0
163.731346,0.446,-77.065134,0.237,16.397,0.064,3,17.781,0.12,3,NA,NA,0,17.176,0.118,6,15.772,0.07,6,15.006,0.058,6,NA,NA,0,NA,NA,0
163.732253,0.352,-77.049727,0.322,16.863,0.159,2,18.044,0.078,2,NA,NA,0,17.479,0.067,3,16.27,0.081,3,15.718,0.089,3,NA,NA,0,NA,NA,0
163.74547,0.623,-77.036243,0.514,17.292,0.173,1,17.966,0.21,1,NA,NA,0,17.885,0.079,3,16.646,0.031,3,16.039,0.28,2,NA,NA,0,NA,NA,0
163.746516,0.331,-77.388224,0.33,NA,NA,0,NA,NA,0,NA,NA,0,17.252,0.115,4,15.714,0.007,4,14.943,0.055,4,NA,NA,0,NA,NA,0
163.746717,0.507,-77.041573,0.38,13.674,0.074,6,14.6,0.037,6,NA,NA,0,14.177,0.012,6,13.356,0.019,6,12.897,0.053,6,12.594,0.21,2,NA,NA,0
163.751168,0.34,-77.42954,0.343,16.06,0.059,3,17.245,0.071,3,NA,NA,0,16.681,0.07,5,15.528,0.083,5,14.793,0.073,5,NA,NA,0,NA,NA,0
163.753412,0.498,-76.92438,0.568,16.131,0.034,3,17.1,0.12,3,NA,NA,0,16.655,0.068,3,15.765,0.101,3,15.406,0.058,3,NA,NA,0,NA,NA,0
163.769875,0.636,-77.466313,0.548,15.83,0.117,4,17.074,0.275,4,NA,NA,0,16.59,0.127,6,15.346,0.041,6,14.732,0.01,6,NA,NA,0,NA,NA,0
163.769947,0.547,-77.306603,0.423,16.381,0.095,3,17.706,0.358,3,NA,NA,0,17.022,0.057,6,15.81,0.078,6,15.222,0.088,6,NA,NA,0,NA,NA,0
163.770942,0.605,-77.416943,0.686,16.555,0.094,1,17.781,0.19,1,NA,NA,0,17.565,0.071,2,16.456,0.123,2,15.734,0.113,2,NA,NA,0,NA,NA,0
163.772236,0.435,-76.998677,0.343,NA,NA,0,NA,NA,0,NA,NA,0,17.394,0.035,2,16.021,0.087,2,15.43,0.104,2,NA,NA,0,NA,NA,0
163.777765,0.093,-77.286518,0.237,NA,NA,0,NA,NA,0,NA,NA,0,NA,NA,0,17,0.151,1,16.029,0.173,1,NA,NA,0,NA,NA,0
163.782388,0.534,-77.448705,0.475,16.155,0.138,3,17.254,0.123,3,NA,NA,0,16.771,0.126,7,15.541,0.068,7,14.928,0.066,7,NA,NA,0,NA,NA,0
163.787864,0.707,-77.333459,0.435,NA,NA,0,NA,NA,0,NA,NA,0,17.598,0.146,3,16.516,0.021,3,16.09,0.053,3,NA,NA,0,NA,NA,0
163.801863,0.426,-77.314622,0.391,16.099,0.007,3,17.523,0.081,3,NA,NA,0,16.848,0.079,5,15.557,0.083,5,14.942,0.116,5,NA,NA,0,NA,NA,0
163.805428,0.471,-77.429258,0.38,15.455,0.067,4,16.799,0.194,4,NA,NA,0,16.254,0.056,6,14.912,0.069,6,14.254,0.044,6,NA,NA,0,NA,NA,0
163.806621,0.747,-77.462804,0.83,NA,NA,0,NA,NA,0,NA,NA,0,18.69,0.433,1,17.365,0.233,1,NA,NA,0,NA,NA,0,NA,NA,0
163.807247,0.417,-76.954127,0.305,16.438,0.056,3,17.915,0.166,3,NA,NA,0,17.087,0.064,3,16.005,0.019,3,15.383,0.016,2,NA,NA,0,NA,NA,0
163.811901,0.55,-76.989377,0.328,14.726,0.068,6,16.149,0.102,6,NA,NA,0,15.476,0.033,6,14.218,0.023,6,13.546,0.076,6,13.157,0.163,2,NA,NA,0
163.818535,0.472,-76.994657,0.293,14.404,0.081,6,16.23,0.106,6,NA,NA,0,15.296,0.021,6,13.745,0.017,6,12.917,0.061,6,12.384,0.179,2,NA,NA,0
163.823665,0.583,-77.00356,0.419,NA,NA,0,NA,NA,0,NA,NA,0,17.402,0.037,3,16.467,0.089,3,16.15,0.259,3,NA,NA,0,NA,NA,0
163.829106,0.251,-77.057643,0.3,15.616,0.087,4,17.193,0.286,4,NA,NA,0,16.484,0.051,5,15.015,0.027,5,14.127,0.088,5,NA,NA,0,NA,NA,0
163.830437,0.607,-77.011721,0.015,NA,NA,0,NA,NA,0,NA,NA,0,18.473,0.204,1,17.376,0.201,1,NA,NA,0,NA,NA,0,NA,NA,0
163.841371,0.538,-77.342369,0.394,14.526,0.074,7,15.612,0.093,7,NA,NA,0,15.131,0.05,7,14.144,0.029,7,13.56,0.081,7,13.531,0.239,1,NA,NA,0
163.85059,0.36,-76.919188,0.329,16.542,0.074,3,17.526,0.098,3,NA,NA,0,16.914,0.098,4,16.18,0.089,4,15.704,0.065,4,NA,NA,0,NA,NA,0
163.855316,0.579,-77.291017,0.392,15.102,0.076,6,16.746,0.171,6,NA,NA,0,16.01,0.04,7,14.443,0.036,7,13.61,0.092,7,13.413,0.197,1,NA,NA,0
163.867394,0.333,-77.080879,0.376,NA,NA,0,NA,NA,0,NA,NA,0,18.106,0.09,2,17.025,0.056,2,16.443,0.028,2,NA,NA,0,NA,NA,0
163.868411,0.372,-77.428773,0.275,NA,NA,0,NA,NA,0,NA,NA,0,18.412,0.303,1,NA,NA,0,16.709,0.401,1,NA,NA,0,NA,NA,0
163.869385,0.625,-77.389427,0.362,16.645,0.048,2,17.762,0.29,2,NA,NA,0,17.438,0.165,3,16.151,0.079,3,15.51,0.111,3,NA,NA,0,NA,NA,0
163.875785,0.109,-76.943778,0.026,NA,NA,0,NA,NA,0,NA,NA,0,17.848,0.173,1,17.25,0.172,1,16.239,0.189,1,NA,NA,0,NA,NA,0
163.880351,0.44,-76.963486,0.245,14.894,0.045,5,15.821,0.082,5,NA,NA,0,15.42,0.048,6,14.608,0.031,6,14.278,0.068,6,NA,NA,0,NA,NA,0
163.881354,0.526,-76.953255,0.331,17.162,0.155,1,18.226,0.255,1,NA,NA,0,17.51,0.097,2,16.661,0.118,2,16.634,0.137,2,NA,NA,0,NA,NA,0
163.888526,0.233,-77.008708,0.145,13.946,0.076,6,15.547,0.067,6,NA,NA,0,14.784,0.012,6,13.34,0.031,6,12.568,0.054,6,12.202,0.063,1,NA,NA,0
163.895367,0.384,-77.347252,0.273,15.022,0.107,4,16.941,0.107,4,NA,NA,0,16.077,0.067,7,14.228,0.04,7,13.246,0.059,7,13.014,0.167,1,NA,NA,0
163.899404,0.426,-77.333683,0.338,15.698,0.024,4,17.402,0.215,4,NA,NA,0,16.605,0.055,6,15.098,0.042,6,14.352,0.049,6,NA,NA,0,NA,NA,0
163.909872,0.996,-77.466434,0.232,NA,NA,0,NA,NA,0,NA,NA,0,18.503,0.385,1,17.444,0.231,1,NA,NA,0,NA,NA,0,NA,NA,0
163.910248,0.326,-77.439929,0.415,15.303,0.064,3,17.027,0.017,3,NA,NA,0,16.187,0.043,5,14.733,0.051,5,14.048,0.107,5,NA,NA,0,NA,NA,0
163.914539,0.453,-77.302365,0.542,NA,NA,0,NA,NA,0,NA,NA,0,18.3,0.187,1,17.335,0.195,1,16.548,0.261,1,NA,NA,0,NA,NA,0
163.916078,0.453,-76.973493,0.294,16.052,0.074,3,17.083,0.068,3,NA,NA,0,16.589,0.185,5,15.825,0.126,5,15.384,0.167,5,NA,NA,0,NA,NA,0
163.923305,0.285,-76.987973,0.229,17.136,0.157,1,18.324,0.304,1,NA,NA,0,17.635,0.094,2,16.899,0.141,1,NA,NA,0,NA,NA,0,NA,NA,0
163.924485,0.391,-77.345556,0.513,NA,NA,0,NA,NA,0,NA,NA,0,18.438,0.187,2,16.728,0.069,2,16.065,0.145,2,NA,NA,0,NA,NA,0
163.925358,0.474,-76.909415,0.465,NA,NA,0,NA,NA,0,NA,NA,0,17.927,0.043,2,16.683,0.144,2,15.912,0.138,1,NA,NA,0,NA,NA,0
163.929176,0.469,-76.997928,0.593,14.811,0.071,5,16.329,0.072,5,NA,NA,0,15.613,0.044,5,14.305,0.023,4,13.714,0.092,3,13.412,0.18,1,NA,NA,0
163.938582,0.411,-77.317102,0.325,NA,NA,0,NA,NA,0,NA,NA,0,18.023,0.077,2,16.167,0.017,2,15.291,0.163,2,NA,NA,0,NA,NA,0
163.940952,0.338,-77.022079,0.251,14.269,0.085,4,16.424,0.079,4,NA,NA,0,15.383,0.041,5,13.502,0.027,5,12.467,0.061,5,11.819,0.047,1,NA,NA,0
163.941503,0.403,-77.273085,0.353,16.371,0.09,1,18.02,0.206,1,NA,NA,0,17.142,0.048,3,15.724,0.058,3,14.762,0.135,3,NA,NA,0,NA,NA,0
163.944515,0.525,-77.233298,0.248,16.561,0.088,1,17.961,0.216,1,NA,NA,0,17.256,0.167,4,15.711,0.071,4,14.77,0.109,4,NA,NA,0,NA,NA,0
163.947799,0.678,-77.324544,0.302,16.593,0.137,2,17.345,0.037,2,NA,NA,0,17.037,0.1,5,16.102,0.059,5,15.548,0.159,5,NA,NA,0,NA,NA,0
163.949532,0.275,-76.971626,0.174,12.596,0.074,5,13.366,0.039,5,NA,NA,0,12.999,0.011,5,12.383,0.024,5,12.111,0.065,5,12.131,0.056,1,NA,NA,0
163.951384,0.42,-76.982122,0.664,16.518,0.091,1,17.888,0.2,1,NA,NA,0,17.089,0.042,3,16.134,0.058,3,15.589,0.087,3,NA,NA,0,NA,NA,0
163.951716,0.684,-77.033869,0.31,NA,NA,0,NA,NA,0,NA,NA,0,17.708,0.008,2,16.331,0.082,1,15.729,0.126,1,NA,NA,0,NA,NA,0
163.965501,0.481,-77.019039,0.116,NA,NA,0,NA,NA,0,NA,NA,0,17.493,0.089,1,16.325,0.075,1,15.805,0.127,1,NA,NA,0,NA,NA,0
163.969548,0.422,-77.043748,0.275,NA,NA,0,NA,NA,0,NA,NA,0,18.044,0.043,2,16.708,0.01,2,15.926,0.136,1,NA,NA,0,NA,NA,0
163.970652,0.618,-77.070549,0.343,NA,NA,0,NA,NA,0,NA,NA,0,18.272,0.024,2,16.933,0.127,1,16.061,0.154,1,NA,NA,0,NA,NA,0
163.973639,0.556,-77.390226,0.415,16.849,0.169,1,17.736,0.264,1,NA,NA,0,17.774,0.099,2,16.437,0.129,2,NA,NA,0,NA,NA,0,NA,NA,0
163.985015,0.612,-77.028198,0.344,NA,NA,0,NA,NA,0,NA,NA,0,17.925,0.041,2,16.607,0.016,2,15.829,0.009,2,NA,NA,0,NA,NA,0
163.995438,0.251,-77.464998,0.451,14.665,0.079,6,16.063,0.123,6,NA,NA,0,15.368,0.035,6,14.174,0.038,6,13.61,0.067,6,13.226,0.187,1,NA,NA,0
163.996875,0.424,-77.305702,0.346,14.873,0.087,5,16.776,0.19,5,NA,NA,0,15.95,0.024,6,14.098,0.034,6,13.163,0.084,6,12.795,0.12,1,NA,NA,0
163.998026,0.519,-77.411045,0.366,14.829,0.446,6,16.228,0.522,6,NA,NA,0,15.737,0.565,5,14.068,0.469,5,13.079,0.344,5,12.546,0.102,1,NA,NA,0
164.010458,0.357,-76.963641,0.317,14.769,0.066,4,15.852,0.065,4,NA,NA,0,15.322,0.043,5,14.457,0.023,5,14.05,0.114,5,NA,NA,0,NA,NA,0
164.010486,0.346,-77.379545,0.4,NA,NA,0,NA,NA,0,NA,NA,0,18.354,0.168,2,17.119,0.076,2,16.638,0.352,1,NA,NA,0,NA,NA,0
164.031536,0.302,-77.432001,0.243,NA,NA,0,NA,NA,0,NA,NA,0,17.858,0.279,2,16.388,0.006,2,15.714,0.018,2,NA,NA,0,NA,NA,0
164.03803,0.487,-77.456557,0.327,13.949,0.042,5,16.197,0.043,5,NA,NA,0,15.115,0.058,6,13.101,0.049,6,11.79,0.045,6,11.284,0.034,1,NA,NA,0
164.0469,0.483,-76.905858,0.367,16.268,0.061,2,17.133,0.066,2,NA,NA,0,16.711,0.112,5,15.851,0.126,4,15.453,0.127,5,NA,NA,0,NA,NA,0
164.047029,0.328,-77.235834,0.46,NA,NA,0,NA,NA,0,NA,NA,0,18.792,0.27,1,17.253,0.181,1,15.911,0.141,1,NA,NA,0,NA,NA,0
164.053,0.345,-77.391329,0.293,14.807,0.071,4,16.617,0.032,4,NA,NA,0,15.703,0.019,5,14.131,0.034,5,13.298,0.072,5,12.714,0.123,1,NA,NA,0
164.062919,0.361,-76.9261,0.325,NA,NA,0,NA,NA,0,NA,NA,0,17.724,0.109,1,16.962,0.129,1,15.975,0.139,1,NA,NA,0,NA,NA,0
164.064646,0.959,-77.473732,0.176,NA,NA,0,NA,NA,0,NA,NA,0,17.955,0.136,1,16.709,0.11,1,16.338,0.202,1,NA,NA,0,NA,NA,0
164.07122,0.615,-77.348573,0.289,16.683,0.099,1,18.046,0.231,1,NA,NA,0,17.344,0.138,3,16.038,0.003,3,15.575,0.022,3,NA,NA,0,NA,NA,0
164.074603,0.767,-76.997163,0.471,NA,NA,0,NA,NA,0,NA,NA,0,18.122,0.151,1,17.056,0.15,1,NA,NA,0,NA,NA,0,NA,NA,0
164.087523,0.465,-76.927195,0.216,16.522,0.012,2,17.463,0.073,2,NA,NA,0,17.063,0.038,3,16.24,0.078,3,15.618,0.014,2,NA,NA,0,NA,NA,0
164.091587,0.445,-77.375248,0.433,16.453,0.079,1,17.825,0.204,1,NA,NA,0,17.162,0.014,2,16.062,0.153,2,15.446,0.211,2,NA,NA,0,NA,NA,0
164.102144,0.435,-76.982377,0.307,NA,NA,0,NA,NA,0,NA,NA,0,18.072,0.146,1,17.172,0.164,1,NA,NA,0,NA,NA,0,NA,NA,0
164.103116,0.429,-76.999334,0.272,15.061,0.098,5,16.077,0.139,5,NA,NA,0,15.558,0.026,5,14.798,0.052,5,14.378,0.12,5,13.68,0.243,1,NA,NA,0
164.109236,0.566,-77.41838,0.298,16.465,0.113,3,17.18,0.261,3,NA,NA,0,16.992,0.109,3,16.046,0.057,3,15.522,0.213,3,NA,NA,0,NA,NA,0
164.118282,0.246,-77.292018,0.159,14.254,0.068,5,15.961,0.108,5,NA,NA,0,15.181,0.018,5,13.627,0.036,5,12.789,0.072,5,12.24,0.072,1,NA,NA,0
164.124141,0.375,-77.000129,0.204,NA,NA,0,NA,NA,0,NA,NA,0,17.511,0.092,1,16.541,0.099,1,15.871,0.128,1,NA,NA,0,NA,NA,0
164.126553,0.157,-77.194284,0.133,13.329,0.19,5,14.661,0.157,5,NA,NA,0,14.044,0.149,5,12.767,0.134,5,12.036,0.139,5,11.679,0.041,1,NA,NA,0
164.13374,0.453,-77.444729,0.529,16.41,0.006,2,17.893,0.159,2,NA,NA,0,17.351,0.074,2,15.932,0.068,1,15.004,0.103,2,NA,NA,0,NA,NA,0
164.144895,0.551,-76.976521,0.487,NA,NA,0,NA,NA,0,NA,NA,0,18.038,0.081,2,16.904,0.138,2,16.408,0.218,1,NA,NA,0,NA,NA,0
164.146017,0.194,-76.936953,0.173,NA,NA,0,NA,NA,0,NA,NA,0,18.143,0.162,1,17.056,0.147,1,NA,NA,0,NA,NA,0,NA,NA,0
164.149157,0.455,-77.419105,0.162,NA,NA,0,NA,NA,0,NA,NA,0,17.639,0.071,2,15.993,0.002,2,15.198,0.103,2,NA,NA,0,NA,NA,0
164.149952,0.493,-77.389722,0.348,16.472,0.082,1,17.913,0.206,1,NA,NA,0,17.149,0.13,3,16.098,0.086,3,15.484,0.104,3,NA,NA,0,NA,NA,0
164.160171,0.686,-77.350075,0.279,NA,NA,0,NA,NA,0,NA,NA,0,18.589,0.225,1,16.387,0.086,1,15.771,0.125,1,NA,NA,0,NA,NA,0
164.161077,0.422,-77.173646,0.245,16.024,0.087,2,17.324,0.114,2,NA,NA,0,16.562,0.168,4,15.417,0.027,4,14.754,0.104,4,NA,NA,0,NA,NA,0
164.161406,0.441,-77.397163,0.32,16.09,0.004,2,17.489,0.122,2,NA,NA,0,16.824,0.175,5,15.563,0.095,5,14.98,0.048,5,NA,NA,0,NA,NA,0
164.165272,0.237,-76.930485,0.191,13.834,0.075,5,15.719,0.021,5,NA,NA,0,14.805,0.01,5,13.164,0.026,5,12.341,0.072,5,11.963,0.052,1,NA,NA,0
164.167132,0.622,-77.009768,0.544,15.689,0.124,3,17.087,0.175,3,NA,NA,0,16.424,0.037,3,15.179,0.048,3,14.54,0.11,3,NA,NA,0,NA,NA,0
164.169386,0.566,-77.475854,0.245,NA,NA,0,NA,NA,0,NA,NA,0,18.401,0.193,1,16.709,0.113,1,16.002,0.15,1,NA,NA,0,NA,NA,0
164.169521,0.526,-76.958351,0.356,16.494,0.083,1,17.46,0.133,1,NA,NA,0,16.905,0.165,5,15.992,0.089,5,15.798,0.381,4,NA,NA,0,NA,NA,0
164.171516,0.496,-76.920821,0.129,NA,NA,0,NA,NA,0,NA,NA,0,17.394,0.03,2,16.509,0.015,2,16.122,0.157,1,NA,NA,0,NA,NA,0
164.171836,0.354,-77.229386,0.282,16.052,0.014,2,17.078,0.058,2,NA,NA,0,16.533,0.071,4,15.509,0.025,4,14.998,0.14,4,NA,NA,0,NA,NA,0
164.18147,0.718,-77.244039,0.236,17.057,0.137,1,17.984,0.209,1,NA,NA,0,17.704,0.031,2,16.341,0.065,2,15.646,0.085,2,NA,NA,0,NA,NA,0
164.183582,0.848,-77.369149,0.137,17.48,0.197,1,18.407,0.343,1,NA,NA,0,18.363,0.194,1,16.989,0.137,1,NA,NA,0,NA,NA,0,NA,NA,0
164.188679,0.169,-77.190375,0.176,15.638,0.096,2,16.88,0.005,2,NA,NA,0,16.309,0.045,3,15.111,0.061,3,14.517,0.084,3,NA,NA,0,NA,NA,0
164.190682,0.315,-76.925641,0.212,15.931,0.034,2,17.061,0.128,2,NA,NA,0,16.414,0.071,5,15.443,0.065,5,14.978,0.029,5,NA,NA,0,NA,NA,0
164.193538,0.33,-77.474319,0.236,16.892,0.123,1,17.71,0.18,1,NA,NA,0,17.425,0.082,1,16.296,0.075,1,15.882,0.129,1,NA,NA,0,NA,NA,0
164.202519,0.804,-76.951411,0.134,NA,NA,0,NA,NA,0,NA,NA,0,18.05,0.263,2,17.324,0.165,2,NA,NA,0,NA,NA,0,NA,NA,0
164.207647,0.688,-76.96971,0.504,NA,NA,0,NA,NA,0,NA,NA,0,17.796,0.026,2,16.56,0.027,2,NA,NA,0,NA,NA,0,NA,NA,0
164.208805,0.635,-77.320682,0.286,NA,NA,0,NA,NA,0,NA,NA,0,17.852,0.118,1,16.437,0.088,1,15.801,0.128,1,NA,NA,0,NA,NA,0
164.209416,0.461,-77.248083,0.268,15.914,0.068,1,17.694,0.168,1,NA,NA,0,16.859,0.085,4,15.384,0.031,4,14.526,0.145,4,NA,NA,0,NA,NA,0
164.214275,0.576,-76.909639,0.269,NA,NA,0,NA,NA,0,NA,NA,0,18,0.132,1,16.804,0.114,1,16.24,0.179,1,NA,NA,0,NA,NA,0
164.216029,0.403,-77.166,0.248,16.124,0.024,2,17.544,0.208,2,NA,NA,0,16.801,0.208,5,15.547,0.046,5,14.741,0.133,5,NA,NA,0,NA,NA,0
164.217455,0.402,-77.30691,0.219,16.274,0.088,1,18.031,0.221,1,NA,NA,0,17.107,0.097,3,15.567,0.042,3,14.612,0.114,3,NA,NA,0,NA,NA,0
164.222703,0.485,-77.001578,0.328,16.51,0.03,2,17.787,0.107,2,NA,NA,0,17.05,0.048,3,16.22,0.143,3,15.646,0.089,3,NA,NA,0,NA,NA,0
164.225191,0.079,-76.996026,0.314,NA,NA,0,NA,NA,0,NA,NA,0,18.118,0.151,1,17.075,0.148,1,NA,NA,0,NA,NA,0,NA,NA,0
164.225752,0.261,-77.194104,0.274,NA,NA,0,NA,NA,0,NA,NA,0,17.688,0.122,2,16.592,0.05,2,15.992,0.148,1,NA,NA,0,NA,NA,0
164.23069,0.296,-77.449467,0.336,15.572,0.094,3,17.053,0.268,3,NA,NA,0,16.471,0.18,5,14.903,0.041,5,14.134,0.085,5,NA,NA,0,NA,NA,0
164.239435,0.604,-77.404018,0.33,16.856,0.116,1,17.99,0.217,1,NA,NA,0,17.707,0.108,2,16.53,0,2,15.868,0.078,2,NA,NA,0,NA,NA,0
164.245699,0.593,-76.927202,0.339,16.841,0.117,1,17.645,0.158,1,NA,NA,0,17.294,0.031,2,16.601,0.01,2,15.939,0.142,1,NA,NA,0,NA,NA,0
164.24958,0.226,-76.942959,0.091,NA,NA,0,NA,NA,0,NA,NA,0,18.413,0.208,1,17.17,0.168,1,NA,NA,0,NA,NA,0,NA,NA,0
164.252578,0.659,-76.979624,0.346,17.103,0.136,1,18.056,0.229,1,NA,NA,0,17.888,0.119,1,16.875,0.123,1,16.382,0.2,1,NA,NA,0,NA,NA,0
164.256509,0.258,-77.241677,0.175,13.666,0.076,5,14.678,0.035,5,NA,NA,0,14.213,0.024,5,13.342,0.028,5,12.865,0.068,5,12.382,0.081,1,NA,NA,0
164.266449,0.611,-76.915044,0.471,15.476,0.114,4,16.455,0.1,4,NA,NA,0,16.077,0.062,3,15.206,0.031,2,14.667,0.079,3,NA,NA,0,NA,NA,0
164.267584,0.305,-76.931659,0.229,14.547,0.113,4,15.712,0.082,4,NA,NA,0,15.182,0.025,5,14.231,0.038,5,13.761,0.094,5,13.445,0.18,1,NA,NA,0
164.269548,0.572,-77.480114,0.183,NA,NA,0,NA,NA,0,NA,NA,0,17.507,0.05,2,16.407,0.138,2,15.534,0.075,2,NA,NA,0,NA,NA,0
164.273206,0.632,-77.021062,0.287,17.716,0.243,1,17.808,0.182,1,NA,NA,0,17.922,0.126,1,17.809,0.285,1,16.438,0.212,1,NA,NA,0,NA,NA,0
164.276373,0.545,-77.321391,0.248,NA,NA,0,NA,NA,0,NA,NA,0,17.879,0.132,2,16.481,0.08,2,15.255,0.057,2,NA,NA,0,NA,NA,0
164.277025,0.294,-77.431872,0.235,15.078,0.085,4,16.323,0.024,4,NA,NA,0,15.721,0.063,5,14.676,0.02,5,14.075,0.076,5,NA,NA,0,NA,NA,0
164.277809,0.237,-76.917514,0.167,NA,NA,0,NA,NA,0,NA,NA,0,17.703,0.105,1,16.499,0.086,1,15.857,0.131,1,NA,NA,0,NA,NA,0
164.284084,0.427,-77.0543,0.223,15.129,0.106,5,16.294,0.055,5,NA,NA,0,15.724,0.047,5,14.686,0.042,5,14.097,0.126,5,13.798,0.262,1,NA,NA,0
164.288162,0.027,-76.935742,0.068,NA,NA,0,NA,NA,0,NA,NA,0,18.162,0.155,1,17.027,0.14,1,NA,NA,0,NA,NA,0,NA,NA,0
164.292275,0.514,-77.465374,0.397,13.297,0.08,5,14.49,0.054,5,NA,NA,0,13.93,0.016,5,12.914,0.031,5,12.39,0.07,5,12.176,0.077,1,NA,NA,0
164.297637,0.243,-77.013132,0.176,15.599,0.012,2,17.064,0.117,2,NA,NA,0,16.359,0.084,5,14.944,0.028,5,14.058,0.12,5,NA,NA,0,NA,NA,0
164.308287,0.676,-76.999497,0.192,NA,NA,0,NA,NA,0,NA,NA,0,18.09,0.148,1,17.257,0.178,1,16.406,0.204,1,NA,NA,0,NA,NA,0
164.310687,0.032,-77.064036,0.083,NA,NA,0,NA,NA,0,NA,NA,0,18.894,0.306,1,17.333,0.205,1,NA,NA,0,NA,NA,0,NA,NA,0
164.313316,0.262,-77.004176,0.375,NA,NA,0,NA,NA,0,NA,NA,0,18.127,0.154,1,17.098,0.157,1,16.769,0.286,1,NA,NA,0,NA,NA,0
164.31612,0.123,-77.069847,0.101,NA,NA,0,NA,NA,0,NA,NA,0,18.6,0.239,1,16.848,0.138,1,15.841,0.139,1,NA,NA,0,NA,NA,0
164.329584,0.162,-77.184064,0.216,NA,NA,0,NA,NA,0,NA,NA,0,17.905,0.126,1,16.86,0.119,1,16.358,0.199,1,NA,NA,0,NA,NA,0
164.340705,0.419,-77.339212,0.402,14.193,0.104,5,15.38,0.059,5,NA,NA,0,14.822,0.008,5,13.797,0.032,5,13.206,0.058,5,13.12,0.167,1,NA,NA,0
164.34318,0.489,-77.211957,0.282,NA,NA,0,NA,NA,0,NA,NA,0,17.784,0.198,2,16.624,0.148,2,15.933,0.14,1,NA,NA,0,NA,NA,0
164.344276,0.222,-77.180553,0.175,NA,NA,0,NA,NA,0,NA,NA,0,18.264,0.174,1,17.301,0.181,1,NA,NA,0,NA,NA,0,NA,NA,0
164.34576,0.561,-77.384882,0.269,NA,NA,0,NA,NA,0,NA,NA,0,17.616,0.027,2,16.159,0.037,2,15.574,0.183,2,NA,NA,0,NA,NA,0
164.3464,0.443,-77.474058,0.288,15.89,0.032,2,17.425,0.033,2,NA,NA,0,16.731,0.077,5,15.178,0.062,5,14.47,0.112,5,NA,NA,0,NA,NA,0
164.349022,0.552,-76.912712,0.378,17.944,0.298,1,18.14,0.239,1,NA,NA,0,18.041,0.148,1,17.302,0.18,1,NA,NA,0,NA,NA,0,NA,NA,0
164.354386,0.163,-77.07744,0.313,13.354,0.083,5,15.114,0.049,5,NA,NA,0,14.263,0.016,5,12.69,0.02,5,11.862,0.073,5,11.452,0.034,1,NA,NA,0
164.375656,0.43,-76.923887,0.405,15.693,0.111,3,17.058,0.094,3,NA,NA,0,16.245,0.068,3,15.282,0.063,3,14.842,0.021,3,NA,NA,0,NA,NA,0
164.377647,0.076,-76.91304,0.259,NA,NA,0,NA,NA,0,NA,NA,0,18.086,0.15,1,17.175,0.161,1,NA,NA,0,NA,NA,0,NA,NA,0
164.402882,0.259,-76.944246,0.354,14.803,0.072,4,16.023,0.072,4,NA,NA,0,15.449,0.041,5,14.408,0.022,5,13.865,0.07,5,13.697,0.24,1,NA,NA,0
164.412502,0.375,-77.237633,0.383,14.685,0.1,5,15.736,0.094,5,NA,NA,0,15.257,0.032,5,14.33,0.016,5,13.797,0.094,5,13.76,0.282,1,NA,NA,0
164.415267,0.466,-77.275329,0.371,15.212,0.09,3,16.781,0.221,3,NA,NA,0,16.045,0.083,5,14.525,0.027,5,13.695,0.113,5,NA,NA,0,NA,NA,0
164.416739,0.54,-76.948768,0.236,15.931,0.059,3,16.812,0.057,3,NA,NA,0,16.451,0.247,5,15.655,0.077,5,15.25,0.146,5,NA,NA,0,NA,NA,0
164.417509,0.482,-77.440614,0.366,15.89,0.094,2,17.704,0.028,2,NA,NA,0,16.639,0.066,4,15.117,0.065,4,14.305,0.086,4,NA,NA,0,NA,NA,0
164.425635,0.286,-76.99323,0.317,15.26,0.034,3,16.793,0.055,3,NA,NA,0,16.119,0.056,5,14.465,0.039,5,13.012,0.051,5,NA,NA,0,NA,NA,0
164.4274,0.364,-77.397624,0.228,NA,NA,0,NA,NA,0,NA,NA,0,18.018,0.141,1,16.685,0.105,1,16.265,0.187,1,NA,NA,0,NA,NA,0
164.427833,0.369,-77.467179,0.306,15.573,0.086,4,16.777,0.118,4,NA,NA,0,16.253,0.114,5,15.181,0.043,5,14.491,0.085,5,NA,NA,0,NA,NA,0
164.429783,0.119,-76.963961,0.396,NA,NA,0,NA,NA,0,NA,NA,0,17.889,0.12,1,16.822,0.115,1,16.518,0.221,1,NA,NA,0,NA,NA,0
164.436323,0.05,-77.015672,0.088,NA,NA,0,NA,NA,0,NA,NA,0,17.78,0.114,1,17.173,0.165,1,16.515,0.216,1,NA,NA,0,NA,NA,0
164.436792,0.257,-76.937999,0.214,16.649,0.098,1,17.908,0.195,1,NA,NA,0,17.163,0.05,2,16.244,0.086,2,15.635,0.098,1,NA,NA,0,NA,NA,0
164.440468,0.479,-77.299289,0.405,16.016,0.016,2,17.376,0.049,2,NA,NA,0,16.681,0.066,4,15.492,0.055,4,14.766,0.095,4,NA,NA,0,NA,NA,0
164.44083,0.192,-77.057831,0.184,12.371,0.072,5,13.043,0.044,5,NA,NA,0,12.733,0.007,5,12.205,0.024,5,11.977,0.076,5,11.947,0.053,1,NA,NA,0
164.449667,0.285,-76.957662,0.265,15.842,0.023,3,17.02,0.216,3,NA,NA,0,16.489,0.02,4,15.308,0.033,4,14.823,0.08,4,NA,NA,0,NA,NA,0
164.46209,0.137,-77.411509,0.114,NA,NA,0,NA,NA,0,NA,NA,0,17.81,0.113,1,16.325,0.083,1,15.371,0.087,1,NA,NA,0,NA,NA,0
164.46911,0.299,-77.0781,0.15,NA,NA,0,NA,NA,0,NA,NA,0,18.929,0.318,1,17.541,0.237,1,NA,NA,0,NA,NA,0,NA,NA,0
164.47404,0.432,-77.4138,0.204,NA,NA,0,NA,NA,0,NA,NA,0,17.396,0.078,1,15.657,0.045,1,14.134,0.03,1,NA,NA,0,NA,NA,0
164.477832,0.43,-77.029618,0.431,16.292,0.056,2,17.383,0.073,2,NA,NA,0,16.819,0.146,4,15.849,0.057,4,15.261,0.08,4,NA,NA,0,NA,NA,0
164.483024,0.548,-77.21623,0.323,16.472,0.079,1,17.874,0.197,1,NA,NA,0,17.144,0.163,3,15.882,0.096,3,15.207,0.181,3,NA,NA,0,NA,NA,0
164.489143,0.489,-77.204825,0.409,16.484,0.084,1,17.753,0.17,1,NA,NA,0,17.239,0.099,3,16.041,0.084,3,15.31,0.013,2,NA,NA,0,NA,NA,0
164.490421,0.279,-77.006378,0.182,14.18,0.074,5,15.221,0.057,5,NA,NA,0,14.757,0.022,5,13.864,0.028,5,13.369,0.098,5,NA,NA,0,NA,NA,0
164.497645,0.744,-77.301685,0.418,16.656,0.048,2,18.001,0.206,2,NA,NA,0,17.389,0.016,3,16.337,0.146,2,15.615,0.263,3,NA,NA,0,NA,NA,0
164.49963,0.763,-77.187026,0.248,16.436,0.048,2,17.633,0.095,2,NA,NA,0,17.195,0.125,3,15.999,0.118,3,15.539,0.483,2,NA,NA,0,NA,NA,0
164.506673,0.19,-77.044122,0.156,13.624,0.071,5,15.247,0.056,5,NA,NA,0,14.453,0.012,5,13.065,0.02,5,12.376,0.067,5,12.008,0.057,1,NA,NA,0
164.508585,0.395,-77.086722,0.386,16.14,0.007,2,17.853,0.017,2,NA,NA,0,16.8,0.161,3,15.46,0.039,3,14.816,0.121,3,NA,NA,0,NA,NA,0
164.514845,1.355,-76.962874,0.503,NA,NA,0,NA,NA,0,NA,NA,0,18.017,0.13,2,16.696,0.073,2,16.156,0.047,2,NA,NA,0,NA,NA,0
164.515232,0.349,-77.065991,0.389,NA,NA,0,NA,NA,0,NA,NA,0,17.903,0.128,1,16.786,0.117,1,15.953,0.137,1,NA,NA,0,NA,NA,0
164.516921,0.569,-77.378896,0.366,NA,NA,0,NA,NA,0,NA,NA,0,17.732,0.212,2,16.24,0.064,2,15.559,0.104,1,NA,NA,0,NA,NA,0
164.517196,0.662,-77.101229,0.502,16.625,0.124,1,17.808,0.185,1,NA,NA,0,17.108,0.196,2,16.238,0.1,2,15.521,0.067,2,NA,NA,0,NA,NA,0
164.533806,0.456,-77.070655,0.231,16.74,0.099,1,17.928,0.2,1,NA,NA,0,17.223,0.015,2,16.642,0.177,2,NA,NA,0,NA,NA,0,NA,NA,0
164.536183,0.465,-76.989892,0.318,NA,NA,0,NA,NA,0,NA,NA,0,18.139,0.114,2,17.005,0.062,2,NA,NA,0,NA,NA,0,NA,NA,0
164.540943,0.31,-76.935908,0.238,15.29,0.144,3,16.461,0.037,3,NA,NA,0,15.905,0.048,5,14.909,0.03,5,14.435,0.094,5,NA,NA,0,NA,NA,0
164.546316,0.482,-77.342563,0.289,NA,NA,0,NA,NA,0,NA,NA,0,18.109,0.049,2,16.416,0.085,2,15.513,0.068,2,NA,NA,0,NA,NA,0
164.55188,0.162,-76.983189,0.172,13.717,0.074,5,14.589,0.065,5,NA,NA,0,14.187,0.018,5,13.455,0.032,5,13.095,0.076,5,NA,NA,0,NA,NA,0
164.55228,0.296,-77.181871,0.262,NA,NA,0,NA,NA,0,NA,NA,0,18.162,0.164,1,16.729,0.11,1,15.766,0.12,1,NA,NA,0,NA,NA,0
164.557606,0.525,-76.952868,0.422,NA,NA,0,NA,NA,0,NA,NA,0,18.396,0.195,1,17.267,0.179,1,NA,NA,0,NA,NA,0,NA,NA,0
164.559989,0.851,-77.297865,0.518,16.571,0.091,2,17.956,0.003,2,NA,NA,0,17.15,0.081,4,15.929,0.069,3,15.643,0.243,4,NA,NA,0,NA,NA,0
164.565952,0.483,-77.060359,0.284,15.905,0.075,2,17.118,0.057,2,NA,NA,0,16.457,0.119,5,15.567,0.079,5,15.018,0.086,5,NA,NA,0,NA,NA,0
164.569547,0.252,-77.288075,0.158,12.19,0.193,5,13.573,0.264,5,NA,NA,0,12.936,0.276,5,11.709,0.211,5,11.118,0.155,5,10.854,0.023,1,NA,NA,0
164.571518,0.862,-77.012731,0.252,NA,NA,0,NA,NA,0,NA,NA,0,18.298,0.225,2,17.292,0.078,2,NA,NA,0,NA,NA,0,NA,NA,0
164.58625,0.901,-77.42253,0.474,NA,NA,0,NA,NA,0,NA,NA,0,17.994,0.059,2,16.763,0.017,2,15.883,0.189,1,NA,NA,0,NA,NA,0
164.587355,0.562,-77.348047,0.379,NA,NA,0,NA,NA,0,NA,NA,0,17.753,0.076,2,16.039,0,2,15.257,0.049,2,NA,NA,0,NA,NA,0
164.590722,0.085,-77.188015,0.074,NA,NA,0,NA,NA,0,NA,NA,0,18.085,0.144,1,16.923,0.132,1,NA,NA,0,NA,NA,0,NA,NA,0
164.601332,0.572,-77.382951,0.295,16.068,0.025,2,17.858,0.15,2,NA,NA,0,16.909,0.057,3,15.366,0.039,3,14.65,0.082,3,NA,NA,0,NA,NA,0
164.60388,0.318,-77.212801,0.291,14.894,0.063,3,16.467,0.097,3,NA,NA,0,15.717,0.057,5,14.218,0.034,5,13.389,0.07,5,13.187,0.175,1,NA,NA,0
164.608264,0.345,-77.187653,0.202,15.714,0.138,3,17.119,0.066,3,NA,NA,0,16.44,0.095,5,15.306,0.047,5,14.697,0.144,5,NA,NA,0,NA,NA,0
164.612629,0.586,-76.961809,0.215,NA,NA,0,NA,NA,0,NA,NA,0,18.348,0.187,1,17.369,0.198,1,16.278,0.188,1,NA,NA,0,NA,NA,0
164.614171,0.425,-76.929538,0.308,17.059,0.131,1,18.188,0.231,1,NA,NA,0,17.553,0.09,1,16.68,0.1,1,16.302,0.181,1,NA,NA,0,NA,NA,0
164.619775,0.235,-77.056436,0.293,16.107,0.056,2,17.653,0.21,2,NA,NA,0,17.013,0.057,2,15.526,0.07,2,14.721,0.05,2,NA,NA,0,NA,NA,0
164.620744,0.33,-77.121481,0.249,14.883,0.102,3,16.687,0.217,3,NA,NA,0,15.941,0.054,5,14.147,0.025,5,13.249,0.071,5,NA,NA,0,NA,NA,0
164.622478,0.338,-77.089566,0.305,15.734,0.004,2,16.681,0.058,2,NA,NA,0,16.185,0.049,5,15.343,0.05,5,14.956,0.043,5,NA,NA,0,NA,NA,0
164.623636,0.458,-76.950915,0.259,NA,NA,0,NA,NA,0,NA,NA,0,18.133,0.149,1,16.539,0.089,1,15.713,0.111,1,NA,NA,0,NA,NA,0
164.627042,0.489,-77.325473,0.167,NA,NA,0,NA,NA,0,NA,NA,0,17.474,0.053,2,16.272,0.109,2,15.819,0.287,2,NA,NA,0,NA,NA,0
164.63479,0.496,-76.983153,0.606,17.512,0.193,1,17.947,0.194,1,NA,NA,0,17.828,0.041,2,16.993,0.003,2,16.44,0.195,1,NA,NA,0,NA,NA,0
164.635177,0.471,-77.232305,0.139,NA,NA,0,NA,NA,0,NA,NA,0,17.861,0.098,2,16.172,0.054,2,15.254,0.049,2,NA,NA,0,NA,NA,0
164.635214,0.276,-77.037821,0.409,16.903,0.12,1,18.155,0.241,1,NA,NA,0,17.495,0.04,2,16.298,0.072,1,15.883,0.048,2,NA,NA,0,NA,NA,0
164.637105,0.815,-76.939772,0.334,NA,NA,0,NA,NA,0,NA,NA,0,17.672,0.011,2,16.508,0.09,1,15.802,0.079,2,NA,NA,0,NA,NA,0
164.653078,0.274,-77.236199,0.185,16.064,0.06,2,18.27,0.178,2,NA,NA,0,17.077,0.005,2,15.043,0.006,2,13.858,0.056,2,NA,NA,0,NA,NA,0
164.654575,0.233,-77.29149,0.225,12.643,0.082,5,13.718,0.041,5,NA,NA,0,13.227,0.009,5,12.272,0.031,5,11.746,0.076,5,11.488,0.041,1,NA,NA,0
164.656173,0.578,-76.952146,0.395,16.83,0.089,2,17.625,0.02,2,NA,NA,0,17.269,0.049,4,16.345,0.141,3,15.757,0.078,2,NA,NA,0,NA,NA,0
164.657043,0.274,-77.267336,0.368,NA,NA,0,NA,NA,0,NA,NA,0,17.377,0.064,3,16.052,0.071,3,15.183,0.096,3,NA,NA,0,NA,NA,0
164.662019,0.273,-77.130779,0.433,NA,NA,0,NA,NA,0,NA,NA,0,18.178,0.158,1,16.732,0.113,1,16.029,0.149,1,NA,NA,0,NA,NA,0
164.664123,0.646,-77.321234,0.456,16.132,0.061,2,17.747,0.257,2,NA,NA,0,16.898,0.128,4,15.621,0.051,4,14.921,0.104,4,NA,NA,0,NA,NA,0
164.671266,0.346,-76.938422,0.244,16.015,0.055,1,17.892,0.187,1,NA,NA,0,16.73,0.093,4,15.439,0.033,4,14.774,0.113,4,NA,NA,0,NA,NA,0
164.68049,0.479,-77.091653,0.39,16.65,0.199,2,17.821,0.03,2,NA,NA,0,17.291,0.022,3,16.212,0.036,3,15.719,0.168,2,NA,NA,0,NA,NA,0
164.680847,0.481,-77.056057,0.357,NA,NA,0,NA,NA,0,NA,NA,0,18.525,0.214,1,17.327,0.191,1,NA,NA,0,NA,NA,0,NA,NA,0
164.685943,0.217,-77.294712,0.108,NA,NA,0,NA,NA,0,NA,NA,0,17.915,0.134,1,16.558,0.101,1,NA,NA,0,NA,NA,0,NA,NA,0
164.689424,0.649,-77.373813,0.441,NA,NA,0,NA,NA,0,NA,NA,0,17.739,0.116,1,16.843,0.129,1,16.249,0.196,1,NA,NA,0,NA,NA,0
164.692645,0.223,-77.352275,0.2,15.074,0.134,4,16.27,0.083,4,NA,NA,0,15.786,0.036,5,14.705,0.024,5,14.145,0.075,5,NA,NA,0,NA,NA,0
164.696351,0.193,-77.268728,0.229,NA,NA,0,NA,NA,0,NA,NA,0,17.983,0.133,1,16.772,0.119,1,16.332,0.198,1,NA,NA,0,NA,NA,0
164.700446,0.57,-77.074755,0.245,NA,NA,0,NA,NA,0,NA,NA,0,18.529,0.237,1,18.096,0.384,1,16.99,0.343,1,NA,NA,0,NA,NA,0
164.702141,0.433,-77.115642,0.363,16.051,0.025,2,17.254,0.083,2,NA,NA,0,16.863,0.107,4,15.654,0.079,4,15.17,0.1,4,NA,NA,0,NA,NA,0
164.706428,0.299,-77.201908,0.204,NA,NA,0,NA,NA,0,NA,NA,0,18.496,0.217,1,17.574,0.225,1,NA,NA,0,NA,NA,0,NA,NA,0
164.70782,0.316,-77.365893,0.175,13.036,0.08,5,14.059,0.043,5,NA,NA,0,13.59,0.011,5,12.708,0.018,5,12.259,0.072,5,12.236,0.087,1,NA,NA,0
164.712493,0.278,-77.09096,0.277,14.847,0.065,4,16.035,0.094,4,NA,NA,0,15.585,0.068,4,14.404,0.038,4,13.8,0.034,4,NA,NA,0,NA,NA,0
164.712741,0.456,-77.006626,0.39,16.059,0.003,2,17.937,0.097,2,NA,NA,0,16.743,0.092,5,15.496,0.065,5,14.904,0.082,5,NA,NA,0,NA,NA,0
164.72414,0.973,-77.03241,0.34,17.247,0.166,1,17.947,0.213,1,NA,NA,0,17.914,0.138,1,16.841,0.128,1,16.323,0.211,1,NA,NA,0,NA,NA,0
164.729921,0.759,-77.124799,0.423,14.991,0.076,5,15.963,0.114,5,NA,NA,0,15.524,0.017,5,14.646,0.075,5,14.166,0.142,5,NA,NA,0,NA,NA,0
164.735704,0.479,-77.324681,0.281,17.492,0.208,1,17.979,0.217,1,NA,NA,0,17.709,0.076,2,16.814,0.013,2,15.888,0.06,2,NA,NA,0,NA,NA,0
164.73651,0.775,-77.352053,0.509,NA,NA,0,NA,NA,0,NA,NA,0,17.631,0.099,1,16.527,0.098,1,15.708,0.119,1,NA,NA,0,NA,NA,0
164.736779,0.446,-77.062404,0.049,NA,NA,0,NA,NA,0,NA,NA,0,18.622,0.239,1,16.878,0.135,1,15.988,0.148,1,NA,NA,0,NA,NA,0
164.747714,0.354,-77.225325,0.34,16.393,0.086,2,18.041,0.026,2,NA,NA,0,17.227,0.096,4,15.679,0.09,4,14.748,0.125,4,NA,NA,0,NA,NA,0
164.747809,0.478,-76.959665,0.335,15.579,0.139,4,16.661,0.142,4,NA,NA,0,16.178,0.014,5,15.166,0.08,5,14.66,0.062,5,NA,NA,0,NA,NA,0
164.749507,0.153,-77.251407,0.6,17.059,0.136,1,18.271,0.274,1,NA,NA,0,17.987,0.133,1,16.624,0.097,1,15.544,0.096,1,NA,NA,0,NA,NA,0
164.75425,0.317,-77.378034,0.131,13.238,0.215,5,14.37,0.374,5,NA,NA,0,13.869,0.319,5,12.741,0.158,5,12.129,0.063,5,NA,NA,0,NA,NA,0
164.756328,0.384,-77.210032,0.336,NA,NA,0,NA,NA,0,NA,NA,0,17.734,0.108,1,16.564,0.096,1,16.09,0.154,1,NA,NA,0,NA,NA,0
164.76423,0.198,-77.394611,0.245,NA,NA,0,NA,NA,0,NA,NA,0,18.556,0.23,1,17.448,0.213,1,16.489,0.242,1,NA,NA,0,NA,NA,0
164.764441,0.075,-77.012766,0.082,13.008,0.074,5,14.05,0.052,5,NA,NA,0,13.57,0.019,5,12.678,0.027,5,12.254,0.07,5,NA,NA,0,NA,NA,0
164.765877,0.244,-77.320022,0.453,NA,NA,0,NA,NA,0,NA,NA,0,18.163,0.162,1,17.589,0.237,1,16.62,0.256,1,NA,NA,0,NA,NA,0
164.765935,0.127,-77.159397,0.076,NA,NA,0,NA,NA,0,NA,NA,0,18.658,0.246,1,17.569,0.238,1,NA,NA,0,NA,NA,0,NA,NA,0
164.766157,0.251,-77.099172,0.394,NA,NA,0,11.08,0.016,2,NA,NA,0,10.38,0.001,1,NA,NA,0,NA,NA,0,NA,NA,0,NA,NA,0
164.77382,0.201,-77.060552,0.237,13.559,0.077,5,15.27,0.042,5,NA,NA,0,14.442,0.013,5,12.967,0.019,5,12.258,0.077,5,NA,NA,0,NA,NA,0
164.776315,0.258,-77.204166,0.429,NA,NA,0,NA,NA,0,NA,NA,0,17.939,0.127,1,16.417,0.081,1,15.878,0.128,1,NA,NA,0,NA,NA,0
164.778914,0.059,-77.027852,0.048,10.953,0.056,5,12.154,0.038,5,NA,NA,0,11.581,0.045,5,10.528,0.038,5,10.067,0.067,4,NA,NA,0,NA,NA,0
164.782356,0.056,-77.081362,0.256,NA,NA,0,NA,NA,0,NA,NA,0,17.926,0.152,1,16.804,0.163,1,16.436,0.285,1,NA,NA,0,NA,NA,0
164.785744,0.564,-77.071879,0.315,16.752,0.118,2,17.597,0.059,2,NA,NA,0,16.941,0.15,4,16.099,0.094,4,15.494,0.1,3,NA,NA,0,NA,NA,0
164.791114,0.052,-77.147229,0.275,NA,NA,0,NA,NA,0,NA,NA,0,18.278,0.182,1,17.469,0.215,1,NA,NA,0,NA,NA,0,NA,NA,0
164.791395,0.329,-77.421834,0.26,15.966,0.14,3,16.992,0.173,3,NA,NA,0,16.528,0.061,4,15.392,0.104,4,14.802,0.143,4,NA,NA,0,NA,NA,0
164.792771,0.239,-77.185407,0.387,NA,NA,0,NA,NA,0,NA,NA,0,17.74,0.106,1,17.085,0.146,1,16.299,0.179,1,NA,NA,0,NA,NA,0
164.804106,0.478,-77.275031,0.283,17.259,0.165,1,18.002,0.216,1,NA,NA,0,17.616,0.093,1,16.589,0.097,1,15.925,0.128,1,NA,NA,0,NA,NA,0
164.806613,0.333,-76.976792,0.155,NA,NA,0,NA,NA,0,NA,NA,0,18.173,0.153,1,16.993,0.136,1,16.345,0.187,1,NA,NA,0,NA,NA,0
164.812574,0.565,-77.306066,0.652,NA,NA,0,NA,NA,0,NA,NA,0,17.495,0.088,1,16.153,0.066,1,15.609,0.101,1,NA,NA,0,NA,NA,0
164.820211,0.838,-77.306841,0.571,NA,NA,0,NA,NA,0,NA,NA,0,NA,NA,0,15.869,0.067,1,15.227,0.081,2,NA,NA,0,NA,NA,0
164.823782,0.653,-77.342305,0.42,16.382,0.088,2,17.571,0.304,2,NA,NA,0,16.849,0.088,3,15.836,0.019,3,15.195,0.08,3,NA,NA,0,NA,NA,0
164.825571,0.202,-77.042107,0.199,15.052,0.072,3,16.805,0.061,3,NA,NA,0,15.929,0.041,5,14.356,0.026,5,13.581,0.083,5,NA,NA,0,NA,NA,0
164.825863,0.729,-77.307426,0.371,16.433,0.078,1,18.077,0.237,1,NA,NA,0,17.105,0.04,3,15.883,0.022,2,15.151,0.068,1,NA,NA,0,NA,NA,0
164.826585,0.493,-77.03068,0.365,17.002,0.037,2,18.136,0.048,2,NA,NA,0,17.51,0.031,2,16.415,0.105,2,15.9,0.148,1,NA,NA,0,NA,NA,0
164.829467,0.724,-77.14076,0.191,16.934,0.122,1,17.945,0.199,1,NA,NA,0,17.476,0.1,2,16.337,0.06,2,16.112,0.128,2,NA,NA,0,NA,NA,0
164.830483,0.812,-77.245385,0.384,NA,NA,0,NA,NA,0,NA,NA,0,18.295,0.022,2,17.017,0.04,2,16.303,0.193,1,NA,NA,0,NA,NA,0
164.831261,0.306,-77.375567,0.188,15.62,0.039,4,16.901,0.251,4,NA,NA,0,16.342,0.133,5,15.077,0.068,5,14.515,0.07,5,NA,NA,0,NA,NA,0
164.832423,0.177,-77.081362,0.204,14.645,0.089,5,16.087,0.072,5,NA,NA,0,15.361,0.038,5,14.13,0.029,5,13.473,0.062,5,NA,NA,0,NA,NA,0
164.833029,0.556,-76.995836,0.298,16.14,0.019,2,17.324,0,2,NA,NA,0,16.652,0.139,3,15.783,0.036,3,15.237,0.031,3,NA,NA,0,NA,NA,0
164.836885,0.367,-77.12134,0.289,16.25,0.047,2,17.635,0.226,2,NA,NA,0,16.935,0.044,4,15.649,0.063,4,14.871,0.146,4,NA,NA,0,NA,NA,0
164.853972,0.329,-77.151112,0.284,16.099,0.069,2,17.65,0.127,2,NA,NA,0,16.786,0.069,4,15.481,0.032,4,14.707,0.168,4,NA,NA,0,NA,NA,0
164.855933,0.328,-76.989894,0.336,15.813,0.1,2,17.013,0.138,2,NA,NA,0,16.344,0.088,5,15.255,0.078,5,14.787,0.093,5,NA,NA,0,NA,NA,0
164.860822,0.337,-77.422001,0.26,17.085,0.14,1,17.937,0.21,1,NA,NA,0,17.965,0.13,1,16.567,0.102,1,16.154,0.172,1,NA,NA,0,NA,NA,0
164.863828,0.476,-77.132988,0.453,NA,NA,0,NA,NA,0,NA,NA,0,17.937,0.099,2,16.712,0.045,2,NA,NA,0,NA,NA,0,NA,NA,0
164.866782,0.163,-77.165342,0.254,NA,NA,0,NA,NA,0,NA,NA,0,18.747,0.251,1,16.983,0.137,1,15.671,0.111,1,NA,NA,0,NA,NA,0
164.872352,0.387,-77.161109,0.171,NA,NA,0,NA,NA,0,NA,NA,0,18.399,0.011,2,16.356,0.084,1,15.066,0.032,2,NA,NA,0,NA,NA,0
164.872996,0.654,-77.218603,0.188,NA,NA,0,17.939,0.21,1,NA,NA,0,17.863,0.091,2,16.444,0.006,2,15.676,0.11,2,NA,NA,0,NA,NA,0
164.876952,0.352,-77.015528,0.291,16.169,0.03,2,17.376,0.007,2,NA,NA,0,16.896,0.188,3,15.787,0.045,3,15.225,0.113,3,NA,NA,0,NA,NA,0
164.894103,0.126,-76.98043,0.182,NA,NA,0,NA,NA,0,NA,NA,0,18.206,0.162,1,17.395,0.196,1,NA,NA,0,NA,NA,0,NA,NA,0
164.899521,0.426,-77.251855,0.167,14.256,0.09,5,15.879,0.083,5,NA,NA,0,15.139,0.029,5,13.66,0.022,5,12.799,0.07,5,NA,NA,0,NA,NA,0
164.911172,0.303,-77.036194,0.307,NA,NA,0,NA,NA,0,NA,NA,0,18.148,0.154,1,17.076,0.15,1,NA,NA,0,NA,NA,0,NA,NA,0
164.923163,0.42,-76.997117,0.41,17.223,0.155,1,18.171,0.247,1,NA,NA,0,17.792,0.109,1,16.715,0.104,1,16.52,0.215,1,NA,NA,0,NA,NA,0
164.928146,0.889,-77.108781,0.372,NA,NA,0,NA,NA,0,NA,NA,0,17.305,0.162,2,16.339,0.223,2,15.976,0.127,1,NA,NA,0,NA,NA,0
164.930529,0.25,-77.183484,0.135,NA,NA,0,NA,NA,0,NA,NA,0,18.245,0.165,1,16.848,0.122,1,16.175,0.166,1,NA,NA,0,NA,NA,0
164.932803,0.225,-77.012755,0.193,14.301,0.069,5,15.482,0.065,5,NA,NA,0,14.898,0.018,5,13.888,0.02,5,13.405,0.077,5,NA,NA,0,NA,NA,0
164.934953,0.305,-77.409179,0.253,NA,NA,0,NA,NA,0,NA,NA,0,17.663,0.007,2,16.001,0.027,2,15.302,0.033,2,NA,NA,0,NA,NA,0
164.942469,0.514,-77.326919,0.422,NA,NA,0,NA,NA,0,NA,NA,0,18.908,0.296,1,NA,NA,0,16.56,0.235,1,NA,NA,0,NA,NA,0
164.944375,0.36,-76.983111,0.236,15.964,0.071,3,16.812,0.135,3,NA,NA,0,16.386,0.1,5,15.496,0.1,5,15.117,0.149,5,NA,NA,0,NA,NA,0
164.957416,0.145,-76.980649,0.304,NA,NA,0,NA,NA,0,NA,NA,0,17.529,0.06,2,16.529,0.034,2,15.909,0.127,1,NA,NA,0,NA,NA,0
164.962953,0.529,-77.400282,0.346,15.658,0.024,2,17.262,0.067,2,NA,NA,0,16.481,0.08,4,14.989,0.058,4,14.247,0.108,4,NA,NA,0,NA,NA,0
164.967669,0.297,-77.063854,0.516,NA,NA,0,NA,NA,0,NA,NA,0,18.187,0.152,1,16.652,0.101,1,15.706,0.114,1,NA,NA,0,NA,NA,0
164.976357,0.627,-77.060049,0.499,NA,NA,0,NA,NA,0,NA,NA,0,19.037,0.331,1,16.642,0.103,1,NA,NA,0,NA,NA,0,NA,NA,0
164.981689,0.557,-76.986901,0.412,NA,NA,0,NA,NA,0,NA,NA,0,17.315,0.183,3,15.933,0.083,3,15.322,0.157,3,NA,NA,0,NA,NA,0
164.983202,0.571,-77.125628,0.399,NA,NA,0,NA,NA,0,NA,NA,0,17.975,0.133,1,16.666,0.106,1,15.773,0.119,1,NA,NA,0,NA,NA,0
164.989398,0.234,-77.19605,0.149,NA,NA,0,NA,NA,0,NA,NA,0,18.702,0.244,1,17.598,0.236,1,16.688,0.267,1,NA,NA,0,NA,NA,0
164.993207,0.432,-76.996604,0.223,NA,NA,0,NA,NA,0,NA,NA,0,17.971,0.128,1,17.03,0.133,1,16.436,0.198,1,NA,NA,0,NA,NA,0
164.994867,0.542,-77.223981,0.414,NA,NA,0,NA,NA,0,NA,NA,0,18.352,0.174,1,16.75,0.11,1,15.492,0.096,1,NA,NA,0,NA,NA,0
165.001997,0.564,-77.142995,0.256,16.839,0.108,1,18.074,0.223,1,NA,NA,0,17.698,0.074,2,16.343,0.007,2,15.678,0.067,2,NA,NA,0,NA,NA,0
165.010511,0.312,-77.286621,0.412,NA,NA,0,NA,NA,0,NA,NA,0,18.691,0.261,1,17.143,0.17,1,16.31,0.206,1,NA,NA,0,NA,NA,0
165.013714,0.639,-77.273338,0.228,NA,NA,0,NA,NA,0,NA,NA,0,18.424,0.193,1,16.841,0.123,1,15.966,0.149,1,NA,NA,0,NA,NA,0
165.016577,0.299,-77.03966,0.432,NA,NA,0,NA,NA,0,NA,NA,0,18.043,0.142,1,17.138,0.156,1,16.561,0.229,1,NA,NA,0,NA,NA,0
165.018311,0.381,-77.123892,0.261,16.135,0.049,2,17.358,0.124,2,NA,NA,0,16.665,0.115,5,15.632,0.082,5,15.042,0.173,5,NA,NA,0,NA,NA,0
165.018809,0.3,-77.107787,0.257,15.95,0.034,2,17.359,0.127,1,NA,NA,0,16.568,0.039,4,15.328,0.026,4,14.666,0.047,4,NA,NA,0,NA,NA,0
165.024914,0.294,-77.211787,0.097,NA,NA,0,NA,NA,0,NA,NA,0,17.898,0.121,1,16.374,0.078,1,15.493,0.096,1,NA,NA,0,NA,NA,0
165.032009,0.32,-77.019732,0.171,14.942,0.013,2,16.731,0.019,2,NA,NA,0,15.864,0.058,5,14.18,0.039,5,13.419,0.07,5,NA,NA,0,NA,NA,0
165.043051,0.638,-77.016145,0.339,NA,NA,0,NA,NA,0,NA,NA,0,17.646,0.008,2,16.324,0.014,2,15.933,0.134,1,NA,NA,0,NA,NA,0
165.051043,0.294,-77.254786,0.18,15.02,0.122,5,16.268,0.079,5,NA,NA,0,15.733,0.045,5,14.568,0.03,5,13.889,0.08,5,NA,NA,0,NA,NA,0
165.057989,0.546,-77.052424,0.388,17.242,0.156,1,18.089,0.227,1,NA,NA,0,17.446,0.011,2,16.634,0.051,2,15.954,0.134,1,NA,NA,0,NA,NA,0
165.060411,0.107,-77.243868,0.094,11.301,0.076,5,12.033,0.046,5,NA,NA,0,11.67,0.013,5,11.148,0.028,5,10.987,0.095,5,NA,NA,0,NA,NA,0
165.066829,0.15,-77.364057,0.374,NA,NA,0,NA,NA,0,NA,NA,0,18.513,0.223,1,17.647,0.265,1,NA,NA,0,NA,NA,0,NA,NA,0
165.074572,0.415,-77.285292,0.229,16.282,0.067,1,17.515,0.141,1,NA,NA,0,16.984,0.033,4,15.671,0.111,4,14.972,0.177,4,NA,NA,0,NA,NA,0
165.081956,0.465,-77.104584,0.348,17.4,0.184,1,18.365,0.316,1,NA,NA,0,17.867,0.131,1,17.078,0.153,1,16.45,0.222,1,NA,NA,0,NA,NA,0
165.088856,0.092,-77.026557,0.125,10.703,0.076,5,11.407,0.04,5,NA,NA,0,11.065,0.008,4,10.577,0.026,4,10.433,0.095,4,NA,NA,0,NA,NA,0
165.093245,0.499,-77.152934,0.201,16.095,0.015,2,17.694,0.202,2,NA,NA,0,16.837,0.106,5,15.488,0.092,5,14.843,0.059,5,NA,NA,0,NA,NA,0
165.095923,0.443,-77.251697,0.359,15.747,0.004,2,17.147,0.112,2,NA,NA,0,16.477,0.041,5,15.218,0.062,5,14.469,0.117,4,NA,NA,0,NA,NA,0
165.101597,0.533,-77.359724,0.347,16.51,0.002,2,17.824,0.11,2,NA,NA,0,17.112,0.017,2,15.924,0.028,2,15.175,0.024,2,NA,NA,0,NA,NA,0
165.107167,0.181,-77.095382,0.183,14.783,0.095,5,15.751,0.067,5,NA,NA,0,15.303,0.019,5,14.477,0.024,5,14.087,0.08,5,NA,NA,0,NA,NA,0
165.109191,0.191,-77.058852,0.211,13.661,0.074,5,14.194,0.066,5,NA,NA,0,13.945,0.011,5,13.566,0.033,5,13.388,0.1,5,NA,NA,0,NA,NA,0
165.11389,0.126,-77.117459,0.121,NA,NA,0,NA,NA,0,NA,NA,0,17.971,0.143,1,16.685,0.11,1,NA,NA,0,NA,NA,0,NA,NA,0
165.115191,0.375,-77.072227,0.315,17.097,0.141,1,18.457,0.324,1,NA,NA,0,17.527,0.089,1,16.488,0.089,1,16.316,0.187,1,NA,NA,0,NA,NA,0
165.120673,0.532,-77.115093,0.291,NA,NA,0,NA,NA,0,NA,NA,0,18.089,0.156,1,16.747,0.111,1,15.739,0.114,1,NA,NA,0,NA,NA,0
165.121095,0.435,-77.047658,0.278,15.811,0.012,2,17.238,0.113,2,NA,NA,0,16.499,0.02,5,15.351,0.058,5,14.768,0.143,5,NA,NA,0,NA,NA,0
165.122664,0.682,-77.011778,0.538,17.198,0.17,1,18.556,0.336,1,NA,NA,0,17.923,0.136,1,16.7,0.121,1,16.091,0.157,1,NA,NA,0,NA,NA,0
165.127,0.438,-77.108097,0.216,NA,NA,0,NA,NA,0,NA,NA,0,17.365,0.085,1,16.417,0.129,1,NA,NA,0,NA,NA,0,NA,NA,0
165.13946,0.636,-77.186312,0.337,16.357,0.101,2,17.525,0.035,2,NA,NA,0,16.945,0.115,4,15.929,0.094,4,15.226,0.115,4,NA,NA,0,NA,NA,0
165.139893,0.304,-77.290994,0.399,NA,NA,0,NA,NA,0,NA,NA,0,18.254,0.174,1,17.41,0.204,1,16.358,0.202,1,NA,NA,0,NA,NA,0
165.151544,0.793,-77.114739,0.595,16.231,0.1,2,17.11,0.039,2,NA,NA,0,16.647,0.077,5,15.888,0.094,5,15.353,0.136,5,NA,NA,0,NA,NA,0
165.154731,0.538,-77.369844,0.14,NA,NA,0,NA,NA,0,NA,NA,0,18.504,0.225,1,17.291,0.183,1,NA,NA,0,NA,NA,0,NA,NA,0
165.156876,0.512,-77.082665,0.291,16.748,0.101,1,18.148,0.239,1,NA,NA,0,17.566,0.103,2,16.509,0.193,2,15.829,0.22,2,NA,NA,0,NA,NA,0
165.160734,0.003,-77.123084,0.116,NA,NA,0,NA,NA,0,NA,NA,0,18.416,0.196,1,17.209,0.17,1,NA,NA,0,NA,NA,0,NA,NA,0
165.162024,0.614,-77.258032,0.451,NA,NA,0,NA,NA,0,NA,NA,0,18.645,0.249,1,17.303,0.186,1,16.818,0.316,1,NA,NA,0,NA,NA,0
165.176532,0.621,-77.151817,0.384,15.555,0.149,3,16.643,0.075,3,NA,NA,0,16.231,0.124,5,15.211,0.069,5,14.685,0.034,5,NA,NA,0,NA,NA,0
165.180197,0.387,-77.053708,0.289,15.571,0.093,4,16.675,0.033,4,NA,NA,0,16.138,0.024,5,15.176,0.067,5,14.671,0.113,5,NA,NA,0,NA,NA,0
165.208396,0.289,-77.144693,0.356,15.527,0.07,3,16.7,0.122,3,NA,NA,0,16.138,0.049,5,15.14,0.06,5,14.629,0.165,5,NA,NA,0,NA,NA,0
165.220111,0.473,-77.355512,0.282,15.993,0.068,2,17.347,0.054,2,NA,NA,0,16.744,0.03,4,15.331,0.065,4,14.59,0.127,4,NA,NA,0,NA,NA,0
165.223779,0.523,-77.185723,0.64,NA,NA,0,NA,NA,0,NA,NA,0,18.553,0.221,1,16.932,0.129,1,NA,NA,0,NA,NA,0,NA,NA,0
165.224814,0.454,-77.157724,0.283,16.906,0.069,2,17.958,0.053,2,NA,NA,0,17.47,0.019,2,16.483,0.002,2,15.867,0.056,2,NA,NA,0,NA,NA,0
165.242111,0.693,-77.111611,0.379,NA,NA,0,NA,NA,0,NA,NA,0,17.384,0.111,2,16.579,0.003,2,16.083,0.014,2,NA,NA,0,NA,NA,0
165.244147,0.267,-77.169854,0.14,NA,NA,0,NA,NA,0,NA,NA,0,18.213,0.159,1,16.781,0.12,1,16.608,0.252,1,NA,NA,0,NA,NA,0
165.244415,0.199,-77.065881,0.774,NA,NA,0,NA,NA,0,NA,NA,0,17.524,0.086,1,16.15,0.068,1,15.265,0.076,1,NA,NA,0,NA,NA,0
165.2462,0.357,-77.31777,0.228,NA,NA,0,NA,NA,0,NA,NA,0,17.883,0.054,2,16.44,0.131,2,15.598,0.102,1,NA,NA,0,NA,NA,0
165.246511,0.148,-77.128578,0.298,NA,NA,0,NA,NA,0,NA,NA,0,17.863,0.117,1,16.853,0.119,1,16.347,0.188,1,NA,NA,0,NA,NA,0
165.247281,0.075,-77.050548,0.028,NA,NA,0,NA,NA,0,NA,NA,0,17.913,0.126,1,16.823,0.109,1,NA,NA,0,NA,NA,0,NA,NA,0
165.254321,0.278,-77.343679,0.12,NA,NA,0,NA,NA,0,NA,NA,0,18.582,0.226,1,17.043,0.152,1,16.007,0.156,1,NA,NA,0,NA,NA,0
165.258793,0.636,-77.329649,0.203,NA,NA,0,NA,NA,0,NA,NA,0,17.721,0.118,2,16.503,0.136,2,15.92,0.019,2,NA,NA,0,NA,NA,0
165.259473,0.39,-77.067896,0.334,16.553,0.083,1,17.941,0.187,1,NA,NA,0,17.328,0.072,1,15.985,0.057,1,15.327,0.08,1,NA,NA,0,NA,NA,0
165.259777,0.479,-77.089804,0.315,15.667,0.072,4,16.567,0.149,4,NA,NA,0,16.204,0.027,4,15.305,0.007,4,14.807,0.141,4,NA,NA,0,NA,NA,0
165.269773,0.402,-77.178291,0.456,16.932,0.127,1,18.23,0.271,1,NA,NA,0,18.096,0.023,2,16.587,0.141,2,15.773,0.107,2,NA,NA,0,NA,NA,0
165.272468,0.116,-77.136593,0.318,NA,NA,0,NA,NA,0,NA,NA,0,17.798,0.045,2,16.35,0.043,2,15.655,0.112,1,NA,NA,0,NA,NA,0
165.272953,0.744,-77.335154,0.286,17.025,0.131,1,18.097,0.227,1,NA,NA,0,17.628,0.1,1,16.466,0.088,1,NA,NA,0,NA,NA,0,NA,NA,0
165.274074,0.548,-77.148942,0.371,16.258,0.126,2,17.158,0.046,2,NA,NA,0,16.716,0.094,4,15.849,0.084,4,15.353,0.094,4,NA,NA,0,NA,NA,0
165.281132,0.147,-77.076779,0.125,NA,NA,0,NA,NA,0,NA,NA,0,18.265,0.172,1,17.356,0.197,1,NA,NA,0,NA,NA,0,NA,NA,0
165.285248,0.157,-77.165707,0.583,NA,NA,0,NA,NA,0,NA,NA,0,18.42,0.191,1,16.902,0.133,1,16.349,0.202,1,NA,NA,0,NA,NA,0
165.295277,0.322,-77.070156,0.308,16.049,0.045,2,17.371,0.168,2,NA,NA,0,16.782,0.068,5,15.497,0.049,5,14.896,0.143,5,NA,NA,0,NA,NA,0
165.295926,0.508,-77.133129,0.368,NA,NA,0,NA,NA,0,NA,NA,0,18.04,0.13,2,16.682,0.051,2,16.012,0.14,1,NA,NA,0,NA,NA,0
165.297968,0.632,-77.153911,0.451,16.408,0.062,2,17.569,0.065,2,NA,NA,0,17.031,0.037,2,16.017,0.105,2,15.688,0.008,2,NA,NA,0,NA,NA,0
165.319996,0.403,-77.145172,0.228,NA,NA,0,NA,NA,0,NA,NA,0,18.054,0.316,2,17.114,0.015,2,16.092,0.159,1,NA,NA,0,NA,NA,0
165.328076,0.376,-77.127602,0.331,15.974,0.054,2,17.115,0.191,2,NA,NA,0,16.606,0.065,4,15.565,0.076,4,15.043,0.115,4,NA,NA,0,NA,NA,0
165.332864,0.305,-77.191868,0.203,13.429,0.072,5,14.467,0.048,5,NA,NA,0,13.992,0.007,5,13.087,0.027,5,12.596,0.094,5,NA,NA,0,NA,NA,0
165.386258,0.401,-77.136177,0.11,NA,NA,0,NA,NA,0,NA,NA,0,18.686,0.257,1,17.021,0.141,1,16.337,0.194,1,NA,NA,0,NA,NA,0
165.38655,0.486,-77.272278,0.383,16.696,0.133,1,18.014,0.234,1,NA,NA,0,17.503,0.057,2,16.117,0.023,2,15.476,0.092,1,NA,NA,0,NA,NA,0
165.393652,0.486,-77.198209,0.482,15.987,0.007,2,17.488,0.289,2,NA,NA,0,16.624,0.017,3,15.323,0.035,3,14.628,0.088,3,NA,NA,0,NA,NA,0
