;File (Wave in A; Flux in erg/s/cm2/A)   MJD_start        MJD_end          Wave  Flux        Unc       
cpt0m407-kb87-20220129-0196-e91.fits.fz  59609.082487616  59609.083359005  5450  7.6281e-16  6.4657e-17
cpt0m407-kb87-20220129-0197-e91.fits.fz  59609.083489121  59609.084534109  5450  7.9940e-16  5.7306e-17
lsc0m409-kb29-20220204-0230-e91.fits.fz  59615.308271760  59615.309143079  5450  5.6878e-16  1.0735e-16
cpt0m407-kb87-20220205-0188-e91.fits.fz  59616.076552813  59616.077424144  5450  7.9521e-16  5.4258e-17
cpt0m407-kb87-20220206-0155-e91.fits.fz  59617.057309757  59617.058181135  5450  7.5734e-16  5.6297e-17
lsc0m409-kb29-20220207-0164-e91.fits.fz  59618.300084792  59618.300956158  5450  6.3753e-16  1.0165e-16
cpt0m407-kb87-20220208-0165-e91.fits.fz  59619.058516517  59619.059387883  5450  7.5731e-16  5.2703e-17
cpt0m407-kb87-20220209-0154-e91.fits.fz  59620.046995706  59620.047867084  5450  7.4494e-16  4.8388e-17
lsc0m409-kb29-20220414-0122-e91.fits.fz  59684.131731412  59684.132602813  5450  7.0956e-16  1.0304e-16
lsc0m409-kb29-20220415-0169-e91.fits.fz  59685.128915510  59685.129786783  5450  6.9375e-16  9.4802e-17
lsc0m409-kb29-20220416-0139-e91.fits.fz  59686.126353334  59686.127224676  5450  7.0338e-16  1.1843e-16
lsc0m409-kb29-20220420-0098-e91.fits.fz  59690.115250440  59690.116121783  5450  7.3098e-16  9.3670e-17
lsc0m412-kb26-20220421-0152-e91.fits.fz  59691.112641227  59691.113512605  5450  8.2653e-16  1.3429e-16
lsc0m412-kb26-20220422-0187-e91.fits.fz  59692.109873311  59692.110744653  5450  1.2158e-15  1.1832e-16
lsc0m409-kb29-20220423-0156-e91.fits.fz  59693.107918299  59693.108789596  5450  6.8319e-16  8.0953e-17
lsc0m409-kb29-20220424-0286-e91.fits.fz  59694.304886193  59694.305757500  5450  7.5761e-16  6.9373e-17
lsc0m412-kb26-20220426-0065-e91.fits.fz  59696.250137825  59696.251009132  5450  8.5996e-16  1.2393e-16
cpt0m407-kb87-20220427-0088-e91.fits.fz  59696.902951471  59696.903822790  5450  7.3550e-16  5.5030e-17
lsc0m409-kb29-20220427-0178-e91.fits.fz  59697.198076540  59697.198600637  5450  8.3015e-16  1.0112e-16
lsc0m409-kb29-20220428-0155-e91.fits.fz  59698.084193646  59698.085064931  5450  9.1714e-16  7.9353e-17
lsc0m409-kb29-20220428-0162-e91.fits.fz  59698.094606610  59698.095477929  5450  8.7416e-16  8.1525e-17
lsc0m409-kb29-20220428-0171-e91.fits.fz  59698.105034561  59698.105905915  5450  7.9844e-16  7.9017e-17
lsc0m409-kb29-20220428-0179-e91.fits.fz  59698.115433855  59698.116305197  5450  9.7486e-16  8.2530e-17
lsc0m409-kb29-20220428-0193-e91.fits.fz  59698.128497732  59698.129369074  5450  7.9477e-16  8.3902e-17
lsc0m409-kb29-20220428-0195-e91.fits.fz  59698.131063334  59698.131934676  5450  6.8656e-16  7.6579e-17
cpt0m407-kb87-20220428-0181-e91.fits.fz  59698.136277639  59698.137148982  5450  9.0918e-16  5.2976e-17
cpt0m407-kb87-20220428-0183-e91.fits.fz  59698.146641957  59698.147513299  5450  7.1498e-16  5.3832e-17
coj0m403-kb24-20220429-0093-e91.fits.fz  59698.538443843  59698.539314596  5450  7.9195e-16  8.2068e-17
coj0m405-kb88-20220429-0104-e91.fits.fz  59698.551372223  59698.552243530  5450  7.5261e-16  4.6344e-17
coj0m403-kb24-20220429-0113-e91.fits.fz  59698.559299607  59698.560170417  5450  8.1609e-16  6.4009e-17
coj0m405-kb88-20220429-0115-e91.fits.fz  59698.568259815  59698.569131111  5450  7.1297e-16  6.6335e-17
coj0m403-kb24-20220429-0133-e91.fits.fz  59698.578693346  59698.579564075  5450  7.0730e-16  4.8863e-17
coj0m403-kb24-20220429-0135-e91.fits.fz  59698.589011389  59698.589882223  5450  7.7190e-16  4.7313e-17
coj0m405-kb88-20220429-0127-e91.fits.fz  59698.599519746  59698.600391065  5450  7.2417e-16  4.0503e-17
coj0m405-kb88-20220429-0138-e91.fits.fz  59698.610446772  59698.611318161  5450  7.2410e-16  3.8141e-17
coj0m403-kb24-20220429-0150-e91.fits.fz  59698.620386459  59698.621257339  5450  8.4474e-16  4.8324e-17
coj0m403-kb24-20220429-0152-e91.fits.fz  59698.630664734  59698.631535533  5450  8.3392e-16  4.9639e-17
coj0m405-kb88-20220429-0140-e91.fits.fz  59698.641086945  59698.641958276  5450  9.5350e-16  1.3410e-16
coj0m403-kb24-20220429-0163-e91.fits.fz  59698.651556690  59698.652427443  5450  8.9150e-16  5.1123e-17
lsc0m409-kb29-20220429-0170-e91.fits.fz  59699.135698577  59699.136569943  5450  6.6174e-16  1.1071e-16
lsc0m409-kb29-20220429-0172-e91.fits.fz  59699.142636945  59699.143508230  5450  8.2508e-16  8.3164e-17
lsc0m409-kb29-20220429-0183-e91.fits.fz  59699.153695811  59699.154567130  5450  8.8189e-16  9.7412e-17
lsc0m412-kb26-20220429-0130-e91.fits.fz  59699.184864642  59699.185735984  5450  1.0308e-15  1.6208e-16
lsc0m412-kb26-20220429-0147-e91.fits.fz  59699.208428924  59699.209300301  5450  7.7410e-16  1.1724e-16
coj0m403-kb24-20220430-0045-e91.fits.fz  59699.624520880  59699.625391609  5450  8.1706e-16  6.3447e-17
coj0m405-kb88-20220430-0055-e91.fits.fz  59699.635567813  59699.636439144  5450  6.4408e-16  8.3712e-17
coj0m405-kb88-20220430-0115-e91.fits.fz  59699.809885359  59699.810756644  5450  6.2705e-16  7.4022e-17
cpt0m407-kb87-20220430-0410-e91.fits.fz  59700.170860232  59700.171384329  5450  6.8000e-16  7.5012e-17
coj0m403-kb24-20220501-0173-e91.fits.fz  59700.643773218  59700.644007420  5450  9.0901e-16  1.1166e-16
cpt0m407-kb87-20220501-0280-e91.fits.fz  59700.920319491  59700.921190810  5450  7.2158e-16  5.0169e-17
cpt0m407-kb87-20220501-0402-e91.fits.fz  59701.175063473  59701.175587605  5450  6.2176e-16  8.4881e-17
cpt0m407-kb87-20220502-0371-e91.fits.fz  59702.014597825  59702.015469167  5450  7.6821e-16  5.2804e-17
coj0m405-kb88-20220503-0239-e91.fits.fz  59702.580636795  59702.580871528  5450  6.6770e-16  1.2890e-16
coj0m405-kb88-20220503-0247-e91.fits.fz  59702.592987639  59702.593222443  5450  7.3363e-16  1.2544e-16
coj0m405-kb88-20220503-0263-e91.fits.fz  59702.608536042  59702.608770753  5450  6.6813e-16  1.2189e-16
coj0m405-kb88-20220503-0287-e91.fits.fz  59702.641005220  59702.641239966  5450  7.6445e-16  1.2655e-16
cpt0m407-kb87-20220503-0143-e91.fits.fz  59702.832142744  59702.832377512  5450  1.0271e-15  1.8756e-16
cpt0m407-kb87-20220503-0152-e91.fits.fz  59702.842549920  59702.842784688  5450  1.1843e-15  2.0098e-16
cpt0m407-kb87-20220503-0188-e91.fits.fz  59702.884517952  59702.884752720  5450  1.0651e-15  1.7876e-16
cpt0m407-kb87-20220503-0201-e91.fits.fz  59702.905132049  59702.905366829  5450  8.7252e-16  1.7205e-16
cpt0m407-kb87-20220503-0307-e91.fits.fz  59703.091884144  59703.092118913  5450  9.0828e-16  1.7857e-16
cpt0m407-kb87-20220503-0320-e91.fits.fz  59703.113135649  59703.114006968  5450  6.1281e-16  5.1990e-17
cpt0m407-kb87-20220504-0181-e91.fits.fz  59703.826639445  59703.827510788  5450  7.9669e-16  6.4114e-17
lsc0m409-kb29-20220504-0191-e91.fits.fz  59704.173263994  59704.173788091  5450  8.0224e-16  8.2842e-17
cpt0m407-kb87-20220505-0161-e91.fits.fz  59704.816322292  59704.817193681  5450  6.7858e-16  6.3256e-17
cpt0m407-kb87-20220505-0311-e91.fits.fz  59705.167889225  59705.168413334  5450  7.8528e-16  9.6901e-17
cpt0m407-kb87-20220506-0099-e91.fits.fz  59705.817942651  59705.818814028  5450  7.1032e-16  7.4022e-17
lsc0m409-kb29-20220506-0127-e91.fits.fz  59706.178223600  59706.178747755  5450  8.0205e-16  9.0445e-17
lsc0m409-kb29-20220508-0117-e91.fits.fz  59708.119595313  59708.119945799  5450  6.9780e-16  1.2419e-16
lsc0m409-kb29-20220508-0123-e91.fits.fz  59708.128684792  59708.129208947  5450  6.1623e-16  9.2652e-17
lsc0m409-kb29-20220508-0125-e91.fits.fz  59708.130910533  59708.131145278  5450  1.1078e-15  1.8621e-16
cpt0m407-kb87-20220509-0119-e91.fits.fz  59708.805647755  59708.805998264  5450  9.2134e-16  1.2935e-16
cpt0m407-kb87-20220509-0146-e91.fits.fz  59708.837017362  59708.837888727  5450  8.0389e-16  5.4571e-17
cpt0m407-kb87-20220509-0158-e91.fits.fz  59708.871992165  59708.872516274  5450  7.7532e-16  8.4656e-17
cpt0m407-kb87-20220509-0184-e91.fits.fz  59708.908128426  59708.908363195  5450  9.9513e-16  1.8427e-16
cpt0m407-kb87-20220510-0120-e91.fits.fz  59709.873588970  59709.874460278  5450  6.7212e-16  6.0901e-17
cpt0m407-kb87-20220510-0253-e91.fits.fz  59709.973122373  59709.973646494  5450  6.9447e-16  8.4348e-17
cpt0m407-kb87-20220511-0137-e91.fits.fz  59710.800237211  59710.800587721  5450  9.4278e-16  1.2477e-16
cpt0m407-kb87-20220511-0139-e91.fits.fz  59710.802177385  59710.803048739  5450  8.0710e-16  5.9035e-17
lsc0m409-kb29-20220511-0086-e91.fits.fz  59711.074213265  59711.074737489  5450  7.9985e-16  1.0436e-16
cpt0m407-kb87-20220512-0121-e91.fits.fz  59711.809219133  59711.810090464  5450  7.4833e-16  6.0144e-17
cpt0m407-kb87-20220512-0135-e91.fits.fz  59711.830152605  59711.830676725  5450  6.5357e-16  9.3551e-17
cpt0m407-kb87-20220512-0167-e91.fits.fz  59711.900901146  59711.901425290  5450  8.4443e-16  9.3468e-17
coj0m403-kb24-20220516-0131-e91.fits.fz  59715.625194862  59715.625544838  5450  1.0094e-15  1.9639e-16
coj0m405-kb88-20220517-0152-e91.fits.fz  59716.579856934  59716.580381065  5450  5.0687e-16  1.0015e-16
lsc0m409-kb29-20220519-0170-e91.fits.fz  59719.137689665  59719.138213843  5450  6.2674e-16  9.1440e-17
lsc0m409-kb29-20220519-0188-e91.fits.fz  59719.208532142  59719.209577130  5450  7.1211e-16  6.2221e-17
lsc0m409-kb29-20220520-0071-e91.fits.fz  59720.060887408  59720.061411494  5450  9.1774e-16  9.9766e-17
lsc0m409-kb29-20220520-0133-e91.fits.fz  59720.291297327  59720.292342234  5450  8.6855e-16  7.3626e-17
lsc0m409-kb29-20220521-0124-e91.fits.fz  59721.045390371  59721.045914514  5450  9.4821e-16  1.0360e-16
lsc0m409-kb29-20220521-0159-e91.fits.fz  59721.137729329  59721.138253461  5450  6.1734e-16  9.5752e-17
lsc0m409-kb29-20220521-0183-e91.fits.fz  59721.209311262  59721.210356262  5450  8.3696e-16  6.3874e-17
lsc0m409-kb29-20220522-0149-e91.fits.fz  59722.137679653  59722.138203739  5450  6.6165e-16  8.7252e-17
lsc0m409-kb29-20220524-0173-e91.fits.fz  59724.137731077  59724.138255151  5450  7.1894e-16  9.4219e-17
lsc0m409-kb29-20220524-0204-e91.fits.fz  59724.208595139  59724.209640151  5450  6.5472e-16  8.7537e-17
lsc0m409-kb29-20220525-0180-e91.fits.fz  59725.137776332  59725.138300475  5450  6.4259e-16  9.1171e-17
lsc0m409-kb29-20220525-0214-e91.fits.fz  59725.208587188  59725.209632130  5450  7.1600e-16  5.9868e-17
lsc0m409-kb29-20220526-0099-e91.fits.fz  59726.017430498  59726.017954677  5450  7.8438e-16  9.5010e-17
lsc0m409-kb29-20220526-0149-e91.fits.fz  59726.137704989  59726.138229121  5450  7.1928e-16  8.6928e-17
lsc0m412-kb26-20220526-0174-e91.fits.fz  59726.208616899  59726.209663299  5450  6.9258e-16  9.8158e-17
lsc0m409-kb29-20220527-0112-e91.fits.fz  59727.014754700  59727.015105267  5450  6.6655e-16  1.3074e-16
ogg0m406-kb27-20220602-0115-e91.fits.fz  59733.396126586  59733.397167570  5450  7.0700e-16  6.5099e-17
ogg0m406-kb27-20220602-0117-e91.fits.fz  59733.406370544  59733.407411563  5450  6.6885e-16  5.7241e-17
ogg0m406-kb27-20220603-0219-e91.fits.fz  59734.396853970  59734.397374156  5450  6.8723e-16  7.0599e-17
lsc0m409-kb29-20220606-0023-e91.fits.fz  59737.005726829  59737.006250892  5450  7.4180e-16  1.2336e-16
lsc0m409-kb29-20220606-0035-e91.fits.fz  59737.017536586  59737.018407940  5450  6.0891e-16  8.8770e-17
lsc0m412-kb26-20220606-0019-e91.fits.fz  59737.063132998  59737.064177940  5450  6.6377e-16  1.0060e-16
lsc0m409-kb29-20220606-0059-e91.fits.fz  59737.073126262  59737.073476760  5450  7.5862e-16  1.2393e-16
lsc0m409-kb29-20220606-0102-e91.fits.fz  59737.187667859  59737.188539144  5450  8.6567e-16  6.8378e-17
lsc0m409-kb29-20220607-0081-e91.fits.fz  59737.983420267  59737.984465209  5450  6.7432e-16  7.0162e-17
lsc0m409-kb29-20220607-0146-e91.fits.fz  59738.104394920  59738.104919110  5450  7.5030e-16  9.0570e-17
lsc0m409-kb29-20220607-0173-e91.fits.fz  59738.187706065  59738.188577385  5450  7.7388e-16  6.5106e-17
lsc0m409-kb29-20220608-0140-e91.fits.fz  59739.187658913  59739.188530232  5450  6.4146e-16  6.4074e-17
lsc0m409-kb29-20220608-0148-e91.fits.fz  59739.205573068  59739.206097165  5450  6.3149e-16  9.3768e-17
lsc0m409-kb29-20220609-0070-e91.fits.fz  59739.978618936  59739.979663866  5450  6.9242e-16  7.1985e-17
lsc0m409-kb29-20220609-0113-e91.fits.fz  59740.187659063  59740.188530429  5450  8.1674e-16  9.2786e-17
lsc0m409-kb29-20220610-0128-e91.fits.fz  59741.187662500  59741.188533889  5450  5.3451e-16  9.2723e-17
lsc0m409-kb29-20220611-0082-e91.fits.fz  59741.972501216  59741.973546112  5450  8.2329e-16  9.6614e-17
lsc0m409-kb29-20220611-0096-e91.fits.fz  59742.125159630  59742.125683693  5450  8.5299e-16  1.1771e-16
lsc1m005-fa15-20220612-0249-e91.fits.fz  59743.283723033  59743.283942616  5450  7.4214e-16  1.0523e-16
coj0m405-kb88-20220615-0411-e91.fits.fz  59745.635381262  59745.636426181  5450  4.9423e-16  5.6582e-17
lsc1m004-fa03-20220615-0083-e91.fits.fz  59746.012842408  59746.012934723  5450  5.8263e-16  4.4614e-17
lsc1m005-fa15-20220615-0139-e91.fits.fz  59746.119103832  59746.119323427  5450  6.5336e-16  2.1500e-17
lsc0m409-kb29-20220615-0153-e91.fits.fz  59746.125211505  59746.125735626  5450  7.5211e-16  1.0625e-16
cpt1m010-fa16-20220616-0151-e91.fits.fz  59746.991127165  59746.991220498  5450  5.6715e-16  1.0694e-16
coj0m405-kb88-20220617-0032-e91.fits.fz  59747.689548172  59747.690593114  5450  8.1485e-16  4.5067e-17
lsc1m004-fa03-20220617-0076-e91.fits.fz  59748.002484202  59748.002703843  5450  7.2434e-16  3.1399e-17
lsc1m004-fa03-20220617-0088-e91.fits.fz  59748.014458797  59748.014678380  5450  6.8290e-16  1.6375e-17
lsc1m005-fa15-20220617-0099-e91.fits.fz  59748.019356505  59748.019576088  5450  7.1360e-16  1.5116e-17
cpt1m010-fa16-20220617-0244-e91.fits.fz  59748.030072697  59748.030293299  5450  7.1292e-16  4.0917e-17
lsc1m009-fa04-20220617-0110-e91.fits.fz  59748.031542246  59748.031634561  5450  7.0349e-16  2.6365e-17
cpt1m010-fa16-20220617-0246-e91.fits.fz  59748.039884792  59748.040105394  5450  6.9802e-16  1.2395e-16
lsc1m005-fa15-20220617-0125-e91.fits.fz  59748.051955753  59748.052175336  5450  7.4986e-16  2.5707e-17
lsc1m005-fa15-20220617-0133-e91.fits.fz  59748.065520301  59748.065739885  5450  6.9174e-16  2.6475e-17
lsc1m005-fa15-20220617-0135-e91.fits.fz  59748.071142026  59748.071361610  5450  6.7999e-16  4.5040e-17
lsc1m005-fa15-20220617-0164-e91.fits.fz  59748.133853623  59748.134073253  5450  6.4556e-16  5.1053e-17
lsc1m005-fa15-20220617-0176-e91.fits.fz  59748.144179989  59748.144399619  5450  6.5210e-16  1.7854e-17
lsc1m005-fa15-20220617-0178-e91.fits.fz  59748.154480000  59748.154699399  5450  6.8718e-16  1.6364e-17
lsc1m005-fa15-20220617-0180-e91.fits.fz  59748.164896355  59748.165115857  5450  6.9869e-16  3.6197e-17
lsc1m005-fa15-20220617-0207-e91.fits.fz  59748.205974515  59748.206194098  5450  7.2691e-16  2.2607e-17
lsc1m005-fa15-20220617-0209-e91.fits.fz  59748.212120973  59748.212340510  5450  6.9285e-16  4.2384e-17
lsc1m005-fa15-20220617-0211-e91.fits.fz  59748.222528994  59748.222748438  5450  6.4607e-16  1.0849e-16
lsc1m005-fa15-20220617-0225-e91.fits.fz  59748.290234121  59748.290453716  5450  7.7260e-16  6.7918e-17
coj1m011-fa12-20220618-0077-e91.fits.fz  59748.402582339  59748.402801968  5450  6.6488e-16  1.2001e-17
coj1m011-fa12-20220618-0084-e91.fits.fz  59748.409499133  59748.409718762  5450  6.6157e-16  1.1511e-17
coj1m011-fa12-20220618-0096-e91.fits.fz  59748.419374075  59748.419593751  5450  6.7740e-16  1.2585e-17
coj1m011-fa12-20220618-0098-e91.fits.fz  59748.421338369  59748.421558045  5450  6.6530e-16  1.1856e-17
coj1m011-fa12-20220618-0110-e91.fits.fz  59748.430319098  59748.430538774  5450  6.4496e-16  1.1684e-17
coj1m011-fa12-20220618-0138-e91.fits.fz  59748.601072373  59748.601164688  5450  6.8420e-16  2.8075e-17
coj1m011-fa12-20220618-0140-e91.fits.fz  59748.607256748  59748.607349109  5450  6.4441e-16  2.5533e-17
coj1m011-fa12-20220618-0161-e91.fits.fz  59748.621078230  59748.621170591  5450  7.3453e-16  2.6144e-17
coj1m011-fa12-20220618-0166-e91.fits.fz  59748.628220903  59748.628313218  5450  6.2668e-16  2.6487e-17
lsc1m005-fa15-20220618-0058-e91.fits.fz  59748.949729283  59748.949821551  5450  7.8390e-16  4.0733e-17
lsc1m005-fa15-20220618-0072-e91.fits.fz  59748.961725255  59748.961817570  5450  7.5855e-16  3.1766e-17
lsc1m005-fa15-20220618-0077-e91.fits.fz  59748.970071609  59748.970163924  5450  7.4290e-16  3.8118e-17
lsc1m009-fa04-20220618-0070-e91.fits.fz  59748.980408102  59748.980500371  5450  6.4097e-16  4.4858e-17
lsc1m005-fa15-20220618-0093-e91.fits.fz  59748.990879665  59748.990971992  5450  7.9288e-16  2.6922e-17
lsc1m005-fa15-20220618-0105-e91.fits.fz  59749.001299329  59749.001391644  5450  7.9430e-16  2.7305e-17
lsc1m009-fa04-20220618-0106-e91.fits.fz  59749.013515244  59749.013607512  5450  7.0599e-16  2.1886e-17
lsc1m009-fa04-20220618-0111-e91.fits.fz  59749.022076841  59749.022169109  5450  7.5838e-16  2.8161e-17
lsc1m009-fa04-20220618-0116-e91.fits.fz  59749.032497234  59749.032589549  5450  6.4519e-16  4.5235e-17
lsc1m005-fa15-20220618-0121-e91.fits.fz  59749.042911933  59749.043004248  5450  7.7100e-16  2.3406e-17
lsc1m005-fa15-20220618-0130-e91.fits.fz  59749.053146818  59749.053239086  5450  7.6866e-16  2.3928e-17
lsc1m005-fa15-20220618-0132-e91.fits.fz  59749.063506054  59749.063598369  5450  8.2036e-16  2.3215e-17
lsc1m005-fa15-20220618-0144-e91.fits.fz  59749.074139688  59749.074232003  5450  8.1633e-16  2.4140e-17
lsc1m005-fa15-20220618-0156-e91.fits.fz  59749.084642350  59749.084734665  5450  8.0054e-16  2.2473e-17
lsc1m009-fa04-20220618-0171-e91.fits.fz  59749.125316389  59749.125408704  5450  7.4640e-16  2.0952e-17
lsc1m005-fa15-20220618-0184-e91.fits.fz  59749.133921910  59749.134014225  5450  7.1850e-16  2.3404e-17
lsc1m005-fa15-20220618-0186-e91.fits.fz  59749.139884294  59749.139976609  5450  7.6025e-16  2.3183e-17
lsc1m005-fa15-20220618-0192-e91.fits.fz  59749.150460568  59749.150552883  5450  7.2164e-16  2.3302e-17
lsc1m005-fa15-20220618-0197-e91.fits.fz  59749.160945024  59749.161037292  5450  7.4142e-16  2.3504e-17
lsc1m005-fa15-20220618-0200-e91.fits.fz  59749.171276343  59749.171368612  5450  7.7343e-16  2.4391e-17
lsc1m005-fa15-20220618-0206-e91.fits.fz  59749.181714642  59749.181806957  5450  7.4109e-16  2.4999e-17
lsc1m005-fa15-20220618-0218-e91.fits.fz  59749.192067767  59749.192160035  5450  8.0410e-16  2.4323e-17
lsc1m005-fa15-20220618-0221-e91.fits.fz  59749.202649630  59749.202741945  5450  7.5878e-16  2.4036e-17
lsc1m005-fa15-20220618-0224-e91.fits.fz  59749.212914561  59749.213006829  5450  8.8656e-16  5.8648e-17
lsc1m005-fa15-20220618-0236-e91.fits.fz  59749.223300406  59749.223392674  5450  7.9822e-16  3.0718e-17
lsc1m005-fa15-20220618-0256-e91.fits.fz  59749.258961470  59749.259053739  5450  8.6805e-16  2.7756e-17
lsc1m005-fa15-20220618-0258-e91.fits.fz  59749.264893577  59749.264985845  5450  7.9625e-16  2.8828e-17
lsc1m005-fa15-20220618-0260-e91.fits.fz  59749.275313079  59749.275405348  5450  7.7136e-16  3.0904e-17
lsc1m005-fa15-20220618-0262-e91.fits.fz  59749.285722952  59749.285815220  5450  7.9993e-16  3.0923e-17
coj1m011-fa12-20220619-0033-e91.fits.fz  59749.392179850  59749.392272165  5450  8.2134e-16  3.4545e-17
coj1m011-fa12-20220619-0040-e91.fits.fz  59749.402727709  59749.402820024  5450  7.8207e-16  3.8173e-17
cpt1m012-fa06-20220619-0129-e91.fits.fz  59749.748623762  59749.748843392  5450  7.6967e-16  4.4788e-17
coj1m011-fa12-20220620-0070-e91.fits.fz  59750.443552153  59750.443644468  5450  7.3908e-16  2.3893e-17
coj1m011-fa12-20220620-0129-e91.fits.fz  59750.524703971  59750.524923647  5450  6.6155e-16  1.1500e-17
coj1m011-fa12-20220621-0195-e91.fits.fz  59751.624847454  59751.625067130  5450  8.0162e-16  1.3938e-17
coj1m011-fa12-20220622-0118-e91.fits.fz  59752.421461852  59752.421554213  5450  7.3102e-16  2.4580e-17
coj1m011-fa12-20220624-0079-e91.fits.fz  59754.381138044  59754.381357720  5450  7.3399e-16  1.1648e-17
cpt1m010-fa16-20220624-0040-e91.fits.fz  59754.945065776  59754.945159109  5450  6.9755e-16  4.8350e-17
lsc1m004-fa03-20220624-0089-e91.fits.fz  59755.104545706  59755.104638021  5450  6.2483e-16  5.4708e-17
coj1m011-fa12-20220625-0128-e91.fits.fz  59755.458953831  59755.459173507  5450  6.7698e-16  1.3729e-17
lsc1m009-fa04-20220625-0033-e91.fits.fz  59756.104742408  59756.104834723  5450  7.6419e-16  3.0086e-17
coj1m003-fa19-20220626-0078-e91.fits.fz  59756.458906343  59756.459126991  5450  7.9990e-16  2.2657e-17
coj1m011-fa12-20220627-0140-e91.fits.fz  59757.473797501  59757.474017165  5450  7.6020e-16  1.9080e-17
lsc1m004-fa03-20220627-0033-e91.fits.fz  59758.111464862  59758.111557177  5450  6.8080e-16  3.5011e-17
cpt1m012-fa06-20220628-0195-e91.fits.fz  59758.844513311  59758.844732940  5450  8.3097e-16  3.2745e-17
lsc1m004-fa03-20220628-0319-e91.fits.fz  59759.241230221  59759.241322489  5450  8.0328e-16  2.9236e-17
lsc1m009-fa04-20220629-0252-e91.fits.fz  59760.243982975  59760.244202558  5450  6.5654e-16  2.0109e-17
cpt1m010-fa16-20220630-0237-e91.fits.fz  59760.959391945  59760.959612593  5450  7.5683e-16  2.7187e-17
cpt1m010-fa16-20220701-0211-e91.fits.fz  59761.971929873  59761.972150533  5450  6.7878e-16  7.0895e-17
lsc1m005-fa15-20220701-0113-e91.fits.fz  59762.082096494  59762.082188762  5450  7.3188e-16  3.6399e-17
lsc1m005-fa15-20220702-0353-e91.fits.fz  59763.148628392  59763.148847929  5450  7.6632e-16  1.3401e-17
lsc1m005-fa15-20220702-0360-e91.fits.fz  59763.157817327  59763.157909595  5450  7.5411e-16  2.3488e-17
coj0m405-kb88-20220709-0042-e91.fits.fz  59769.375202894  59769.375553380  5450  6.8994e-16  1.2836e-16
cpt1m012-fa06-20220709-0068-e91.fits.fz  59769.712813438  59769.712905753  5450  7.8655e-16  1.1852e-16
coj0m405-kb88-20220711-0045-e91.fits.fz  59771.394658392  59771.395529804  5450  7.9538e-16  1.1883e-16
cpt1m010-fa16-20220722-0104-e91.fits.fz  59782.774297998  59782.774518646  5450  6.7697e-16  9.7259e-17
coj1m003-fa19-20220724-0238-e91.fits.fz  59784.542240209  59784.542460903  5450  6.8832e-16  1.3427e-17
coj1m003-fa19-20220724-0246-e91.fits.fz  59784.549006725  59784.549100105  5450  6.8526e-16  2.6717e-17
coj1m003-fa19-20220724-0248-e91.fits.fz  59784.551027894  59784.551248600  5450  6.9665e-16  1.3851e-17
coj1m003-fa19-20220725-0057-e91.fits.fz  59785.358145660  59785.358366320  5450  7.9421e-16  1.2553e-17
coj1m011-fa12-20220725-0144-e91.fits.fz  59785.516709341  59785.516801656  5450  8.5974e-16  3.7337e-17
coj1m011-fa12-20220725-0164-e91.fits.fz  59785.543226551  59785.543446505  5450  7.9045e-16  1.6153e-17
cpt1m010-fa16-20220725-0232-e91.fits.fz  59785.890356968  59785.890577570  5450  7.4817e-16  2.8075e-17
cpt1m012-fa06-20220725-0189-e91.fits.fz  59785.923180371  59785.923272640  5450  6.5942e-16  5.9138e-17
lsc1m009-fa04-20220725-0002-e91.fits.fz  59785.979551308  59785.979770938  5450  7.2974e-16  1.1855e-17
lsc1m009-fa04-20220726-0119-e91.fits.fz  59787.098511922  59787.098731563  5450  7.4444e-16  1.2369e-17
lsc1m009-fa04-20220726-0128-e91.fits.fz  59787.106142072  59787.106361702  5450  7.8265e-16  1.9377e-17
lsc1m009-fa04-20220726-0137-e91.fits.fz  59787.116893288  59787.117112917  5450  7.4955e-16  2.0221e-17
lsc1m009-fa04-20220726-0145-e91.fits.fz  59787.125373033  59787.125593588  5450  7.6661e-16  1.7008e-17
lsc1m005-fa15-20220726-0125-e91.fits.fz  59787.135990059  59787.136209642  5450  7.1997e-16  1.3456e-17
lsc1m009-fa04-20220726-0151-e91.fits.fz  59787.146459491  59787.146679075  5450  7.1487e-16  1.6284e-17
lsc1m009-fa04-20220726-0165-e91.fits.fz  59787.156622871  59787.156842500  5450  7.4031e-16  1.5716e-17
lsc1m009-fa04-20220726-0177-e91.fits.fz  59787.167097234  59787.167316818  5450  7.0176e-16  1.2788e-17
lsc1m009-fa04-20220726-0181-e91.fits.fz  59787.180968739  59787.181188369  5450  7.4144e-16  1.5269e-17
lsc1m009-fa04-20220726-0184-e91.fits.fz  59787.185646320  59787.185738635  5450  7.1365e-16  3.0186e-17
lsc1m009-fa04-20220726-0186-e91.fits.fz  59787.187851089  59787.188070718  5450  7.3455e-16  1.5888e-17
cpt1m012-fa06-20220727-0078-e91.fits.fz  59787.871507350  59787.871726980  5450  9.0269e-16  4.3848e-17
lsc1m005-fa15-20220727-0087-e91.fits.fz  59788.021257744  59788.021477373  5450  8.4465e-16  1.6074e-17
lsc1m009-fa04-20220727-0061-e91.fits.fz  59788.028335718  59788.028555348  5450  8.1978e-16  1.3403e-17
lsc1m005-fa15-20220727-0091-e91.fits.fz  59788.038657883  59788.038877478  5450  8.0481e-16  1.4026e-17
lsc1m005-fa15-20220727-0093-e91.fits.fz  59788.049117674  59788.049337304  5450  8.0815e-16  1.5360e-17
lsc1m005-fa15-20220727-0103-e91.fits.fz  59788.059150845  59788.059370429  5450  8.1425e-16  1.5529e-17
lsc1m009-fa04-20220727-0081-e91.fits.fz  59788.073397686  59788.073617315  5450  8.3777e-16  1.4882e-17
lsc1m005-fa15-20220727-0105-e91.fits.fz  59788.083369063  59788.083588693  5450  8.1394e-16  1.3931e-17
lsc1m005-fa15-20220727-0115-e91.fits.fz  59788.093113843  59788.093333438  5450  8.1651e-16  1.3581e-17
lsc1m005-fa15-20220727-0117-e91.fits.fz  59788.095322709  59788.095415024  5450  8.1604e-16  2.9582e-17
lsc1m005-fa15-20220727-0122-e91.fits.fz  59788.100991667  59788.101211297  5450  8.5282e-16  1.5248e-17
lsc1m005-fa15-20220727-0133-e91.fits.fz  59788.111500151  59788.111719734  5450  8.2078e-16  1.3905e-17
lsc1m005-fa15-20220727-0138-e91.fits.fz  59788.122136656  59788.122356285  5450  8.0560e-16  1.6880e-17
lsc1m005-fa15-20220727-0146-e91.fits.fz  59788.131634989  59788.131854584  5450  8.2329e-16  1.5886e-17
lsc1m005-fa15-20220727-0151-e91.fits.fz  59788.142266910  59788.142486493  5450  8.1239e-16  1.8599e-17
lsc1m005-fa15-20220727-0155-e91.fits.fz  59788.153200869  59788.153420498  5450  8.2926e-16  2.0122e-17
lsc1m005-fa15-20220727-0159-e91.fits.fz  59788.167097396  59788.167316991  5450  8.1552e-16  1.5966e-17
lsc1m009-fa04-20220727-0093-e91.fits.fz  59788.173351170  59788.173570799  5450  8.0973e-16  1.6401e-17
lsc1m009-fa04-20220727-0098-e91.fits.fz  59788.184515996  59788.184735637  5450  7.2891e-16  2.2791e-17
coj1m011-fa12-20220728-0143-e91.fits.fz  59788.543272304  59788.543491980  5450  6.6960e-16  1.6197e-17
cpt1m010-fa16-20220728-0158-e91.fits.fz  59788.885612651  59788.885833265  5450  7.2269e-16  2.9032e-17
coj1m011-fa12-20220729-0205-e91.fits.fz  59789.529142975  59789.529362605  5450  6.9487e-16  1.2958e-17
lsc1m009-fa04-20220729-0104-e91.fits.fz  59790.043622211  59790.043679896  5450  8.5367e-16  5.3643e-17
lsc1m009-fa04-20220729-0134-e91.fits.fz  59790.090570301  59790.090789942  5450  8.3014e-16  1.9934e-17
coj1m003-fa19-20220730-0118-e91.fits.fz  59790.448628450  59790.448849110  5450  7.7930e-16  1.2145e-17
cpt1m010-fa16-20220730-0113-e91.fits.fz  59790.804525603  59790.804746204  5450  7.4318e-16  2.7900e-17
cpt1m012-fa06-20220730-0175-e91.fits.fz  59790.816413693  59790.816633322  5450  7.0945e-16  3.2465e-17
lsc1m005-fa15-20220730-0316-e91.fits.fz  59791.147489167  59791.147547686  5450  7.3743e-16  4.3253e-17
lsc1m005-fa15-20220731-0058-e91.fits.fz  59791.961588426  59791.961808056  5450  7.1332e-16  2.1786e-17
lsc1m009-fa04-20220731-0081-e91.fits.fz  59792.039715510  59792.039773253  5450  6.8104e-16  4.2736e-17
lsc1m009-fa04-20220731-0088-e91.fits.fz  59792.048368091  59792.048588334  5450  6.4431e-16  2.4964e-17
lsc1m009-fa04-20220731-0090-e91.fits.fz  59792.050442489  59792.050662304  5450  6.1203e-16  2.9939e-17
lsc1m005-fa15-20220802-0065-e91.fits.fz  59793.986522836  59793.986742431  5450  7.0459e-16  1.6730e-17
lsc1m005-fa15-20220802-0146-e91.fits.fz  59794.174036875  59794.174094422  5450  6.7875e-16  4.2511e-17
lsc1m009-fa04-20220803-0069-e91.fits.fz  59794.995412315  59794.995631945  5450  7.9028e-16  1.5623e-17
lsc1m005-fa15-20220803-0134-e91.fits.fz  59795.135825556  59795.135883484  5450  8.4572e-16  4.0473e-17
lsc1m009-fa04-20220804-0058-e91.fits.fz  59795.962976852  59795.963196494  5450  6.6328e-16  1.8103e-17
lsc1m005-fa15-20220805-0058-e91.fits.fz  59796.963459225  59796.963678808  5450  7.6816e-16  2.9158e-17
cpt1m010-fa16-20220806-0110-e91.fits.fz  59797.823325058  59797.823545660  5450  7.4334e-16  5.4946e-17
coj0m403-kb23-20220807-0048-e91.fits.fz  59798.354494619  59798.355018149  5450  5.9456e-16  5.9389e-17
coj1m003-fa19-20220807-0076-e91.fits.fz  59798.462507743  59798.462728392  5450  6.4437e-16  1.8978e-17
lsc1m009-fa04-20220807-0066-e91.fits.fz  59799.098770938  59799.098990521  5450  6.4018e-16  5.5502e-17
lsc1m005-fa15-20220808-0072-e91.fits.fz  59800.000528704  59800.000748334  5450  7.5216e-16  2.8394e-17
lsc0m409-kb98-20220808-0118-e91.fits.fz  59800.130842165  59800.131366204  5450  8.0231e-16  1.3372e-16
lsc1m005-fa15-20220809-0087-e91.fits.fz  59801.000419711  59801.000639341  5450  6.8477e-16  2.4984e-17
lsc0m409-kb98-20220812-0124-e91.fits.fz  59804.083614734  59804.084138809  5450  6.2893e-16  1.2124e-16
coj0m405-kb83-20220826-0064-e91.fits.fz  59817.359142593  59817.359493160  5450  5.6094e-16  8.9927e-17
coj0m403-kb23-20220828-0057-e91.fits.fz  59819.359911204  59819.360955533  5450  6.9761e-16  2.6811e-17
lsc0m409-kb98-20220828-0059-e91.fits.fz  59819.973302859  59819.973827026  5450  8.0422e-16  1.0211e-16
lsc0m409-kb98-20220829-0065-e91.fits.fz  59820.975221922  59820.976266945  5450  6.4331e-16  5.5289e-17
lsc0m409-kb98-20220829-0069-e91.fits.fz  59820.980225417  59820.980749491  5450  8.7916e-16  1.0978e-16
lsc0m409-kb98-20220830-0067-e91.fits.fz  59821.977065602  59821.977589781  5450  6.2350e-16  9.9536e-17
lsc0m409-kb98-20220830-0072-e91.fits.fz  59821.983071274  59821.984116204  5450  6.2658e-16  5.2087e-17
coj0m403-kb23-20220831-0057-e91.fits.fz  59822.361008635  59822.362053079  5450  6.8074e-16  2.9691e-17
lsc0m409-kb98-20220831-0064-e91.fits.fz  59822.972173797  59822.972697940  5450  7.2853e-16  1.0702e-16
lsc0m409-kb98-20220901-0064-e91.fits.fz  59823.972524341  59823.973048450  5450  7.7796e-16  1.0743e-16
lsc0m409-kb98-20220902-0069-e91.fits.fz  59824.974953461  59824.975477581  5450  7.1193e-16  1.0492e-16
lsc0m409-kb98-20220902-0071-e91.fits.fz  59824.977198322  59824.978243334  5450  7.7015e-16  6.2813e-17
lsc0m409-kb98-20220903-0064-e91.fits.fz  59825.973235059  59825.973759202  5450  6.9532e-16  1.2287e-16
lsc0m409-kb98-20220903-0066-e91.fits.fz  59825.975482408  59825.976527385  5450  6.0782e-16  6.6998e-17
coj0m403-kb23-20220904-0042-e91.fits.fz  59826.362634584  59826.363680498  5450  8.5374e-16  4.8807e-17
lsc0m409-kb98-20220904-0057-e91.fits.fz  59826.973596378  59826.974120510  5450  7.6009e-16  1.0933e-16
coj0m405-kb83-20220905-0042-e91.fits.fz  59827.375271910  59827.376316864  5450  4.7674e-16  8.9558e-17
lsc0m409-kb98-20220905-0064-e91.fits.fz  59827.973928716  59827.974452836  5450  6.1046e-16  1.1438e-16
lsc0m409-kb98-20220906-0066-e91.fits.fz  59828.975975845  59828.976499920  5450  6.3124e-16  1.1144e-16
coj0m403-kb23-20220912-0059-e91.fits.fz  59834.368226980  59834.368576910  5450  7.1413e-16  8.6675e-17
coj0m403-kb23-20220913-0066-e91.fits.fz  59835.367932246  59835.368282177  5450  6.5581e-16  7.6842e-17
coj0m403-kb23-20220916-0057-e91.fits.fz  59838.367209839  59838.367559723  5450  6.6173e-16  1.2020e-16
coj0m403-kb23-20220918-0064-e91.fits.fz  59840.368054549  59840.368404491  5450  6.0887e-16  7.3099e-17
coj0m403-kb23-20220919-0046-e91.fits.fz  59841.370371934  59841.370721853  5450  6.9861e-16  7.7225e-17
lsc0m409-kb98-20220919-0102-e91.fits.fz  59842.013868253  59842.014739549  5450  7.5337e-16  6.7270e-17
lsc0m409-kb98-20220921-0066-e91.fits.fz  59843.982154792  59843.982505255  5450  9.7504e-16  1.8765e-16
lsc0m409-kb98-20220921-0068-e91.fits.fz  59843.984403635  59843.985275070  5450  6.7479e-16  7.5553e-17
lsc0m409-kb98-20220923-0068-e91.fits.fz  59845.984737535  59845.985608936  5450  6.8270e-16  6.4139e-17
coj0m403-kb23-20220925-0064-e91.fits.fz  59847.371073762  59847.371944456  5450  7.4372e-16  4.1151e-17
lsc0m409-kb98-20220925-0066-e91.fits.fz  59847.986360927  59847.987232246  5450  7.3286e-16  6.5016e-17
coj0m403-kb23-20220927-0064-e91.fits.fz  59849.371949700  59849.372820452  5450  7.2000e-16  4.3141e-17
coj0m403-kb23-20220927-0068-e91.fits.fz  59849.376612836  59849.376962790  5450  7.6992e-16  8.1845e-17
lsc0m409-kb98-20220927-0065-e91.fits.fz  59849.982405938  59849.982756436  5450  1.1859e-15  1.8931e-16
cpt0m407-kb87-20220129-0198-e91.fits.fz  59609.084681366  59609.084800394  7670  3.4672e-15  3.4499e-16
cpt0m407-kb87-20220129-0199-e91.fits.fz  59609.084923623  59609.085100510  7670  3.3746e-15  2.2069e-16
cpt0m407-kb87-20220129-0200-e91.fits.fz  59609.085223843  59609.085458612  7670  3.7032e-15  1.6216e-16
cpt0m407-kb87-20220129-0201-e91.fits.fz  59609.085583936  59609.085934422  7670  3.4557e-15  1.0395e-16
lsc0m412-kb26-20220131-0096-e91.fits.fz  59611.378393438  59611.378628207  7670  3.0785e-15  4.1422e-16
lsc0m409-kb29-20220201-0192-e91.fits.fz  59612.326760764  59612.326995567  7670  3.6244e-15  2.5887e-16
lsc0m409-kb29-20220204-0231-e91.fits.fz  59615.309365672  59615.309600475  7670  3.8782e-15  2.4137e-16
cpt0m407-kb87-20220205-0189-e91.fits.fz  59616.077575382  59616.077810139  7670  3.4680e-15  1.4933e-16
cpt0m407-kb87-20220206-0156-e91.fits.fz  59617.058331517  59617.058566274  7670  3.2559e-15  1.4546e-16
lsc0m409-kb29-20220207-0165-e91.fits.fz  59618.301177674  59618.301412489  7670  3.5873e-15  2.2872e-16
cpt0m407-kb87-20220208-0166-e91.fits.fz  59619.059537107  59619.059771910  7670  3.5358e-15  1.4702e-16
cpt0m407-kb87-20220209-0155-e91.fits.fz  59620.048027454  59620.048262188  7670  3.8313e-15  1.3461e-16
lsc0m409-kb29-20220414-0123-e91.fits.fz  59684.132806957  59684.133041702  7670  3.3747e-15  1.4202e-16
lsc0m409-kb29-20220415-0170-e91.fits.fz  59685.129994642  59685.130229387  7670  3.4541e-15  1.5248e-16
lsc0m409-kb29-20220416-0140-e91.fits.fz  59686.127435938  59686.127670683  7670  3.3318e-15  1.6541e-16
lsc0m409-kb29-20220417-0143-e91.fits.fz  59687.124782489  59687.125017246  7670  3.3367e-15  1.6649e-16
lsc0m409-kb29-20220418-0156-e91.fits.fz  59688.122811656  59688.123046389  7670  3.7368e-15  6.1959e-16
lsc0m412-kb26-20220420-0060-e91.fits.fz  59690.115650938  59690.115769977  7670  3.3629e-15  5.1710e-16
lsc0m409-kb29-20220420-0099-e91.fits.fz  59690.116351262  59690.116585996  7670  3.5157e-15  1.6642e-16
lsc0m409-kb29-20220421-0173-e91.fits.fz  59691.112977825  59691.113096922  7670  3.4734e-15  2.7128e-16
lsc0m412-kb26-20220421-0153-e91.fits.fz  59691.113732581  59691.113967350  7670  3.7093e-15  2.0436e-16
lsc0m409-kb29-20220422-0177-e91.fits.fz  59692.110290371  59692.110409387  7670  3.5514e-15  2.7661e-16
lsc0m412-kb26-20220422-0188-e91.fits.fz  59692.110892408  59692.111127177  7670  4.0667e-15  1.9920e-16
lsc0m409-kb29-20220423-0157-e91.fits.fz  59693.109003253  59693.109238021  7670  3.0364e-15  1.4232e-16
lsc0m409-kb29-20220423-0182-e91.fits.fz  59693.139367883  59693.139486945  7670  2.6622e-15  2.4393e-16
coj0m403-kb24-20220424-0229-e91.fits.fz  59693.727696424  59693.727930649  7670  4.2199e-15  2.8383e-16
lsc0m409-kb29-20220424-0170-e91.fits.fz  59694.106055024  59694.106174086  7670  3.7027e-15  3.2220e-16
lsc0m409-kb29-20220424-0287-e91.fits.fz  59694.305965278  59694.306199977  7670  3.4719e-15  1.3560e-16
lsc0m409-kb29-20220425-0281-e91.fits.fz  59695.418434804  59695.418553797  7670  3.6969e-15  3.3297e-16
lsc0m412-kb26-20220426-0064-e91.fits.fz  59696.248482350  59696.248601378  7670  2.5508e-15  3.6645e-16
lsc0m412-kb26-20220426-0066-e91.fits.fz  59696.251158299  59696.251393044  7670  3.4532e-15  1.9288e-16
cpt0m407-kb87-20220427-0089-e91.fits.fz  59696.903970660  59696.904205429  7670  3.7127e-15  1.3918e-16
cpt0m407-kb87-20220427-0091-e91.fits.fz  59696.906801366  59696.906920348  7670  4.3501e-15  3.1484e-16
lsc0m409-kb29-20220427-0179-e91.fits.fz  59697.198811123  59697.198987998  7670  3.1803e-15  1.8700e-16
lsc0m409-kb29-20220428-0156-e91.fits.fz  59698.085274341  59698.085509156  7670  2.9758e-15  1.5121e-16
lsc0m409-kb29-20220428-0163-e91.fits.fz  59698.095708218  59698.095942952  7670  3.2927e-15  1.4930e-16
lsc0m409-kb29-20220428-0172-e91.fits.fz  59698.106119017  59698.106353831  7670  3.1708e-15  1.4839e-16
lsc0m409-kb29-20220428-0178-e91.fits.fz  59698.113152477  59698.113271528  7670  2.9617e-15  2.9682e-16
lsc0m409-kb29-20220428-0180-e91.fits.fz  59698.116512211  59698.116747107  7670  3.1620e-15  1.4804e-16
lsc0m409-kb29-20220428-0194-e91.fits.fz  59698.129571031  59698.129805672  7670  3.0302e-15  1.4081e-16
lsc0m409-kb29-20220428-0196-e91.fits.fz  59698.132138669  59698.132373473  7670  3.2908e-15  1.4101e-16
cpt0m407-kb87-20220428-0182-e91.fits.fz  59698.137413750  59698.137648519  7670  3.0398e-15  1.4524e-16
cpt0m407-kb87-20220428-0184-e91.fits.fz  59698.147660938  59698.147895707  7670  3.2200e-15  1.4590e-16
cpt0m407-kb87-20220428-0202-e91.fits.fz  59698.172792570  59698.172969457  7670  3.1963e-15  2.0247e-16
coj0m403-kb24-20220429-0094-e91.fits.fz  59698.539552987  59698.539787153  7670  3.7197e-15  1.5358e-16
coj0m405-kb88-20220429-0105-e91.fits.fz  59698.552460290  59698.552695012  7670  4.1933e-15  2.3621e-16
coj0m403-kb24-20220429-0114-e91.fits.fz  59698.560392697  59698.560626864  7670  3.2745e-15  1.1434e-16
coj0m405-kb88-20220429-0116-e91.fits.fz  59698.569375660  59698.569610406  7670  3.3953e-15  1.4850e-16
coj0m403-kb24-20220429-0134-e91.fits.fz  59698.579802257  59698.580036401  7670  3.3778e-15  1.2379e-16
coj0m403-kb24-20220429-0136-e91.fits.fz  59698.590103207  59698.590337431  7670  3.5762e-15  1.0910e-16
coj0m405-kb88-20220429-0128-e91.fits.fz  59698.600619074  59698.600853912  7670  3.6015e-15  1.0739e-16
coj0m405-kb88-20220429-0139-e91.fits.fz  59698.611562096  59698.611796841  7670  3.8782e-15  1.0011e-16
coj0m403-kb24-20220429-0151-e91.fits.fz  59698.621484862  59698.621718994  7670  3.2850e-15  1.0469e-16
coj0m403-kb24-20220429-0153-e91.fits.fz  59698.631772801  59698.632007026  7670  3.7240e-15  1.1780e-16
coj0m405-kb88-20220429-0141-e91.fits.fz  59698.642197720  59698.642432431  7670  3.2829e-15  1.7560e-16
coj0m403-kb24-20220429-0164-e91.fits.fz  59698.652710996  59698.652945244  7670  3.2090e-15  3.8040e-16
lsc0m409-kb29-20220429-0163-e91.fits.fz  59699.127072014  59699.127306783  7670  3.4255e-15  1.9688e-16
lsc0m409-kb29-20220429-0171-e91.fits.fz  59699.136779098  59699.137013866  7670  3.5373e-15  1.5471e-16
lsc0m409-kb29-20220429-0173-e91.fits.fz  59699.143721795  59699.143956552  7670  3.8346e-15  1.6237e-16
lsc0m409-kb29-20220429-0184-e91.fits.fz  59699.154806702  59699.155041436  7670  3.5364e-15  1.5908e-16
lsc0m412-kb26-20220429-0123-e91.fits.fz  59699.167621320  59699.167856135  7670  3.6957e-15  4.7526e-16
lsc0m412-kb26-20220429-0128-e91.fits.fz  59699.174887084  59699.175121841  7670  4.3589e-15  3.4381e-16
lsc0m412-kb26-20220429-0131-e91.fits.fz  59699.185883623  59699.186118392  7670  4.2115e-15  5.1412e-16
lsc0m412-kb26-20220429-0148-e91.fits.fz  59699.209447350  59699.209682095  7670  3.4246e-15  1.8532e-16
lsc0m412-kb26-20220429-0152-e91.fits.fz  59699.216463704  59699.216698426  7670  3.4209e-15  2.7252e-16
coj0m405-kb88-20220430-0050-e91.fits.fz  59699.621959179  59699.622078241  7670  3.4678e-15  2.5148e-16
coj0m403-kb24-20220430-0046-e91.fits.fz  59699.625620915  59699.625855082  7670  3.5907e-15  1.5940e-16
coj0m405-kb88-20220430-0056-e91.fits.fz  59699.636659456  59699.636894237  7670  4.1273e-15  2.6109e-16
coj0m405-kb88-20220430-0116-e91.fits.fz  59699.810991436  59699.811226181  7670  3.4981e-15  2.1263e-16
cpt0m407-kb87-20220430-0411-e91.fits.fz  59700.171534052  59700.171710950  7670  2.8392e-15  1.7965e-16
coj0m403-kb24-20220501-0174-e91.fits.fz  59700.644247778  59700.644366193  7670  3.3808e-15  1.7718e-16
cpt0m407-kb87-20220501-0281-e91.fits.fz  59700.921340081  59700.921574838  7670  3.4448e-15  1.4077e-16
cpt0m407-kb87-20220501-0403-e91.fits.fz  59701.175734410  59701.175911320  7670  3.6481e-15  2.0619e-16
cpt0m407-kb87-20220502-0372-e91.fits.fz  59702.015619584  59702.015854352  7670  3.4022e-15  1.4356e-16
cpt0m407-kb87-20220502-0463-e91.fits.fz  59702.170224028  59702.170400926  7670  3.2578e-15  2.5601e-16
coj0m405-kb88-20220503-0223-e91.fits.fz  59702.562985035  59702.563104144  7670  3.2866e-15  1.9144e-16
coj0m405-kb88-20220503-0234-e91.fits.fz  59702.573295058  59702.573414074  7670  3.0543e-15  1.9338e-16
coj0m405-kb88-20220503-0240-e91.fits.fz  59702.581122072  59702.581241123  7670  3.1385e-15  1.9286e-16
coj0m405-kb88-20220503-0248-e91.fits.fz  59702.593506702  59702.593625822  7670  3.0040e-15  1.9136e-16
coj0m405-kb88-20220503-0252-e91.fits.fz  59702.598563160  59702.598682281  7670  3.2743e-15  1.9097e-16
coj0m405-kb88-20220503-0264-e91.fits.fz  59702.609002940  59702.609122049  7670  3.1675e-15  2.0315e-16
coj0m405-kb88-20220503-0275-e91.fits.fz  59702.619392327  59702.619511343  7670  3.3440e-15  1.8599e-16
coj0m405-kb88-20220503-0279-e91.fits.fz  59702.629868323  59702.629987385  7670  3.2479e-15  1.9139e-16
coj0m405-kb88-20220503-0288-e91.fits.fz  59702.641460186  59702.641579237  7670  3.6306e-15  1.9571e-16
coj0m405-kb88-20220503-0299-e91.fits.fz  59702.651651760  59702.651770845  7670  3.1200e-15  1.9509e-16
cpt0m407-kb87-20220503-0138-e91.fits.fz  59702.825964503  59702.826083531  7670  3.1897e-15  2.8833e-16
cpt0m407-kb87-20220503-0144-e91.fits.fz  59702.832526933  59702.832645950  7670  3.5964e-15  2.8488e-16
cpt0m407-kb87-20220503-0153-e91.fits.fz  59702.842934746  59702.843053785  7670  3.3928e-15  2.8945e-16
cpt0m407-kb87-20220503-0155-e91.fits.fz  59702.844830243  59702.844949260  7670  3.5182e-15  2.9263e-16
cpt0m407-kb87-20220503-0166-e91.fits.fz  59702.855136146  59702.855255163  7670  3.1027e-15  3.0085e-16
cpt0m407-kb87-20220503-0172-e91.fits.fz  59702.864687755  59702.864806818  7670  3.2719e-15  2.8205e-16
cpt0m407-kb87-20220503-0178-e91.fits.fz  59702.874749561  59702.874868623  7670  3.2955e-15  2.7864e-16
cpt0m407-kb87-20220503-0189-e91.fits.fz  59702.884906031  59702.885025059  7670  3.4916e-15  2.5745e-16
cpt0m407-kb87-20220503-0196-e91.fits.fz  59702.895172917  59702.895291957  7670  3.0140e-15  2.7151e-16
cpt0m407-kb87-20220503-0202-e91.fits.fz  59702.905526852  59702.905645915  7670  3.6269e-15  2.6939e-16
cpt0m407-kb87-20220503-0213-e91.fits.fz  59702.919313565  59702.919432558  7670  3.5500e-15  2.6637e-16
cpt0m407-kb87-20220503-0247-e91.fits.fz  59702.962368253  59702.962487315  7670  2.8605e-15  2.6841e-16
cpt0m407-kb87-20220503-0249-e91.fits.fz  59702.968552269  59702.968671297  7670  3.4612e-15  2.5440e-16
cpt0m407-kb87-20220503-0253-e91.fits.fz  59702.979066725  59702.979185753  7670  2.8821e-15  2.7793e-16
cpt0m407-kb87-20220503-0258-e91.fits.fz  59702.989546586  59702.989665614  7670  3.0157e-15  2.7349e-16
cpt0m407-kb87-20220503-0269-e91.fits.fz  59703.002630949  59703.002749977  7670  3.2829e-15  2.6168e-16
cpt0m407-kb87-20220503-0271-e91.fits.fz  59703.010229468  59703.010348473  7670  2.8685e-15  2.8897e-16
cpt0m407-kb87-20220503-0273-e91.fits.fz  59703.020643589  59703.020762593  7670  3.5362e-15  2.7826e-16
cpt0m407-kb87-20220503-0277-e91.fits.fz  59703.031051806  59703.031170846  7670  2.8913e-15  2.8145e-16
cpt0m407-kb87-20220503-0279-e91.fits.fz  59703.041469480  59703.041588496  7670  3.1321e-15  2.7389e-16
cpt0m407-kb87-20220503-0286-e91.fits.fz  59703.052052107  59703.052171135  7670  3.5786e-15  2.6867e-16
cpt0m407-kb87-20220503-0308-e91.fits.fz  59703.092265209  59703.092384190  7670  3.5092e-15  2.7555e-16
lsc0m412-kb26-20220503-0150-e91.fits.fz  59703.098561193  59703.098680255  7670  3.1802e-15  3.4742e-16
cpt0m407-kb87-20220503-0319-e91.fits.fz  59703.108922096  59703.109041123  7670  3.0118e-15  2.6982e-16
cpt0m407-kb87-20220503-0321-e91.fits.fz  59703.114157385  59703.114392153  7670  2.8777e-15  1.3486e-16
lsc0m412-kb26-20220503-0154-e91.fits.fz  59703.119394260  59703.119513241  7670  3.0980e-15  3.3816e-16
cpt0m407-kb87-20220503-0332-e91.fits.fz  59703.129762165  59703.129881146  7670  3.5429e-15  2.9211e-16
cpt0m407-kb87-20220503-0334-e91.fits.fz  59703.156061760  59703.156180776  7670  3.4411e-15  3.0690e-16
lsc0m412-kb26-20220503-0178-e91.fits.fz  59703.164077616  59703.164196644  7670  3.4741e-15  3.5904e-16
lsc0m412-kb26-20220503-0184-e91.fits.fz  59703.172840174  59703.172959167  7670  3.8785e-15  4.2957e-16
lsc0m412-kb26-20220503-0186-e91.fits.fz  59703.174982304  59703.175159167  7670  3.1498e-15  2.8923e-16
lsc0m412-kb26-20220503-0192-e91.fits.fz  59703.183192142  59703.183311146  7670  4.3702e-15  3.7899e-16
lsc0m412-kb26-20220503-0203-e91.fits.fz  59703.194685660  59703.194804677  7670  3.1362e-15  3.5973e-16
lsc0m412-kb26-20220503-0207-e91.fits.fz  59703.203969052  59703.204088033  7670  3.1715e-15  3.5069e-16
lsc0m409-kb29-20220503-0115-e91.fits.fz  59703.224963530  59703.225082558  7670  3.4968e-15  2.7963e-16
lsc0m409-kb29-20220503-0129-e91.fits.fz  59703.238660926  59703.238779966  7670  3.0433e-15  2.4179e-16
lsc0m409-kb29-20220503-0131-e91.fits.fz  59703.245704885  59703.245823936  7670  3.0969e-15  2.3714e-16
cpt0m407-kb87-20220504-0182-e91.fits.fz  59703.827660857  59703.827895649  7670  4.1416e-15  1.5125e-16
cpt0m407-kb87-20220504-0291-e91.fits.fz  59703.945944873  59703.946063878  7670  3.4535e-15  2.7114e-16
lsc0m409-kb29-20220504-0192-e91.fits.fz  59704.173992003  59704.174168959  7670  3.3427e-15  1.7183e-16
cpt0m407-kb87-20220505-0162-e91.fits.fz  59704.817344862  59704.817579665  7670  3.3999e-15  1.6061e-16
lsc0m409-kb29-20220505-0144-e91.fits.fz  59705.074783993  59705.074902998  7670  3.8376e-15  3.2774e-16
cpt0m407-kb87-20220505-0312-e91.fits.fz  59705.168562825  59705.168739723  7670  3.3000e-15  2.2578e-16
cpt0m407-kb87-20220506-0100-e91.fits.fz  59705.818961748  59705.819196517  7670  3.4341e-15  1.6475e-16
lsc0m412-kb26-20220506-0206-e91.fits.fz  59706.147836852  59706.147955869  7670  4.1825e-15  4.2605e-16
lsc0m409-kb29-20220506-0128-e91.fits.fz  59706.178955880  59706.179132824  7670  3.3033e-15  1.7556e-16
lsc0m409-kb29-20220508-0105-e91.fits.fz  59708.106042292  59708.106277003  7670  3.6214e-15  1.3973e-16
lsc0m409-kb29-20220508-0118-e91.fits.fz  59708.120188959  59708.120307987  7670  3.3188e-15  2.5969e-16
lsc0m409-kb29-20220508-0124-e91.fits.fz  59708.129407917  59708.129584781  7670  3.1107e-15  1.7971e-16
cpt0m407-kb87-20220509-0120-e91.fits.fz  59708.806147049  59708.806266089  7670  3.2980e-15  2.8545e-16
cpt0m407-kb87-20220509-0143-e91.fits.fz  59708.832882315  59708.833001320  7670  3.9747e-15  2.8693e-16
cpt0m407-kb87-20220509-0147-e91.fits.fz  59708.838037501  59708.838272292  7670  3.8028e-15  1.4665e-16
cpt0m407-kb87-20220509-0159-e91.fits.fz  59708.872664954  59708.872841852  7670  3.8644e-15  1.8402e-16
cpt0m407-kb87-20220509-0185-e91.fits.fz  59708.908513878  59708.908632871  7670  3.7718e-15  2.6450e-16
cpt0m407-kb87-20220510-0102-e91.fits.fz  59709.854923890  59709.855042871  7670  2.8150e-15  2.9299e-16
cpt0m407-kb87-20220510-0121-e91.fits.fz  59709.874608843  59709.874843612  7670  3.4672e-15  1.5236e-16
cpt0m407-kb87-20220510-0204-e91.fits.fz  59709.924178230  59709.924297246  7670  3.0557e-15  2.8968e-16
cpt0m407-kb87-20220510-0254-e91.fits.fz  59709.973836725  59709.974013612  7670  3.0170e-15  2.1141e-16
cpt0m407-kb87-20220511-0138-e91.fits.fz  59710.800737350  59710.800856355  7670  3.2809e-15  2.7741e-16
cpt0m407-kb87-20220511-0140-e91.fits.fz  59710.803193022  59710.803427755  7670  3.8807e-15  1.4226e-16
cpt0m407-kb87-20220511-0162-e91.fits.fz  59710.906838461  59710.906957489  7670  3.0495e-15  2.7386e-16
lsc0m409-kb29-20220511-0087-e91.fits.fz  59711.074950961  59711.075127871  7670  3.3528e-15  1.8016e-16
cpt0m407-kb87-20220512-0122-e91.fits.fz  59711.810236378  59711.810471135  7670  3.2493e-15  1.4276e-16
cpt0m407-kb87-20220512-0124-e91.fits.fz  59711.813154214  59711.813273218  7670  3.2691e-15  2.8805e-16
cpt0m407-kb87-20220512-0136-e91.fits.fz  59711.830823218  59711.831000105  7670  3.3166e-15  1.8666e-16
cpt0m407-kb87-20220512-0144-e91.fits.fz  59711.855017315  59711.855194213  7670  3.1214e-15  2.1513e-16
cpt0m407-kb87-20220512-0163-e91.fits.fz  59711.892565186  59711.892742084  7670  3.2569e-15  2.0563e-16
cpt0m407-kb87-20220512-0168-e91.fits.fz  59711.901572443  59711.901749329  7670  3.2789e-15  2.0521e-16
cpt0m407-kb87-20220512-0170-e91.fits.fz  59711.906782478  59711.906901505  7670  3.2400e-15  3.0156e-16
cpt0m407-kb87-20220512-0172-e91.fits.fz  59711.911942408  59711.912119306  7670  2.5375e-15  1.9271e-16
cpt0m407-kb87-20220513-0130-e91.fits.fz  59712.795171436  59712.795290464  7670  3.4148e-15  5.8213e-16
cpt0m407-kb87-20220513-0134-e91.fits.fz  59712.803366540  59712.803601297  7670  4.0113e-15  5.5999e-16
cpt0m407-kb87-20220513-0187-e91.fits.fz  59712.906862709  59712.906981725  7670  3.0847e-15  5.1341e-16
cpt0m407-kb87-20220514-0101-e91.fits.fz  59713.792363855  59713.792540741  7670  2.7721e-15  2.8381e-16
cpt0m407-kb87-20220515-0164-e91.fits.fz  59715.028199028  59715.028318068  7670  2.6982e-15  3.6063e-16
cpt0m407-kb87-20220515-0173-e91.fits.fz  59715.039549815  59715.039668855  7670  2.7103e-15  3.5930e-16
coj0m403-kb24-20220516-0132-e91.fits.fz  59715.625750475  59715.625868936  7670  4.4501e-15  3.1554e-16
cpt0m407-kb87-20220516-0157-e91.fits.fz  59715.906853924  59715.906972952  7670  3.8798e-15  3.3135e-16
cpt0m407-kb87-20220516-0159-e91.fits.fz  59715.958975024  59715.959094051  7670  4.1759e-15  3.1341e-16
coj0m405-kb88-20220517-0153-e91.fits.fz  59716.580587998  59716.580764873  7670  3.2091e-15  1.6809e-16
coj0m405-kb88-20220517-0160-e91.fits.fz  59716.625753820  59716.625872801  7670  3.5703e-15  2.6719e-16
cpt0m407-kb87-20220517-0407-e91.fits.fz  59716.990428669  59716.990547709  7670  2.8015e-15  3.4396e-16
cpt0m407-kb87-20220517-0409-e91.fits.fz  59716.992568149  59716.992687177  7670  2.1654e-15  3.6905e-16
lsc0m412-kb26-20220517-0155-e91.fits.fz  59717.140966100  59717.141143021  7670  3.6132e-15  2.7141e-16
lsc0m409-kb29-20220518-0115-e91.fits.fz  59718.380005359  59718.380355938  7670  3.4450e-15  2.1289e-16
lsc0m409-kb29-20220519-0171-e91.fits.fz  59719.138425244  59719.138602153  7670  3.2005e-15  1.8581e-16
lsc0m409-kb29-20220519-0189-e91.fits.fz  59719.209792281  59719.210142778  7670  3.2698e-15  1.0495e-16
lsc0m409-kb29-20220520-0070-e91.fits.fz  59720.058626910  59720.058745880  7670  3.8453e-15  3.2618e-16
lsc0m409-kb29-20220520-0072-e91.fits.fz  59720.061626876  59720.061803739  7670  3.4367e-15  2.1457e-16
lsc0m412-kb26-20220520-0100-e91.fits.fz  59720.097432570  59720.097551598  7670  3.3462e-15  4.5732e-16
lsc0m412-kb26-20220520-0122-e91.fits.fz  59720.138397072  59720.138573959  7670  3.4072e-15  3.5575e-16
lsc0m409-kb29-20220520-0134-e91.fits.fz  59720.292544977  59720.292895521  7670  3.7283e-15  1.2127e-16
lsc0m409-kb29-20220521-0125-e91.fits.fz  59721.046126517  59721.046303392  7670  3.6319e-15  1.9111e-16
lsc0m409-kb29-20220521-0127-e91.fits.fz  59721.048323230  59721.048442235  7670  4.1074e-15  2.7235e-16
lsc0m409-kb29-20220521-0160-e91.fits.fz  59721.138467373  59721.138644329  7670  3.6215e-15  1.9748e-16
lsc0m409-kb29-20220521-0184-e91.fits.fz  59721.210554156  59721.210904642  7670  3.5272e-15  9.9028e-17
coj0m405-kb88-20220522-0049-e91.fits.fz  59721.619209572  59721.619328669  7670  3.3160e-15  2.2111e-16
lsc0m409-kb29-20220522-0150-e91.fits.fz  59722.138409052  59722.138585927  7670  3.1903e-15  1.7455e-16
lsc0m409-kb29-20220522-0173-e91.fits.fz  59722.209789885  59722.210140417  7670  3.6046e-15  1.2097e-16
lsc0m409-kb29-20220523-0112-e91.fits.fz  59723.026072315  59723.026191320  7670  3.4471e-15  2.9719e-16
lsc0m412-kb26-20220523-0091-e91.fits.fz  59723.028013647  59723.028190545  7670  3.4234e-15  2.7443e-16
lsc0m409-kb29-20220523-0114-e91.fits.fz  59723.028499098  59723.028618160  7670  3.5573e-15  2.7713e-16
lsc0m409-kb29-20220523-0179-e91.fits.fz  59723.178957697  59723.179134607  7670  3.6774e-15  2.8427e-16
lsc0m409-kb29-20220523-0192-e91.fits.fz  59723.210075753  59723.210426262  7670  3.8807e-15  2.7376e-16
lsc0m409-kb29-20220524-0110-e91.fits.fz  59724.028421389  59724.028598345  7670  2.9233e-15  2.1570e-16
lsc0m409-kb29-20220524-0116-e91.fits.fz  59724.041627153  59724.041746204  7670  3.8937e-15  2.8649e-16
lsc0m409-kb29-20220524-0120-e91.fits.fz  59724.047543658  59724.047662755  7670  3.5281e-15  3.1123e-16
lsc0m409-kb29-20220524-0174-e91.fits.fz  59724.138462211  59724.138639179  7670  2.8864e-15  1.8364e-16
lsc0m409-kb29-20220524-0205-e91.fits.fz  59724.209847709  59724.210198218  7670  2.6142e-15  1.7733e-16
lsc0m409-kb29-20220525-0118-e91.fits.fz  59725.024775730  59725.024894723  7670  3.1292e-15  2.7155e-16
lsc0m412-kb26-20220525-0123-e91.fits.fz  59725.025131193  59725.025308091  7670  2.9162e-15  2.7003e-16
lsc0m409-kb29-20220525-0181-e91.fits.fz  59725.138507015  59725.138683924  7670  3.3305e-15  1.7411e-16
lsc0m409-kb29-20220525-0196-e91.fits.fz  59725.178785429  59725.178904445  7670  3.3431e-15  2.4097e-16
lsc0m409-kb29-20220525-0215-e91.fits.fz  59725.209839642  59725.210190116  7670  3.3101e-15  1.0392e-16
lsc0m409-kb29-20220526-0100-e91.fits.fz  59726.018161644  59726.018338566  7670  3.0378e-15  1.6596e-16
lsc0m412-kb26-20220526-0114-e91.fits.fz  59726.023657396  59726.023776424  7670  3.8879e-15  3.5718e-16
lsc0m409-kb29-20220526-0106-e91.fits.fz  59726.029760498  59726.029879537  7670  3.8241e-15  2.5392e-16
lsc0m409-kb29-20220526-0150-e91.fits.fz  59726.138430996  59726.138607836  7670  3.3947e-15  1.8613e-16
lsc0m412-kb26-20220526-0175-e91.fits.fz  59726.209809711  59726.210160174  7670  3.7810e-15  1.2857e-16
lsc0m409-kb29-20220526-0174-e91.fits.fz  59726.242507894  59726.242626922  7670  3.5449e-15  2.3851e-16
lsc0m409-kb29-20220527-0113-e91.fits.fz  59727.015314873  59727.015433982  7670  3.0808e-15  2.4332e-16
lsc0m409-kb29-20220527-0115-e91.fits.fz  59727.017447663  59727.017624572  7670  3.4569e-15  1.7872e-16
lsc0m409-kb29-20220527-0160-e91.fits.fz  59727.125251667  59727.125370683  7670  2.9994e-15  2.5318e-16
lsc0m409-kb29-20220529-0056-e91.fits.fz  59729.014800163  59729.014977084  7670  2.1294e-15  3.2606e-16
lsc0m409-kb29-20220529-0072-e91.fits.fz  59729.036737165  59729.037087674  7670  2.8542e-15  2.0400e-16
ogg0m406-kb27-20220602-0116-e91.fits.fz  59733.397383392  59733.397729943  7670  3.5019e-15  8.8762e-17
ogg0m406-kb27-20220602-0118-e91.fits.fz  59733.407624549  59733.407971123  7670  3.6674e-15  9.6983e-17
ogg0m406-kb27-20220603-0220-e91.fits.fz  59734.397585672  59734.397758577  7670  3.2147e-15  1.4367e-16
ogg0m406-kb27-20220603-0222-e91.fits.fz  59734.405714248  59734.405887107  7670  3.1129e-15  1.4661e-16
lsc0m409-kb29-20220605-0109-e91.fits.fz  59735.989522119  59735.989872558  7670  3.4275e-15  1.4364e-16
lsc0m412-kb26-20220605-0080-e91.fits.fz  59735.989904387  59735.990139132  7670  3.3081e-15  3.8077e-16
lsc0m412-kb26-20220605-0082-e91.fits.fz  59735.992816760  59735.993167257  7670  3.6067e-15  2.3093e-16
lsc0m409-kb29-20220605-0115-e91.fits.fz  59735.997412744  59735.997531783  7670  2.5770e-15  3.5119e-16
lsc0m409-kb29-20220605-0180-e91.fits.fz  59736.073741100  59736.074091725  7670  3.2423e-15  1.0983e-16
lsc0m409-kb29-20220606-0002-e91.fits.fz  59736.987530151  59736.987649283  7670  3.5273e-15  2.8976e-16
lsc0m409-kb29-20220606-0024-e91.fits.fz  59737.006482176  59737.006659156  7670  3.3853e-15  2.5674e-16
lsc0m409-kb29-20220606-0036-e91.fits.fz  59737.018612732  59737.018847478  7670  3.3247e-15  2.0535e-16
lsc0m412-kb26-20220606-0020-e91.fits.fz  59737.064327084  59737.064677593  7670  3.6194e-15  1.4138e-16
lsc0m409-kb29-20220606-0060-e91.fits.fz  59737.073685382  59737.074035892  7670  3.3642e-15  9.6943e-17
lsc0m409-kb29-20220606-0103-e91.fits.fz  59737.188750371  59737.188985128  7670  3.7733e-15  1.4770e-16
lsc0m409-kb29-20220607-0082-e91.fits.fz  59737.984669653  59737.985020174  7670  3.5058e-15  1.0945e-16
lsc0m409-kb29-20220607-0120-e91.fits.fz  59738.073742489  59738.074092963  7670  3.1798e-15  1.0061e-16
lsc0m409-kb29-20220607-0147-e91.fits.fz  59738.105136563  59738.105313473  7670  3.4135e-15  1.7827e-16
lsc0m409-kb29-20220607-0174-e91.fits.fz  59738.188790128  59738.189024861  7670  3.1396e-15  1.3746e-16
lsc0m412-kb26-20220608-0090-e91.fits.fz  59738.981989596  59738.982340105  7670  4.0945e-15  1.5560e-16
lsc0m409-kb29-20220608-0099-e91.fits.fz  59739.073788531  59739.074139133  7670  2.9808e-15  1.0362e-16
lsc0m409-kb29-20220608-0141-e91.fits.fz  59739.188741088  59739.188975822  7670  3.1965e-15  1.3781e-16
lsc0m409-kb29-20220608-0149-e91.fits.fz  59739.206302304  59739.206479225  7670  3.2089e-15  1.7730e-16
lsc0m409-kb29-20220609-0071-e91.fits.fz  59739.979871968  59739.980222454  7670  3.3627e-15  1.1185e-16
lsc0m409-kb29-20220609-0088-e91.fits.fz  59740.073781274  59740.074131737  7670  3.1543e-15  2.1273e-16
lsc0m409-kb29-20220609-0090-e91.fits.fz  59740.125897917  59740.126074839  7670  3.7555e-15  4.8976e-16
lsc0m409-kb29-20220609-0114-e91.fits.fz  59740.188738160  59740.188972952  7670  2.9704e-15  1.6685e-16
lsc0m412-kb26-20220610-0077-e91.fits.fz  59740.976423241  59740.976773739  7670  3.9517e-15  1.6487e-16
lsc0m409-kb29-20220610-0109-e91.fits.fz  59741.073736737  59741.074087281  7670  2.8463e-15  1.1011e-16
lsc0m409-kb29-20220610-0111-e91.fits.fz  59741.125902419  59741.126079283  7670  2.8403e-15  1.7524e-16
lsc0m409-kb29-20220610-0129-e91.fits.fz  59741.188740475  59741.188975244  7670  2.7360e-15  1.5804e-16
lsc0m409-kb29-20220611-0083-e91.fits.fz  59741.973756193  59741.974106644  7670  3.6337e-15  1.3225e-16
lsc0m409-kb29-20220611-0095-e91.fits.fz  59742.073744260  59742.074094781  7670  3.5565e-15  1.2396e-16
lsc0m409-kb29-20220611-0097-e91.fits.fz  59742.125890417  59742.126067280  7670  3.6481e-15  1.9172e-16
lsc0m412-kb26-20220611-0106-e91.fits.fz  59742.188779862  59742.189014630  7670  3.3249e-15  2.2012e-16
lsc0m409-kb29-20220612-0075-e91.fits.fz  59742.971130787  59742.971481285  7670  3.6327e-15  1.7881e-16
lsc0m409-kb29-20220612-0106-e91.fits.fz  59743.073757859  59743.074108357  7670  3.1988e-15  1.6617e-16
lsc1m005-fa15-20220612-0250-e91.fits.fz  59743.284350869  59743.284408461  7670  3.6329e-15  1.2495e-16
lsc1m005-fa15-20220613-0139-e91.fits.fz  59744.080864966  59744.080957234  7670  3.7286e-15  2.1306e-16
lsc1m005-fa15-20220614-0064-e91.fits.fz  59744.965200915  59744.965293184  7670  4.0703e-15  5.3583e-17
lsc1m005-fa15-20220614-0110-e91.fits.fz  59745.018814630  59745.018872269  7670  4.0107e-15  1.3038e-16
lsc0m409-kb29-20220614-0126-e91.fits.fz  59745.125978854  59745.126155718  7670  2.9966e-15  3.6066e-16
coj0m405-kb88-20220615-0412-e91.fits.fz  59745.636671795  59745.637022234  7670  2.9562e-15  9.6269e-17
lsc1m004-fa03-20220615-0084-e91.fits.fz  59746.013337883  59746.013430475  7670  3.2011e-15  3.5878e-17
lsc1m005-fa15-20220615-0140-e91.fits.fz  59746.119730000  59746.119787593  7670  3.4626e-15  3.6857e-17
lsc0m409-kb29-20220615-0154-e91.fits.fz  59746.125955163  59746.126132038  7670  3.0867e-15  1.7891e-16
lsc0m409-kb29-20220616-0041-e91.fits.fz  59746.965067663  59746.965418207  7670  3.8000e-15  1.9906e-16
cpt1m010-fa16-20220616-0152-e91.fits.fz  59746.991620961  59746.991714294  7670  3.9093e-15  5.7154e-17
lsc0m409-kb29-20220616-0164-e91.fits.fz  59747.125922663  59747.126099630  7670  3.6676e-15  1.9107e-16
lsc1m009-fa04-20220616-0140-e91.fits.fz  59747.232806239  59747.232863970  7670  3.7451e-15  6.5248e-17
coj0m405-kb88-20220617-0033-e91.fits.fz  59747.690798924  59747.691149445  7670  3.9666e-15  8.3144e-17
lsc1m004-fa03-20220617-0077-e91.fits.fz  59748.003110927  59748.003168519  7670  3.2607e-15  7.2754e-17
lsc1m004-fa03-20220617-0089-e91.fits.fz  59748.015083994  59748.015141540  7670  3.4060e-15  3.8737e-17
lsc1m005-fa15-20220617-0100-e91.fits.fz  59748.019983357  59748.020040949  7670  3.6061e-15  4.2389e-17
cpt1m010-fa16-20220617-0245-e91.fits.fz  59748.030696042  59748.030754653  7670  3.4536e-15  8.2989e-17
lsc1m009-fa04-20220617-0111-e91.fits.fz  59748.032054561  59748.032146887  7670  3.3290e-15  2.7170e-17
cpt1m010-fa16-20220617-0247-e91.fits.fz  59748.040536413  59748.040595024  7670  3.2476e-15  1.5867e-16
lsc1m005-fa15-20220617-0126-e91.fits.fz  59748.052580383  59748.052637929  7670  3.5732e-15  5.2672e-17
lsc1m005-fa15-20220617-0134-e91.fits.fz  59748.066142709  59748.066200302  7670  3.3655e-15  6.1038e-17
lsc1m005-fa15-20220617-0136-e91.fits.fz  59748.071769896  59748.071827501  7670  3.4409e-15  6.2835e-17
lsc0m409-kb29-20220617-0167-e91.fits.fz  59748.125950475  59748.126127431  7670  3.4316e-15  2.7638e-16
lsc1m005-fa15-20220617-0165-e91.fits.fz  59748.134481598  59748.134539144  7670  3.3767e-15  7.4483e-17
lsc1m005-fa15-20220617-0177-e91.fits.fz  59748.144804896  59748.144862489  7670  3.4708e-15  3.6394e-17
lsc1m005-fa15-20220617-0179-e91.fits.fz  59748.155103577  59748.155161123  7670  3.3675e-15  3.4723e-17
lsc1m005-fa15-20220617-0181-e91.fits.fz  59748.165521875  59748.165580209  7670  3.4557e-15  6.6620e-17
lsc1m005-fa15-20220617-0208-e91.fits.fz  59748.206596424  59748.206654017  7670  3.5089e-15  4.1204e-17
lsc1m005-fa15-20220617-0210-e91.fits.fz  59748.212747871  59748.212805417  7670  3.4285e-15  7.1572e-17
lsc1m005-fa15-20220617-0212-e91.fits.fz  59748.223152095  59748.223209642  7670  3.5318e-15  1.3261e-16
lsc1m005-fa15-20220617-0214-e91.fits.fz  59748.233571146  59748.233628739  7670  3.8233e-15  2.8313e-16
lsc1m005-fa15-20220617-0226-e91.fits.fz  59748.290855475  59748.290913068  7670  3.3326e-15  1.0745e-16
lsc1m005-fa15-20220617-0228-e91.fits.fz  59748.296067790  59748.296125348  7670  3.2416e-15  3.3287e-16
coj1m011-fa12-20220618-0078-e91.fits.fz  59748.403209977  59748.403267616  7670  3.3815e-15  3.3384e-17
coj1m011-fa12-20220618-0085-e91.fits.fz  59748.410121447  59748.410179040  7670  3.3134e-15  3.2278e-17
coj1m011-fa12-20220618-0097-e91.fits.fz  59748.419999804  59748.420057443  7670  3.3359e-15  3.3708e-17
coj1m011-fa12-20220618-0099-e91.fits.fz  59748.421966378  59748.422023970  7670  3.3851e-15  3.5392e-17
coj1m011-fa12-20220618-0111-e91.fits.fz  59748.430947385  59748.431004977  7670  3.2947e-15  3.9222e-17
coj1m011-fa12-20220618-0139-e91.fits.fz  59748.601574780  59748.601667095  7670  3.3716e-15  2.7151e-17
coj1m011-fa12-20220618-0141-e91.fits.fz  59748.607758045  59748.607850406  7670  3.4649e-15  2.7479e-17
coj1m011-fa12-20220618-0162-e91.fits.fz  59748.621577859  59748.621670220  7670  3.3789e-15  2.6824e-17
coj1m011-fa12-20220618-0167-e91.fits.fz  59748.628726540  59748.628818854  7670  3.5237e-15  2.8916e-17
lsc1m005-fa15-20220618-0059-e91.fits.fz  59748.950229433  59748.950321702  7670  3.8421e-15  4.6839e-17
lsc1m005-fa15-20220618-0073-e91.fits.fz  59748.962227489  59748.962319804  7670  3.7782e-15  3.2883e-17
lsc1m005-fa15-20220618-0078-e91.fits.fz  59748.970569294  59748.970661563  7670  3.8650e-15  3.2925e-17
lsc1m009-fa04-20220618-0071-e91.fits.fz  59748.980918762  59748.981011031  7670  3.5420e-15  3.9284e-17
lsc1m005-fa15-20220618-0094-e91.fits.fz  59748.991380325  59748.991472593  7670  3.7871e-15  2.8195e-17
lsc1m005-fa15-20220618-0106-e91.fits.fz  59749.001811922  59749.001904191  7670  3.8347e-15  2.8275e-17
lsc1m009-fa04-20220618-0107-e91.fits.fz  59749.014011598  59749.014103913  7670  3.6491e-15  2.4977e-17
lsc1m009-fa04-20220618-0112-e91.fits.fz  59749.022641158  59749.022733473  7670  3.7097e-15  4.0785e-17
lsc1m009-fa04-20220618-0117-e91.fits.fz  59749.033021089  59749.033113357  7670  3.9184e-15  3.8766e-17
lsc1m005-fa15-20220618-0122-e91.fits.fz  59749.043409665  59749.043501980  7670  3.7076e-15  2.5072e-17
lsc1m005-fa15-20220618-0131-e91.fits.fz  59749.053643068  59749.053735383  7670  3.6895e-15  2.5954e-17
lsc1m005-fa15-20220618-0133-e91.fits.fz  59749.064000869  59749.064093137  7670  3.6828e-15  2.4903e-17
lsc1m005-fa15-20220618-0145-e91.fits.fz  59749.074642003  59749.074734272  7670  3.7700e-15  2.5938e-17
lsc1m005-fa15-20220618-0157-e91.fits.fz  59749.085139757  59749.085232072  7670  3.7033e-15  2.4722e-17
lsc1m009-fa04-20220618-0172-e91.fits.fz  59749.125813021  59749.125905336  7670  3.6810e-15  2.4019e-17
lsc1m005-fa15-20220618-0185-e91.fits.fz  59749.134418496  59749.134510811  7670  3.7612e-15  2.5122e-17
lsc1m005-fa15-20220618-0187-e91.fits.fz  59749.140378507  59749.140470776  7670  3.7662e-15  2.5100e-17
lsc1m005-fa15-20220618-0193-e91.fits.fz  59749.150964225  59749.151056494  7670  3.7485e-15  2.5140e-17
lsc1m005-fa15-20220618-0198-e91.fits.fz  59749.161446285  59749.161538554  7670  3.7660e-15  2.4911e-17
lsc1m005-fa15-20220618-0201-e91.fits.fz  59749.171779908  59749.171872176  7670  3.7550e-15  2.5539e-17
lsc1m005-fa15-20220618-0207-e91.fits.fz  59749.182207848  59749.182300116  7670  3.7793e-15  2.5196e-17
lsc1m005-fa15-20220618-0219-e91.fits.fz  59749.192569526  59749.192661794  7670  3.8023e-15  2.5559e-17
lsc1m005-fa15-20220618-0222-e91.fits.fz  59749.203146540  59749.203238809  7670  3.8154e-15  2.5423e-17
lsc1m005-fa15-20220618-0225-e91.fits.fz  59749.213413496  59749.213505811  7670  3.6236e-15  3.2001e-17
lsc1m005-fa15-20220618-0237-e91.fits.fz  59749.223796574  59749.223888889  7670  3.7525e-15  3.3232e-17
lsc1m005-fa15-20220618-0257-e91.fits.fz  59749.259462963  59749.259555232  7670  3.8967e-15  2.7336e-17
lsc1m005-fa15-20220618-0259-e91.fits.fz  59749.265391494  59749.265483762  7670  3.9303e-15  2.7948e-17
lsc1m005-fa15-20220618-0261-e91.fits.fz  59749.275814237  59749.275906551  7670  3.9748e-15  2.9315e-17
lsc1m005-fa15-20220618-0263-e91.fits.fz  59749.286222686  59749.286314954  7670  3.9558e-15  3.0831e-17
coj0m403-kb23-20220619-0033-e91.fits.fz  59749.380154503  59749.380330811  7670  4.2581e-15  5.7013e-16
coj1m011-fa12-20220619-0034-e91.fits.fz  59749.392681655  59749.392773924  7670  3.8110e-15  3.5691e-17
coj1m011-fa12-20220619-0041-e91.fits.fz  59749.403249931  59749.403342200  7670  3.9364e-15  3.5813e-17
cpt1m012-fa06-20220619-0130-e91.fits.fz  59749.749247477  59749.749305116  7670  3.8845e-15  7.2264e-17
coj1m011-fa12-20220620-0071-e91.fits.fz  59750.444054700  59750.444147061  7670  3.3040e-15  2.6345e-17
coj1m011-fa12-20220620-0130-e91.fits.fz  59750.525336933  59750.525394572  7670  3.3317e-15  3.3378e-17
coj1m011-fa12-20220621-0104-e91.fits.fz  59751.471074480  59751.471166841  7670  3.2853e-15  3.0585e-16
coj1m011-fa12-20220621-0196-e91.fits.fz  59751.625469954  59751.625527593  7670  3.7777e-15  3.8556e-17
coj1m011-fa12-20220622-0119-e91.fits.fz  59752.421960880  59752.422053241  7670  3.6594e-15  2.6396e-17
coj1m011-fa12-20220624-0080-e91.fits.fz  59754.381769202  59754.381826841  7670  3.7629e-15  3.4266e-17
cpt1m010-fa16-20220624-0041-e91.fits.fz  59754.945603276  59754.945696563  7670  3.6625e-15  3.8937e-17
lsc1m009-fa04-20220624-0068-e91.fits.fz  59754.980319514  59754.980377200  7670  3.6558e-15  1.4291e-16
lsc1m004-fa03-20220624-0090-e91.fits.fz  59755.105035672  59755.105127987  7670  3.4842e-15  6.4234e-17
coj1m011-fa12-20220625-0129-e91.fits.fz  59755.459583878  59755.459641517  7670  3.4064e-15  3.9853e-17
lsc1m009-fa04-20220625-0034-e91.fits.fz  59756.105258114  59756.105350429  7670  3.7496e-15  3.2692e-17
coj1m003-fa19-20220626-0079-e91.fits.fz  59756.459526308  59756.459584977  7670  3.7228e-15  4.9301e-17
lsc1m009-fa04-20220626-0107-e91.fits.fz  59757.088368241  59757.088460510  7670  3.6495e-15  6.1360e-16
coj1m011-fa12-20220627-0141-e91.fits.fz  59757.474428924  59757.474486563  7670  3.5948e-15  4.3567e-17
lsc1m004-fa03-20220627-0034-e91.fits.fz  59758.111962871  59758.112055151  7670  3.5049e-15  3.1649e-17
cpt1m012-fa06-20220628-0196-e91.fits.fz  59758.845132998  59758.845190591  7670  3.8568e-15  6.5060e-17
lsc0m412-kb26-20220628-0061-e91.fits.fz  59758.959869086  59758.959988102  7670  3.9699e-15  4.7223e-16
lsc1m004-fa03-20220628-0320-e91.fits.fz  59759.241719989  59759.241812304  7670  3.7308e-15  2.7154e-17
lsc1m009-fa04-20220629-0251-e91.fits.fz  59760.242485915  59760.242578183  7670  3.4510e-15  4.1619e-17
lsc1m009-fa04-20220629-0253-e91.fits.fz  59760.244608079  59760.244665764  7670  3.2765e-15  5.6123e-17
cpt1m010-fa16-20220630-0238-e91.fits.fz  59760.960014399  59760.960072963  7670  3.7356e-15  5.1505e-17
lsc0m412-kb26-20220630-0075-e91.fits.fz  59760.969826864  59760.969945892  7670  3.8510e-15  4.4456e-16
cpt1m010-fa16-20220701-0170-e91.fits.fz  59761.894546135  59761.894639468  7670  4.1168e-15  6.5310e-17
cpt1m010-fa16-20220701-0212-e91.fits.fz  59761.972557755  59761.972616366  7670  4.0792e-15  8.2423e-17
lsc0m412-kb26-20220701-0080-e91.fits.fz  59762.005393913  59762.005512940  7670  3.6481e-15  4.2027e-16
lsc1m005-fa15-20220701-0114-e91.fits.fz  59762.082602373  59762.082694642  7670  3.6830e-15  3.4446e-17
lsc0m412-kb26-20220702-0078-e91.fits.fz  59763.029648507  59763.029767535  7670  2.9635e-15  3.9057e-16
lsc1m005-fa15-20220702-0354-e91.fits.fz  59763.149257420  59763.149315012  7670  3.7106e-15  3.4998e-17
lsc1m005-fa15-20220702-0361-e91.fits.fz  59763.158317929  59763.158410243  7670  3.6220e-15  2.5606e-17
lsc0m409-kb98-20220703-0063-e91.fits.fz  59763.969469850  59763.969588855  7670  3.3722e-15  3.3528e-16
lsc0m409-kb98-20220704-0074-e91.fits.fz  59764.973381170  59764.973500186  7670  2.6783e-15  3.1808e-16
lsc0m409-kb98-20220705-0078-e91.fits.fz  59765.977563021  59765.977682026  7670  3.1784e-15  5.4196e-16
lsc0m412-kb26-20220706-0065-e91.fits.fz  59766.970068612  59766.970187605  7670  3.6519e-15  3.7223e-16
lsc0m412-kb26-20220708-0069-e91.fits.fz  59768.959495544  59768.959614549  7670  3.9847e-15  4.1461e-16
lsc0m409-kb98-20220708-0147-e91.fits.fz  59769.159847489  59769.159966563  7670  3.0010e-15  3.6789e-16
coj0m405-kb88-20220709-0043-e91.fits.fz  59769.375771436  59769.375890441  7670  3.9250e-15  2.4799e-16
cpt1m012-fa06-20220709-0067-e91.fits.fz  59769.709209595  59769.709243993  7670  3.5444e-15  1.5052e-16
cpt1m012-fa06-20220709-0069-e91.fits.fz  59769.713305070  59769.713339468  7670  3.3590e-15  1.2877e-16
coj0m405-kb88-20220711-0046-e91.fits.fz  59771.395738126  59771.395972825  7670  4.2707e-15  1.6118e-16
lsc0m412-kb26-20220711-0033-e91.fits.fz  59772.039960278  59772.040079294  7670  4.0235e-15  4.6651e-16
coj0m405-kb88-20220712-0051-e91.fits.fz  59772.414773670  59772.415008450  7670  3.5626e-15  1.2019e-16
lsc0m409-kb98-20220712-0102-e91.fits.fz  59773.097453878  59773.097572906  7670  3.9877e-15  3.1752e-16
cpt1m012-fa06-20220721-0181-e91.fits.fz  59781.901819769  59781.901854214  7670  3.3679e-15  2.1640e-16
cpt1m012-fa06-20220722-0115-e91.fits.fz  59782.776395012  59782.776429410  7670  3.3995e-15  3.2976e-16
coj1m003-fa19-20220724-0239-e91.fits.fz  59784.542868045  59784.542926945  7670  3.3958e-15  3.6237e-17
coj1m003-fa19-20220724-0247-e91.fits.fz  59784.549507570  59784.549543033  7670  3.4356e-15  5.1088e-17
coj1m003-fa19-20220724-0249-e91.fits.fz  59784.551650140  59784.551708751  7670  3.3490e-15  3.7134e-17
coj1m003-fa19-20220725-0058-e91.fits.fz  59785.358774295  59785.358832952  7670  3.8644e-15  3.6172e-17
coj1m011-fa12-20220725-0145-e91.fits.fz  59785.517213924  59785.517248415  7670  3.8286e-15  5.1854e-17
coj1m011-fa12-20220725-0165-e91.fits.fz  59785.543855163  59785.543912802  7670  4.4096e-15  5.0070e-17
cpt1m010-fa16-20220725-0233-e91.fits.fz  59785.890981181  59785.891039746  7670  3.7402e-15  5.0517e-17
cpt1m012-fa06-20220725-0190-e91.fits.fz  59785.923680093  59785.923714584  7670  3.5696e-15  9.1935e-17
lsc1m009-fa04-20220725-0003-e91.fits.fz  59785.980171876  59785.980229561  7670  3.5262e-15  3.1963e-17
lsc1m009-fa04-20220726-0120-e91.fits.fz  59787.099176563  59787.099234387  7670  3.5553e-15  3.2944e-17
lsc1m009-fa04-20220726-0129-e91.fits.fz  59787.106763519  59787.106821250  7670  3.3384e-15  4.7808e-17
lsc1m009-fa04-20220726-0138-e91.fits.fz  59787.117513530  59787.117571308  7670  4.0632e-15  4.4098e-17
lsc1m009-fa04-20220726-0146-e91.fits.fz  59787.125998646  59787.126056424  7670  4.2103e-15  4.5954e-17
lsc1m005-fa15-20220726-0126-e91.fits.fz  59787.136608218  59787.136665765  7670  3.5497e-15  3.3839e-17
lsc1m009-fa04-20220726-0152-e91.fits.fz  59787.147140429  59787.147198207  7670  4.0081e-15  4.4381e-17
lsc1m009-fa04-20220726-0166-e91.fits.fz  59787.157247142  59787.157304966  7670  3.8288e-15  4.1363e-17
lsc1m009-fa04-20220726-0178-e91.fits.fz  59787.167721598  59787.167779283  7670  3.6206e-15  3.2988e-17
lsc1m009-fa04-20220726-0182-e91.fits.fz  59787.181612593  59787.181670278  7670  3.6990e-15  3.8395e-17
lsc1m009-fa04-20220726-0185-e91.fits.fz  59787.186136748  59787.186171193  7670  4.0512e-15  6.1187e-17
lsc1m009-fa04-20220726-0187-e91.fits.fz  59787.188468322  59787.188526100  7670  3.8765e-15  3.9748e-17
cpt1m012-fa06-20220727-0079-e91.fits.fz  59787.872129260  59787.872186852  7670  3.9976e-15  8.0152e-17
lsc1m005-fa15-20220727-0088-e91.fits.fz  59788.021882709  59788.021940255  7670  3.9679e-15  3.8276e-17
lsc1m009-fa04-20220727-0062-e91.fits.fz  59788.028961702  59788.029019433  7670  3.8591e-15  3.6618e-17
lsc1m005-fa15-20220727-0092-e91.fits.fz  59788.039287014  59788.039344607  7670  3.9525e-15  3.6862e-17
lsc1m005-fa15-20220727-0094-e91.fits.fz  59788.049740926  59788.049798519  7670  3.9600e-15  3.8928e-17
lsc1m005-fa15-20220727-0104-e91.fits.fz  59788.059772049  59788.059829642  7670  3.9622e-15  3.6879e-17
lsc1m009-fa04-20220727-0082-e91.fits.fz  59788.074121771  59788.074179549  7670  3.7832e-15  3.4638e-17
lsc1m005-fa15-20220727-0106-e91.fits.fz  59788.083995325  59788.084052871  7670  3.9552e-15  3.7469e-17
lsc1m005-fa15-20220727-0116-e91.fits.fz  59788.093744503  59788.093802095  7670  3.9572e-15  3.6028e-17
lsc1m005-fa15-20220727-0118-e91.fits.fz  59788.095821146  59788.095855591  7670  3.8677e-15  6.1525e-17
lsc1m005-fa15-20220727-0123-e91.fits.fz  59788.101617593  59788.101675140  7670  3.9000e-15  3.7154e-17
lsc1m005-fa15-20220727-0134-e91.fits.fz  59788.112122616  59788.112180163  7670  3.8982e-15  3.7598e-17
lsc1m005-fa15-20220727-0139-e91.fits.fz  59788.122758646  59788.122816193  7670  3.8476e-15  4.3586e-17
lsc1m005-fa15-20220727-0147-e91.fits.fz  59788.132261575  59788.132319167  7670  3.9024e-15  3.6909e-17
lsc1m005-fa15-20220727-0152-e91.fits.fz  59788.142883774  59788.142941366  7670  3.8763e-15  4.4618e-17
lsc1m005-fa15-20220727-0156-e91.fits.fz  59788.153828287  59788.153885834  7670  3.8907e-15  6.4038e-17
lsc1m005-fa15-20220727-0160-e91.fits.fz  59788.167730880  59788.167788473  7670  3.9570e-15  4.3025e-17
lsc1m009-fa04-20220727-0094-e91.fits.fz  59788.173990301  59788.174048079  7670  3.9712e-15  4.4600e-17
lsc1m009-fa04-20220727-0099-e91.fits.fz  59788.185139248  59788.185197165  7670  3.7427e-15  5.3177e-17
coj1m011-fa12-20220728-0144-e91.fits.fz  59788.543901748  59788.543959341  7670  3.4578e-15  4.2964e-17
cpt1m010-fa16-20220728-0159-e91.fits.fz  59788.886231968  59788.886290533  7670  3.4985e-15  5.0398e-17
coj1m011-fa12-20220729-0206-e91.fits.fz  59789.529770475  59789.529828114  7670  3.4154e-15  4.6246e-17
lsc1m009-fa04-20220729-0105-e91.fits.fz  59790.044083241  59790.044118102  7670  3.8527e-15  7.3915e-17
lsc1m009-fa04-20220729-0135-e91.fits.fz  59790.091193785  59790.091251424  7670  4.1136e-15  5.4137e-17
coj1m003-fa19-20220730-0119-e91.fits.fz  59790.449249121  59790.449307778  7670  3.7405e-15  3.3557e-17
cpt1m010-fa16-20220730-0114-e91.fits.fz  59790.805148426  59790.805206991  7670  3.6934e-15  5.0103e-17
cpt1m012-fa06-20220730-0176-e91.fits.fz  59790.817031146  59790.817088739  7670  3.5612e-15  5.8535e-17
lsc1m005-fa15-20220730-0317-e91.fits.fz  59791.147960510  59791.147994908  7670  3.5803e-15  5.0662e-17
lsc1m005-fa15-20220731-0059-e91.fits.fz  59791.962215151  59791.962272697  7670  3.7223e-15  6.6459e-17
lsc1m009-fa04-20220731-0082-e91.fits.fz  59792.040169040  59792.040203484  7670  3.5257e-15  5.1294e-17
lsc1m009-fa04-20220731-0089-e91.fits.fz  59792.048985741  59792.049043623  7670  2.8936e-15  8.8763e-17
lsc1m009-fa04-20220731-0091-e91.fits.fz  59792.051064353  59792.051122084  7670  3.4476e-15  9.2478e-17
lsc1m005-fa15-20220802-0066-e91.fits.fz  59793.987148264  59793.987205857  7670  3.4559e-15  4.0026e-17
lsc1m005-fa15-20220802-0147-e91.fits.fz  59794.174498693  59794.174533091  7670  3.5181e-15  5.1628e-17
lsc1m009-fa04-20220803-0070-e91.fits.fz  59794.996037512  59794.996095151  7670  4.0789e-15  4.1015e-17
lsc1m005-fa15-20220803-0135-e91.fits.fz  59795.136296401  59795.136330799  7670  3.9317e-15  5.0521e-17
lsc1m009-fa04-20220804-0059-e91.fits.fz  59795.963672327  59795.963730105  7670  3.4063e-15  4.6441e-17
lsc1m005-fa15-20220805-0059-e91.fits.fz  59796.964080996  59796.964139329  7670  3.7001e-15  5.9580e-17
lsc0m409-kb98-20220805-0097-e91.fits.fz  59797.084307535  59797.084484399  7670  3.5482e-15  2.2379e-16
cpt1m010-fa16-20220806-0111-e91.fits.fz  59797.823951169  59797.824009780  7670  3.8971e-15  7.9057e-17
cpt1m010-fa16-20220806-0114-e91.fits.fz  59797.833989908  59797.834025325  7670  3.9050e-15  9.8059e-17
coj0m403-kb23-20220807-0049-e91.fits.fz  59798.355220348  59798.355396760  7670  3.3210e-15  1.4011e-16
coj1m003-fa19-20220807-0077-e91.fits.fz  59798.463133311  59798.463191980  7670  3.3432e-15  3.9293e-17
lsc1m009-fa04-20220807-0067-e91.fits.fz  59799.099399792  59799.099457524  7670  3.5966e-15  6.8185e-17
lsc1m005-fa15-20220808-0073-e91.fits.fz  59800.001158114  59800.001215660  7670  3.7891e-15  4.4876e-17
lsc0m409-kb98-20220808-0117-e91.fits.fz  59800.127637049  59800.127813878  7670  3.6177e-15  2.3550e-16
lsc0m409-kb98-20220808-0119-e91.fits.fz  59800.131563311  59800.131740313  7670  3.5431e-15  2.2588e-16
lsc0m409-kb98-20220808-0121-e91.fits.fz  59800.136149700  59800.136326644  7670  3.3473e-15  2.2598e-16
lsc1m005-fa15-20220809-0088-e91.fits.fz  59801.001050683  59801.001108230  7670  3.4644e-15  3.8951e-17
lsc0m409-kb98-20220810-0125-e91.fits.fz  59802.084264954  59802.084441899  7670  3.5027e-15  2.7593e-16
lsc0m409-kb98-20220811-0106-e91.fits.fz  59803.084297686  59803.084474538  7670  3.0719e-15  4.4561e-16
lsc0m409-kb98-20220812-0125-e91.fits.fz  59804.084376274  59804.084553183  7670  3.3030e-15  2.2897e-16
lsc0m412-kb26-20220813-0100-e91.fits.fz  59805.084196262  59805.084373160  7670  2.8671e-15  3.2967e-16
lsc0m409-kb98-20220815-0065-e91.fits.fz  59806.967340718  59806.967517616  7670  3.5877e-15  2.3221e-16
lsc0m409-kb98-20220816-0214-e91.fits.fz  59808.097733785  59808.097852836  7670  1.9170e-15  3.1824e-16
lsc0m409-kb98-20220817-0068-e91.fits.fz  59808.970962223  59808.971081262  7670  2.9499e-15  3.4336e-16
lsc0m409-kb98-20220819-0061-e91.fits.fz  59810.972942662  59810.973061667  7670  3.6764e-15  4.0203e-16
lsc0m409-kb98-20220820-0065-e91.fits.fz  59811.968891713  59811.969010753  7670  3.5948e-15  2.8993e-16
lsc0m409-kb98-20220822-0065-e91.fits.fz  59813.969578912  59813.969697998  7670  3.6009e-15  3.1591e-16
lsc0m409-kb98-20220823-0060-e91.fits.fz  59814.972932315  59814.973051251  7670  3.0726e-15  3.2999e-16
lsc0m409-kb98-20220824-0079-e91.fits.fz  59815.998624723  59815.998743797  7670  3.2501e-15  6.2137e-16
coj0m405-kb83-20220826-0065-e91.fits.fz  59817.359708855  59817.359827836  7670  3.2485e-15  1.9821e-16
coj0m403-kb23-20220828-0058-e91.fits.fz  59819.361169294  59819.361519202  7670  3.4610e-15  6.5461e-17
lsc0m409-kb98-20220828-0060-e91.fits.fz  59819.974062929  59819.974239897  7670  2.8206e-15  2.1598e-16
lsc0m409-kb98-20220829-0066-e91.fits.fz  59820.976470880  59820.976821505  7670  3.3261e-15  1.1025e-16
lsc0m409-kb98-20220829-0070-e91.fits.fz  59820.980998635  59820.981175533  7670  3.3607e-15  2.1327e-16
lsc0m409-kb98-20220830-0068-e91.fits.fz  59821.977791957  59821.977968832  7670  3.6171e-15  2.0467e-16
lsc0m409-kb98-20220830-0073-e91.fits.fz  59821.984342535  59821.984693079  7670  3.2382e-15  1.0770e-16
coj0m403-kb23-20220831-0058-e91.fits.fz  59822.362267246  59822.362617177  7670  3.1654e-15  6.9082e-17
lsc0m409-kb98-20220831-0065-e91.fits.fz  59822.972906737  59822.973083716  7670  3.2687e-15  2.3384e-16
lsc0m409-kb98-20220901-0065-e91.fits.fz  59823.973258160  59823.973435139  7670  3.5749e-15  2.1437e-16
lsc0m409-kb98-20220902-0070-e91.fits.fz  59824.975773230  59824.975950197  7670  3.0086e-15  2.3826e-16
lsc0m409-kb98-20220902-0072-e91.fits.fz  59824.978465660  59824.978816181  7670  2.9941e-15  1.2430e-16
lsc0m409-kb98-20220903-0065-e91.fits.fz  59825.973967593  59825.974144480  7670  3.5446e-15  2.5243e-16
lsc0m409-kb98-20220903-0067-e91.fits.fz  59825.976735128  59825.977085695  7670  3.4597e-15  1.3262e-16
coj0m403-kb23-20220904-0043-e91.fits.fz  59826.363888415  59826.364238380  7670  4.1609e-15  9.4004e-17
lsc0m409-kb98-20220904-0058-e91.fits.fz  59826.974325822  59826.974502813  7670  3.2468e-15  2.2836e-16
coj0m405-kb83-20220905-0043-e91.fits.fz  59827.376520070  59827.376870510  7670  2.9750e-15  1.5777e-16
lsc0m409-kb98-20220905-0065-e91.fits.fz  59827.974659977  59827.974836852  7670  3.1477e-15  2.4516e-16
lsc0m409-kb98-20220906-0067-e91.fits.fz  59828.976710602  59828.976887570  7670  3.4342e-15  2.3480e-16
coj0m403-kb23-20220912-0060-e91.fits.fz  59834.368787049  59834.369136968  7670  3.2196e-15  7.3448e-17
coj0m403-kb23-20220913-0067-e91.fits.fz  59835.368490475  59835.368840371  7670  3.4924e-15  6.8151e-17
lsc0m409-kb98-20220914-0066-e91.fits.fz  59836.983481251  59836.983831806  7670  3.1775e-15  1.1013e-16
lsc0m409-kb98-20220915-0068-e91.fits.fz  59837.981512107  59837.981862663  7670  3.4952e-15  1.7885e-16
coj0m403-kb23-20220916-0058-e91.fits.fz  59838.367783125  59838.368133021  7670  3.3711e-15  1.0314e-16
lsc0m409-kb98-20220917-0071-e91.fits.fz  59839.986381378  59839.986731887  7670  3.4836e-15  1.2373e-16
coj0m403-kb23-20220918-0065-e91.fits.fz  59840.368619781  59840.368969734  7670  3.6026e-15  8.4038e-17
coj0m403-kb23-20220919-0047-e91.fits.fz  59841.370942662  59841.371292720  7670  3.5008e-15  7.6186e-17
lsc0m409-kb98-20220919-0077-e91.fits.fz  59841.985725116  59841.985844110  7670  2.8399e-15  3.7411e-16
lsc0m409-kb98-20220919-0103-e91.fits.fz  59842.014947257  59842.015182061  7670  3.3382e-15  1.6860e-16
lsc0m409-kb98-20220921-0065-e91.fits.fz  59843.980479885  59843.980830383  7670  3.4494e-15  1.7206e-16
lsc0m409-kb98-20220921-0067-e91.fits.fz  59843.982708484  59843.982827454  7670  2.3081e-15  3.5153e-16
lsc0m409-kb98-20220921-0069-e91.fits.fz  59843.985493276  59843.985728044  7670  3.3647e-15  1.8283e-16
lsc0m409-kb98-20220923-0067-e91.fits.fz  59845.983291795  59845.983410892  7670  4.1559e-15  3.1714e-16
lsc0m409-kb98-20220923-0069-e91.fits.fz  59845.985814213  59845.986048982  7670  3.4617e-15  1.6367e-16
lsc0m409-kb98-20220924-0057-e91.fits.fz  59847.009088079  59847.009207073  7670  3.3941e-15  3.5554e-16
coj0m403-kb23-20220925-0065-e91.fits.fz  59847.372154005  59847.372388207  7670  3.4814e-15  9.8943e-17
lsc0m409-kb98-20220925-0067-e91.fits.fz  59847.987429434  59847.987664225  7670  3.6946e-15  1.6657e-16
lsc0m409-kb98-20220925-0078-e91.fits.fz  59847.994241679  59847.994360776  7670  3.2612e-15  3.1984e-16
coj0m403-kb23-20220927-0065-e91.fits.fz  59849.373029561  59849.373263693  7670  3.1997e-15  1.2860e-16
coj0m403-kb23-20220927-0069-e91.fits.fz  59849.377177558  59849.377296077  7670  3.2912e-15  1.8905e-16
lsc0m409-kb98-20220927-0066-e91.fits.fz  59849.982958079  59849.983077153  7670  4.2821e-15  4.0581e-16
lsc0m409-kb98-20220928-0074-e91.fits.fz  59851.000737559  59851.000856644  7670  2.6701e-15  3.2527e-16
