;File (Wave in A; Flux in erg/s/cm2/A)   MJD_start        MJD_end          Wave  Flux        Unc       
cpt0m407-kb87-20220129-0194-e91.fits.fz  59609.081363195  59609.081713704  5450  1.4765e-15  1.4798e-16
cpt0m407-kb87-20220129-0195-e91.fits.fz  59609.081840857  59609.082365012  5450  1.2744e-15  9.3617e-17
cpt0m407-kb87-20220129-0196-e91.fits.fz  59609.082487616  59609.083359005  5450  1.1122e-15  6.4748e-17
cpt0m407-kb87-20220129-0197-e91.fits.fz  59609.083489121  59609.084534109  5450  1.1773e-15  5.3084e-17
lsc0m412-kb26-20220131-0095-e91.fits.fz  59611.377379237  59611.378250545  5450  1.2288e-15  1.6580e-16
lsc0m409-kb29-20220201-0191-e91.fits.fz  59612.325677975  59612.326549260  5450  9.8665e-16  1.1394e-16
lsc0m409-kb29-20220204-0230-e91.fits.fz  59615.308271760  59615.309143079  5450  8.1314e-16  9.9677e-17
cpt0m407-kb87-20220205-0188-e91.fits.fz  59616.076552813  59616.077424144  5450  1.0983e-15  5.0695e-17
cpt0m407-kb87-20220206-0155-e91.fits.fz  59617.057309757  59617.058181135  5450  1.0585e-15  5.0271e-17
lsc0m409-kb29-20220207-0164-e91.fits.fz  59618.300084792  59618.300956158  5450  7.2887e-16  9.7633e-17
cpt0m407-kb87-20220208-0165-e91.fits.fz  59619.058516517  59619.059387883  5450  1.1006e-15  5.2458e-17
cpt0m407-kb87-20220209-0154-e91.fits.fz  59620.046995706  59620.047867084  5450  1.1532e-15  4.8277e-17
lsc0m409-kb29-20220415-0169-e91.fits.fz  59685.128915510  59685.129786783  5450  1.0570e-15  8.8819e-17
lsc0m409-kb29-20220416-0139-e91.fits.fz  59686.126353334  59686.127224676  5450  1.1551e-15  1.1394e-16
lsc0m409-kb29-20220417-0142-e91.fits.fz  59687.123702975  59687.124574294  5450  1.2451e-15  1.2618e-16
lsc0m409-kb29-20220420-0098-e91.fits.fz  59690.115250440  59690.116121783  5450  1.6692e-15  8.9097e-17
lsc0m412-kb26-20220421-0152-e91.fits.fz  59691.112641227  59691.113512605  5450  1.5658e-15  1.2054e-16
lsc0m409-kb29-20220423-0156-e91.fits.fz  59693.107918299  59693.108789596  5450  1.1265e-15  6.6980e-17
lsc0m409-kb29-20220423-0181-e91.fits.fz  59693.138916945  59693.139151760  5450  9.7390e-16  1.7638e-16
coj0m403-kb24-20220424-0228-e91.fits.fz  59693.726605174  59693.727475892  5450  1.1529e-15  1.1704e-16
lsc0m409-kb29-20220424-0169-e91.fits.fz  59694.105610903  59694.105845614  5450  1.3468e-15  2.0754e-16
lsc0m409-kb29-20220424-0286-e91.fits.fz  59694.304886193  59694.305757500  5450  1.1382e-15  5.9972e-17
lsc0m412-kb26-20220426-0065-e91.fits.fz  59696.250137825  59696.251009132  5450  1.0146e-15  1.0021e-16
cpt0m407-kb87-20220427-0088-e91.fits.fz  59696.902951471  59696.903822790  5450  1.2574e-15  5.2820e-17
cpt0m407-kb87-20220427-0090-e91.fits.fz  59696.906410475  59696.906645279  5450  1.1775e-15  1.9759e-16
lsc0m409-kb29-20220427-0178-e91.fits.fz  59697.198076540  59697.198600637  5450  8.2097e-16  9.8404e-17
lsc0m409-kb29-20220428-0155-e91.fits.fz  59698.084193646  59698.085064931  5450  1.0917e-15  7.1690e-17
lsc0m409-kb29-20220428-0162-e91.fits.fz  59698.094606610  59698.095477929  5450  1.0659e-15  7.1152e-17
lsc0m409-kb29-20220428-0171-e91.fits.fz  59698.105034561  59698.105905915  5450  1.2341e-15  6.9196e-17
lsc0m409-kb29-20220428-0179-e91.fits.fz  59698.115433855  59698.116305197  5450  1.1911e-15  7.0941e-17
lsc0m409-kb29-20220428-0193-e91.fits.fz  59698.128497732  59698.129369074  5450  1.2522e-15  7.4111e-17
lsc0m409-kb29-20220428-0195-e91.fits.fz  59698.131063334  59698.131934676  5450  1.1901e-15  6.5178e-17
cpt0m407-kb87-20220428-0181-e91.fits.fz  59698.136277639  59698.137148982  5450  1.2182e-15  5.1813e-17
cpt0m407-kb87-20220428-0183-e91.fits.fz  59698.146641957  59698.147513299  5450  1.2137e-15  5.0377e-17
cpt0m407-kb87-20220428-0201-e91.fits.fz  59698.172120325  59698.172645961  5450  1.0661e-15  9.5574e-17
coj0m403-kb24-20220429-0093-e91.fits.fz  59698.538443843  59698.539314596  5450  1.1824e-15  7.7055e-17
coj0m405-kb88-20220429-0104-e91.fits.fz  59698.551372223  59698.552243530  5450  1.2557e-15  4.3530e-17
coj0m403-kb24-20220429-0113-e91.fits.fz  59698.559299607  59698.560170417  5450  9.9012e-16  6.2721e-17
coj0m405-kb88-20220429-0115-e91.fits.fz  59698.568259815  59698.569131111  5450  1.1721e-15  6.1213e-17
coj0m403-kb24-20220429-0133-e91.fits.fz  59698.578693346  59698.579564075  5450  1.3654e-15  4.4651e-17
coj0m403-kb24-20220429-0135-e91.fits.fz  59698.589011389  59698.589882223  5450  1.2137e-15  4.2505e-17
coj0m405-kb88-20220429-0127-e91.fits.fz  59698.599519746  59698.600391065  5450  1.1561e-15  3.5503e-17
coj0m405-kb88-20220429-0138-e91.fits.fz  59698.610446772  59698.611318161  5450  1.1263e-15  3.5468e-17
coj0m403-kb24-20220429-0150-e91.fits.fz  59698.620386459  59698.621257339  5450  1.2100e-15  4.2380e-17
coj0m403-kb24-20220429-0152-e91.fits.fz  59698.630664734  59698.631535533  5450  1.1008e-15  4.7896e-17
coj0m405-kb88-20220429-0140-e91.fits.fz  59698.641086945  59698.641958276  5450  1.3008e-15  1.3678e-16
coj0m403-kb24-20220429-0163-e91.fits.fz  59698.651556690  59698.652427443  5450  1.2406e-15  4.5283e-17
coj0m403-kb24-20220429-0165-e91.fits.fz  59698.661924410  59698.662795232  5450  1.5564e-15  2.4104e-16
lsc0m409-kb29-20220429-0162-e91.fits.fz  59699.125987894  59699.126859213  5450  1.3081e-15  1.0910e-16
lsc0m409-kb29-20220429-0170-e91.fits.fz  59699.135698577  59699.136569943  5450  1.0862e-15  9.9692e-17
lsc0m409-kb29-20220429-0172-e91.fits.fz  59699.142636945  59699.143508230  5450  1.1251e-15  7.5224e-17
lsc0m409-kb29-20220429-0183-e91.fits.fz  59699.153695811  59699.154567130  5450  1.1899e-15  8.8175e-17
lsc0m412-kb26-20220429-0122-e91.fits.fz  59699.166599792  59699.167471135  5450  1.4742e-15  2.5953e-16
lsc0m412-kb26-20220429-0130-e91.fits.fz  59699.184864642  59699.185735984  5450  1.2231e-15  1.5175e-16
lsc0m412-kb26-20220429-0136-e91.fits.fz  59699.194614561  59699.195485892  5450  1.7689e-15  1.9762e-16
lsc0m412-kb26-20220429-0147-e91.fits.fz  59699.208428924  59699.209300301  5450  1.0772e-15  1.0252e-16
lsc0m412-kb26-20220429-0149-e91.fits.fz  59699.211433091  59699.211957223  5450  9.9771e-16  1.6314e-16
coj0m405-kb88-20220430-0049-e91.fits.fz  59699.621488669  59699.621723542  5450  9.7212e-16  1.8057e-16
coj0m403-kb24-20220430-0045-e91.fits.fz  59699.624520880  59699.625391609  5450  1.1558e-15  6.1288e-17
coj0m405-kb88-20220430-0055-e91.fits.fz  59699.635567813  59699.636439144  5450  1.3097e-15  7.9763e-17
coj0m405-kb88-20220430-0115-e91.fits.fz  59699.809885359  59699.810756644  5450  9.3382e-16  7.0201e-17
cpt0m407-kb87-20220430-0410-e91.fits.fz  59700.170860232  59700.171384329  5450  5.0742e-16  7.7136e-17
coj0m403-kb24-20220501-0173-e91.fits.fz  59700.643773218  59700.644007420  5450  1.2236e-15  1.1790e-16
cpt0m407-kb87-20220501-0280-e91.fits.fz  59700.920319491  59700.921190810  5450  1.2147e-15  4.7690e-17
cpt0m407-kb87-20220501-0402-e91.fits.fz  59701.175063473  59701.175587605  5450  1.2405e-15  8.2599e-17
cpt0m407-kb87-20220502-0371-e91.fits.fz  59702.014597825  59702.015469167  5450  1.0936e-15  4.8619e-17
cpt0m407-kb87-20220502-0462-e91.fits.fz  59702.169555163  59702.170079283  5450  1.0146e-15  1.5314e-16
coj0m405-kb88-20220503-0222-e91.fits.fz  59702.562526320  59702.562761100  5450  1.0376e-15  1.2330e-16
coj0m405-kb88-20220503-0239-e91.fits.fz  59702.580636795  59702.580871528  5450  1.1316e-15  1.1797e-16
coj0m405-kb88-20220503-0247-e91.fits.fz  59702.592987639  59702.593222443  5450  8.3129e-16  1.1872e-16
coj0m405-kb88-20220503-0251-e91.fits.fz  59702.598073299  59702.598308102  5450  8.6815e-16  1.1543e-16
coj0m405-kb88-20220503-0263-e91.fits.fz  59702.608536042  59702.608770753  5450  9.4118e-16  1.1959e-16
coj0m405-kb88-20220503-0274-e91.fits.fz  59702.618926598  59702.619161447  5450  1.0110e-15  1.2230e-16
coj0m405-kb88-20220503-0278-e91.fits.fz  59702.629402940  59702.629637697  5450  9.3480e-16  1.1555e-16
coj0m405-kb88-20220503-0287-e91.fits.fz  59702.641005220  59702.641239966  5450  1.0116e-15  1.2326e-16
coj0m405-kb88-20220503-0298-e91.fits.fz  59702.651165556  59702.651400336  5450  9.9400e-16  1.1617e-16
cpt0m407-kb87-20220503-0177-e91.fits.fz  59702.874364943  59702.874599711  5450  9.5715e-16  1.8423e-16
cpt0m407-kb87-20220503-0195-e91.fits.fz  59702.894788311  59702.895023079  5450  8.7546e-16  1.7463e-16
cpt0m407-kb87-20220503-0201-e91.fits.fz  59702.905132049  59702.905366829  5450  9.5439e-16  1.6689e-16
cpt0m407-kb87-20220503-0257-e91.fits.fz  59702.989160024  59702.989394781  5450  8.9437e-16  1.7728e-16
cpt0m407-kb87-20220503-0270-e91.fits.fz  59703.009842801  59703.010077524  5450  1.0648e-15  1.7565e-16
cpt0m407-kb87-20220503-0276-e91.fits.fz  59703.030671922  59703.030906679  5450  1.1370e-15  1.7224e-16
cpt0m407-kb87-20220503-0320-e91.fits.fz  59703.113135649  59703.114006968  5450  7.9216e-16  4.8903e-17
lsc0m412-kb26-20220503-0177-e91.fits.fz  59703.163691065  59703.163925857  5450  1.9386e-15  2.8198e-16
lsc0m412-kb26-20220503-0183-e91.fits.fz  59703.172453566  59703.172688334  5450  2.1755e-15  2.9437e-16
lsc0m409-kb29-20220503-0128-e91.fits.fz  59703.238212130  59703.238446829  5450  9.2534e-16  1.6852e-16
lsc0m409-kb29-20220503-0130-e91.fits.fz  59703.245257026  59703.245491864  5450  8.7393e-16  1.6086e-16
cpt0m407-kb87-20220504-0181-e91.fits.fz  59703.826639445  59703.827510788  5450  1.2084e-15  5.9193e-17
lsc0m409-kb29-20220504-0191-e91.fits.fz  59704.173263994  59704.173788091  5450  9.9692e-16  8.0283e-17
cpt0m407-kb87-20220505-0161-e91.fits.fz  59704.816322292  59704.817193681  5450  1.2178e-15  5.6118e-17
cpt0m407-kb87-20220505-0311-e91.fits.fz  59705.167889225  59705.168413334  5450  1.1056e-15  9.1805e-17
cpt0m407-kb87-20220506-0099-e91.fits.fz  59705.817942651  59705.818814028  5450  9.5846e-16  7.0166e-17
lsc0m409-kb29-20220506-0127-e91.fits.fz  59706.178223600  59706.178747755  5450  1.0556e-15  8.3783e-17
lsc0m409-kb29-20220508-0104-e91.fits.fz  59708.104952801  59708.105824167  5450  7.6932e-16  5.9010e-17
lsc0m409-kb29-20220508-0117-e91.fits.fz  59708.119595313  59708.119945799  5450  8.7556e-16  1.2222e-16
lsc0m409-kb29-20220508-0123-e91.fits.fz  59708.128684792  59708.129208947  5450  7.0863e-16  9.0384e-17
cpt0m407-kb87-20220509-0119-e91.fits.fz  59708.805647755  59708.805998264  5450  1.0283e-15  1.2909e-16
cpt0m407-kb87-20220509-0142-e91.fits.fz  59708.832496991  59708.832731771  5450  9.9241e-16  1.8567e-16
cpt0m407-kb87-20220509-0146-e91.fits.fz  59708.837017362  59708.837888727  5450  9.7731e-16  5.4274e-17
cpt0m407-kb87-20220509-0158-e91.fits.fz  59708.871992165  59708.872516274  5450  9.5760e-16  7.9652e-17
cpt0m407-kb87-20220509-0184-e91.fits.fz  59708.908128426  59708.908363195  5450  9.6674e-16  1.8673e-16
cpt0m407-kb87-20220510-0101-e91.fits.fz  59709.854423438  59709.854773901  5450  1.1163e-15  1.2321e-16
cpt0m407-kb87-20220510-0120-e91.fits.fz  59709.873588970  59709.874460278  5450  1.5472e-15  5.7623e-17
cpt0m407-kb87-20220510-0253-e91.fits.fz  59709.973122373  59709.973646494  5450  1.1426e-15  8.7729e-17
cpt0m407-kb87-20220511-0137-e91.fits.fz  59710.800237211  59710.800587721  5450  9.9026e-16  1.3246e-16
cpt0m407-kb87-20220511-0139-e91.fits.fz  59710.802177385  59710.803048739  5450  9.1823e-16  5.6767e-17
cpt0m407-kb87-20220512-0121-e91.fits.fz  59711.809219133  59711.810090464  5450  1.0997e-15  6.0241e-17
cpt0m407-kb87-20220512-0123-e91.fits.fz  59711.812662292  59711.813012802  5450  1.2221e-15  1.3554e-16
cpt0m407-kb87-20220512-0135-e91.fits.fz  59711.830152605  59711.830676725  5450  1.0931e-15  9.0018e-17
cpt0m407-kb87-20220512-0143-e91.fits.fz  59711.854347061  59711.854871193  5450  1.0038e-15  9.7313e-17
cpt0m407-kb87-20220512-0162-e91.fits.fz  59711.891892628  59711.892416737  5450  8.6816e-16  9.1190e-17
cpt0m407-kb87-20220512-0167-e91.fits.fz  59711.900901146  59711.901425290  5450  1.0751e-15  9.9812e-17
cpt0m407-kb87-20220512-0169-e91.fits.fz  59711.906398021  59711.906632755  5450  9.8062e-16  1.8902e-16
cpt0m407-kb87-20220512-0171-e91.fits.fz  59711.911272049  59711.911796158  5450  9.4543e-16  9.5322e-17
coj0m403-kb24-20220516-0110-e91.fits.fz  59715.478732871  59715.479256413  5450  7.1866e-15  1.0873e-15
cpt0m407-kb87-20220516-0156-e91.fits.fz  59715.906473611  59715.906708368  5450  1.5033e-15  2.6411e-16
cpt0m407-kb87-20220516-0158-e91.fits.fz  59715.958477454  59715.958827964  5450  1.0358e-15  2.0332e-16
coj0m405-kb88-20220517-0152-e91.fits.fz  59716.579856934  59716.580381065  5450  6.4751e-16  9.6473e-17
coj0m405-kb88-20220517-0159-e91.fits.fz  59716.625198056  59716.625548646  5450  9.4835e-16  1.3058e-16
lsc0m412-kb26-20220517-0154-e91.fits.fz  59717.140291447  59717.140815556  5450  1.2182e-15  1.8528e-16
lsc0m409-kb29-20220518-0114-e91.fits.fz  59718.378757165  59718.379802107  5450  1.1099e-15  1.4908e-16
lsc0m409-kb29-20220519-0170-e91.fits.fz  59719.137689665  59719.138213843  5450  9.5530e-16  8.4464e-17
lsc0m409-kb29-20220519-0188-e91.fits.fz  59719.208532142  59719.209577130  5450  8.9655e-16  5.4758e-17
lsc0m409-kb29-20220520-0069-e91.fits.fz  59720.058067269  59720.058417767  5450  8.9365e-16  1.4807e-16
lsc0m409-kb29-20220520-0071-e91.fits.fz  59720.060887408  59720.061411494  5450  8.4522e-16  1.0258e-16
lsc0m409-kb29-20220520-0133-e91.fits.fz  59720.291297327  59720.292342234  5450  1.1671e-15  6.3370e-17
lsc0m409-kb29-20220521-0124-e91.fits.fz  59721.045390371  59721.045914514  5450  8.9314e-16  9.5911e-17
lsc0m409-kb29-20220521-0126-e91.fits.fz  59721.047750024  59721.048100568  5450  1.2767e-15  1.3432e-16
lsc0m409-kb29-20220521-0159-e91.fits.fz  59721.137729329  59721.138253461  5450  1.1898e-15  9.5833e-17
lsc0m409-kb29-20220521-0183-e91.fits.fz  59721.209311262  59721.210356262  5450  1.0927e-15  5.5500e-17
coj0m405-kb88-20220522-0048-e91.fits.fz  59721.618648982  59721.618999468  5450  1.1367e-15  1.0663e-16
lsc0m409-kb29-20220522-0149-e91.fits.fz  59722.137679653  59722.138203739  5450  1.1246e-15  8.5465e-17
lsc0m409-kb29-20220522-0172-e91.fits.fz  59722.208530903  59722.209575834  5450  1.1461e-15  5.7416e-17
lsc0m409-kb29-20220523-0111-e91.fits.fz  59723.025502061  59723.025852593  5450  1.0191e-15  1.4379e-16
lsc0m412-kb26-20220523-0090-e91.fits.fz  59723.027335406  59723.027859515  5450  1.1808e-15  1.6760e-16
lsc0m409-kb29-20220523-0178-e91.fits.fz  59723.178208832  59723.178733010  5450  1.2141e-15  1.4920e-16
lsc0m409-kb29-20220524-0109-e91.fits.fz  59724.027684133  59724.028208218  5450  1.3591e-15  1.0951e-16
lsc0m409-kb29-20220524-0115-e91.fits.fz  59724.041065232  59724.041415799  5450  1.5196e-15  1.4143e-16
lsc0m409-kb29-20220524-0119-e91.fits.fz  59724.046974179  59724.047324815  5450  1.2441e-15  1.6187e-16
lsc0m409-kb29-20220524-0173-e91.fits.fz  59724.137731077  59724.138255151  5450  1.4352e-15  9.0818e-17
lsc0m409-kb29-20220524-0204-e91.fits.fz  59724.208595139  59724.209640151  5450  1.2646e-15  8.2079e-17
lsc0m409-kb29-20220525-0180-e91.fits.fz  59725.137776332  59725.138300475  5450  7.5746e-16  9.2626e-17
lsc0m409-kb29-20220525-0214-e91.fits.fz  59725.208587188  59725.209632130  5450  8.6133e-16  5.6017e-17
lsc0m409-kb29-20220526-0099-e91.fits.fz  59726.017430498  59726.017954677  5450  1.0953e-15  9.1992e-17
lsc0m409-kb29-20220526-0105-e91.fits.fz  59726.029190105  59726.029540649  5450  9.2324e-16  1.2253e-16
lsc0m409-kb29-20220526-0149-e91.fits.fz  59726.137704989  59726.138229121  5450  1.1979e-15  8.3329e-17
lsc0m412-kb26-20220526-0174-e91.fits.fz  59726.208616899  59726.209663299  5450  1.3557e-15  8.1482e-17
lsc0m409-kb29-20220526-0173-e91.fits.fz  59726.241937825  59726.242288392  5450  9.1677e-16  1.1961e-16
lsc0m409-kb29-20220527-0112-e91.fits.fz  59727.014754700  59727.015105267  5450  1.0528e-15  1.2677e-16
lsc0m409-kb29-20220527-0114-e91.fits.fz  59727.016718739  59727.017242883  5450  1.0942e-15  9.8927e-17
lsc0m409-kb29-20220527-0159-e91.fits.fz  59727.124680498  59727.125030984  5450  1.1205e-15  1.1885e-16
lsc0m409-kb29-20220529-0055-e91.fits.fz  59729.014057096  59729.014581216  5450  7.9417e-16  1.5474e-16
lsc0m409-kb29-20220529-0071-e91.fits.fz  59729.035445961  59729.036490927  5450  8.9101e-16  9.9341e-17
ogg0m406-kb27-20220602-0115-e91.fits.fz  59733.396126586  59733.397167570  5450  1.1622e-15  5.9144e-17
ogg0m406-kb27-20220602-0117-e91.fits.fz  59733.406370544  59733.407411563  5450  1.2716e-15  4.8085e-17
ogg0m406-kb27-20220603-0219-e91.fits.fz  59734.396853970  59734.397374156  5450  9.4181e-16  6.8271e-17
ogg0m406-kb27-20220603-0221-e91.fits.fz  59734.404977778  59734.405497929  5450  1.0461e-15  7.1437e-17
lsc0m412-kb26-20220605-0079-e91.fits.fz  59735.988885267  59735.989756656  5450  1.0851e-15  1.9573e-16
lsc0m409-kb29-20220605-0110-e91.fits.fz  59735.991243508  59735.991767593  5450  1.3297e-15  1.3987e-16
lsc0m412-kb26-20220605-0081-e91.fits.fz  59735.991626367  59735.992671320  5450  1.0372e-15  1.6865e-16
lsc0m409-kb29-20220605-0179-e91.fits.fz  59736.073172454  59736.073522987  5450  9.2259e-16  1.4963e-16
lsc0m409-kb29-20220606-0035-e91.fits.fz  59737.017536586  59737.018407940  5450  9.7485e-16  8.3246e-17
lsc0m412-kb26-20220606-0019-e91.fits.fz  59737.063132998  59737.064177940  5450  1.1199e-15  8.6380e-17
lsc0m409-kb29-20220606-0059-e91.fits.fz  59737.073126262  59737.073476760  5450  9.2572e-16  1.2611e-16
lsc0m409-kb29-20220606-0102-e91.fits.fz  59737.187667859  59737.188539144  5450  1.0214e-15  5.9907e-17
lsc0m409-kb29-20220607-0081-e91.fits.fz  59737.983420267  59737.984465209  5450  8.7863e-16  6.3079e-17
lsc0m409-kb29-20220607-0119-e91.fits.fz  59738.073177165  59738.073527720  5450  1.0722e-15  1.5136e-16
lsc0m409-kb29-20220607-0146-e91.fits.fz  59738.104394920  59738.104919110  5450  1.0266e-15  8.6269e-17
lsc0m409-kb29-20220607-0173-e91.fits.fz  59738.187706065  59738.188577385  5450  1.2509e-15  6.1035e-17
lsc0m412-kb26-20220608-0089-e91.fits.fz  59738.980794804  59738.981839792  5450  1.0194e-15  1.1685e-16
lsc0m409-kb29-20220608-0098-e91.fits.fz  59739.073226227  59739.073576748  5450  1.2143e-15  1.2925e-16
lsc0m409-kb29-20220608-0140-e91.fits.fz  59739.187658913  59739.188530232  5450  9.6282e-16  6.0508e-17
lsc0m409-kb29-20220608-0148-e91.fits.fz  59739.205573068  59739.206097165  5450  1.1366e-15  8.5481e-17
lsc0m409-kb29-20220609-0070-e91.fits.fz  59739.978618936  59739.979663866  5450  8.7667e-16  6.7355e-17
lsc0m409-kb29-20220609-0113-e91.fits.fz  59740.187659063  59740.188530429  5450  9.9118e-16  8.5700e-17
lsc0m412-kb26-20220610-0076-e91.fits.fz  59740.975228207  59740.976273172  5450  9.7946e-16  1.0784e-16
lsc0m409-kb29-20220610-0108-e91.fits.fz  59741.073177582  59741.073528114  5450  8.9402e-16  1.5390e-16
lsc0m409-kb29-20220610-0110-e91.fits.fz  59741.125165568  59741.125689734  5450  8.9543e-16  1.0562e-16
lsc0m409-kb29-20220610-0128-e91.fits.fz  59741.187662500  59741.188533889  5450  7.4331e-16  8.3882e-17
lsc0m409-kb29-20220611-0082-e91.fits.fz  59741.972501216  59741.973546112  5450  1.0476e-15  8.5389e-17
lsc0m409-kb29-20220611-0094-e91.fits.fz  59742.073181019  59742.073531482  5450  1.0591e-15  1.6704e-16
lsc0m409-kb29-20220611-0096-e91.fits.fz  59742.125159630  59742.125683693  5450  9.7692e-16  1.1927e-16
lsc0m412-kb26-20220611-0105-e91.fits.fz  59742.187734839  59742.188606181  5450  7.8296e-16  1.3664e-16
lsc0m409-kb29-20220612-0074-e91.fits.fz  59742.969862512  59742.970907559  5450  9.8258e-16  1.7985e-16
lsc1m005-fa15-20220612-0249-e91.fits.fz  59743.283723033  59743.283942616  5450  1.3241e-15  1.1242e-16
lsc1m005-fa15-20220614-0063-e91.fits.fz  59744.964695348  59744.964787663  5450  1.0486e-15  1.0983e-16
lsc1m005-fa15-20220614-0109-e91.fits.fz  59745.018181853  59745.018401482  5450  1.0748e-15  1.1291e-16
coj0m405-kb88-20220615-0411-e91.fits.fz  59745.635381262  59745.636426181  5450  7.9668e-16  5.4157e-17
lsc1m004-fa03-20220615-0083-e91.fits.fz  59746.012842408  59746.012934723  5450  1.0296e-15  4.5432e-17
lsc1m005-fa15-20220615-0139-e91.fits.fz  59746.119103832  59746.119323427  5450  1.2894e-15  2.3149e-17
lsc0m409-kb29-20220615-0153-e91.fits.fz  59746.125211505  59746.125735626  5450  1.1594e-15  1.0651e-16
cpt1m010-fa16-20220616-0151-e91.fits.fz  59746.991127165  59746.991220498  5450  1.1724e-15  1.1605e-16
lsc0m409-kb29-20220616-0163-e91.fits.fz  59747.125190082  59747.125714190  5450  1.0297e-15  1.0066e-16
lsc1m009-fa04-20220616-0139-e91.fits.fz  59747.232181656  59747.232401239  5450  1.0590e-15  3.5181e-17
coj0m405-kb88-20220617-0032-e91.fits.fz  59747.689548172  59747.690593114  5450  1.3729e-15  4.2619e-17
lsc1m004-fa03-20220617-0076-e91.fits.fz  59748.002484202  59748.002703843  5450  1.1410e-15  3.2822e-17
lsc1m004-fa03-20220617-0088-e91.fits.fz  59748.014458797  59748.014678380  5450  1.1866e-15  1.8366e-17
lsc1m005-fa15-20220617-0099-e91.fits.fz  59748.019356505  59748.019576088  5450  1.2517e-15  1.7269e-17
cpt1m010-fa16-20220617-0244-e91.fits.fz  59748.030072697  59748.030293299  5450  1.1825e-15  4.0545e-17
lsc1m009-fa04-20220617-0110-e91.fits.fz  59748.031542246  59748.031634561  5450  1.1846e-15  2.8962e-17
cpt1m010-fa16-20220617-0246-e91.fits.fz  59748.039884792  59748.040105394  5450  1.4442e-15  1.2688e-16
lsc1m005-fa15-20220617-0125-e91.fits.fz  59748.051955753  59748.052175336  5450  1.2573e-15  2.5892e-17
lsc1m005-fa15-20220617-0133-e91.fits.fz  59748.065520301  59748.065739885  5450  1.2462e-15  2.7935e-17
lsc1m005-fa15-20220617-0135-e91.fits.fz  59748.071142026  59748.071361610  5450  1.2551e-15  4.4968e-17
lsc0m409-kb29-20220617-0166-e91.fits.fz  59748.125209780  59748.125733866  5450  1.0795e-15  1.3138e-16
lsc1m005-fa15-20220617-0164-e91.fits.fz  59748.133853623  59748.134073253  5450  1.2113e-15  5.2368e-17
lsc1m005-fa15-20220617-0176-e91.fits.fz  59748.144179989  59748.144399619  5450  1.1961e-15  1.9366e-17
lsc1m005-fa15-20220617-0178-e91.fits.fz  59748.154480000  59748.154699399  5450  1.1623e-15  1.7384e-17
lsc1m005-fa15-20220617-0180-e91.fits.fz  59748.164896355  59748.165115857  5450  1.2440e-15  3.8143e-17
lsc1m005-fa15-20220617-0207-e91.fits.fz  59748.205974515  59748.206194098  5450  1.1540e-15  2.3203e-17
lsc1m005-fa15-20220617-0209-e91.fits.fz  59748.212120973  59748.212340510  5450  1.1415e-15  4.1515e-17
lsc1m005-fa15-20220617-0211-e91.fits.fz  59748.222528994  59748.222748438  5450  1.1383e-15  1.0979e-16
lsc1m005-fa15-20220617-0213-e91.fits.fz  59748.232945486  59748.233165116  5450  1.3255e-15  2.1689e-16
lsc1m005-fa15-20220617-0225-e91.fits.fz  59748.290234121  59748.290453716  5450  1.1444e-15  6.4713e-17
lsc1m005-fa15-20220617-0227-e91.fits.fz  59748.295445614  59748.295665197  5450  1.4200e-15  1.3575e-16
coj1m011-fa12-20220618-0077-e91.fits.fz  59748.402582339  59748.402801968  5450  1.1678e-15  1.3112e-17
coj1m011-fa12-20220618-0084-e91.fits.fz  59748.409499133  59748.409718762  5450  1.1607e-15  1.2708e-17
coj1m011-fa12-20220618-0096-e91.fits.fz  59748.419374075  59748.419593751  5450  1.1853e-15  1.3366e-17
coj1m011-fa12-20220618-0098-e91.fits.fz  59748.421338369  59748.421558045  5450  1.1961e-15  1.3284e-17
coj1m011-fa12-20220618-0110-e91.fits.fz  59748.430319098  59748.430538774  5450  1.1843e-15  1.2964e-17
coj1m011-fa12-20220618-0138-e91.fits.fz  59748.601072373  59748.601164688  5450  1.1678e-15  2.7919e-17
coj1m011-fa12-20220618-0140-e91.fits.fz  59748.607256748  59748.607349109  5450  1.1862e-15  2.7462e-17
coj1m011-fa12-20220618-0161-e91.fits.fz  59748.621078230  59748.621170591  5450  1.2109e-15  2.7135e-17
coj1m011-fa12-20220618-0166-e91.fits.fz  59748.628220903  59748.628313218  5450  1.1581e-15  2.8676e-17
lsc1m005-fa15-20220618-0058-e91.fits.fz  59748.949729283  59748.949821551  5450  1.2054e-15  4.2695e-17
lsc1m005-fa15-20220618-0072-e91.fits.fz  59748.961725255  59748.961817570  5450  1.2584e-15  3.3746e-17
lsc1m005-fa15-20220618-0077-e91.fits.fz  59748.970071609  59748.970163924  5450  1.2030e-15  4.0241e-17
lsc1m009-fa04-20220618-0070-e91.fits.fz  59748.980408102  59748.980500371  5450  1.1089e-15  4.9125e-17
lsc1m005-fa15-20220618-0093-e91.fits.fz  59748.990879665  59748.990971992  5450  1.2479e-15  3.1310e-17
lsc1m005-fa15-20220618-0105-e91.fits.fz  59749.001299329  59749.001391644  5450  1.2433e-15  2.9794e-17
lsc1m009-fa04-20220618-0106-e91.fits.fz  59749.013515244  59749.013607512  5450  1.1222e-15  2.3906e-17
lsc1m009-fa04-20220618-0111-e91.fits.fz  59749.022076841  59749.022169109  5450  1.2518e-15  3.1599e-17
lsc1m009-fa04-20220618-0116-e91.fits.fz  59749.032497234  59749.032589549  5450  1.0636e-15  4.8314e-17
lsc1m005-fa15-20220618-0121-e91.fits.fz  59749.042911933  59749.043004248  5450  1.1993e-15  2.5835e-17
lsc1m005-fa15-20220618-0130-e91.fits.fz  59749.053146818  59749.053239086  5450  1.2028e-15  2.6464e-17
lsc1m005-fa15-20220618-0132-e91.fits.fz  59749.063506054  59749.063598369  5450  1.1842e-15  2.5584e-17
lsc1m005-fa15-20220618-0144-e91.fits.fz  59749.074139688  59749.074232003  5450  1.1974e-15  2.6038e-17
lsc1m005-fa15-20220618-0156-e91.fits.fz  59749.084642350  59749.084734665  5450  1.1838e-15  2.5608e-17
lsc1m009-fa04-20220618-0171-e91.fits.fz  59749.125316389  59749.125408704  5450  1.1066e-15  2.2660e-17
lsc1m005-fa15-20220618-0184-e91.fits.fz  59749.133921910  59749.134014225  5450  1.1168e-15  2.4720e-17
lsc1m005-fa15-20220618-0186-e91.fits.fz  59749.139884294  59749.139976609  5450  1.1444e-15  2.5348e-17
lsc1m005-fa15-20220618-0192-e91.fits.fz  59749.150460568  59749.150552883  5450  1.1202e-15  2.6546e-17
lsc1m005-fa15-20220618-0197-e91.fits.fz  59749.160945024  59749.161037292  5450  1.0756e-15  2.5318e-17
lsc1m005-fa15-20220618-0200-e91.fits.fz  59749.171276343  59749.171368612  5450  1.1173e-15  2.6256e-17
lsc1m005-fa15-20220618-0206-e91.fits.fz  59749.181714642  59749.181806957  5450  1.0997e-15  2.7049e-17
lsc1m005-fa15-20220618-0218-e91.fits.fz  59749.192067767  59749.192160035  5450  1.0743e-15  2.6158e-17
lsc1m005-fa15-20220618-0221-e91.fits.fz  59749.202649630  59749.202741945  5450  9.9180e-16  2.6169e-17
lsc1m005-fa15-20220618-0224-e91.fits.fz  59749.212914561  59749.213006829  5450  1.1773e-15  5.8583e-17
lsc1m005-fa15-20220618-0236-e91.fits.fz  59749.223300406  59749.223392674  5450  1.0457e-15  3.1364e-17
lsc1m005-fa15-20220618-0256-e91.fits.fz  59749.258961470  59749.259053739  5450  1.0344e-15  2.8718e-17
lsc1m005-fa15-20220618-0258-e91.fits.fz  59749.264893577  59749.264985845  5450  1.0515e-15  3.0711e-17
lsc1m005-fa15-20220618-0260-e91.fits.fz  59749.275313079  59749.275405348  5450  1.0349e-15  3.1177e-17
lsc1m005-fa15-20220618-0262-e91.fits.fz  59749.285722952  59749.285815220  5450  1.0484e-15  3.1509e-17
coj0m403-kb23-20220619-0032-e91.fits.fz  59749.379417686  59749.379941204  5450  1.5735e-15  2.5318e-16
coj1m011-fa12-20220619-0033-e91.fits.fz  59749.392179850  59749.392272165  5450  1.0510e-15  3.5253e-17
coj1m011-fa12-20220619-0040-e91.fits.fz  59749.402727709  59749.402820024  5450  1.0817e-15  3.9883e-17
cpt1m012-fa06-20220619-0129-e91.fits.fz  59749.748623762  59749.748843392  5450  1.0271e-15  4.1646e-17
coj1m011-fa12-20220620-0070-e91.fits.fz  59750.443552153  59750.443644468  5450  1.1223e-15  2.6419e-17
coj1m011-fa12-20220620-0129-e91.fits.fz  59750.524703971  59750.524923647  5450  1.0613e-15  1.2390e-17
coj1m011-fa12-20220621-0103-e91.fits.fz  59751.470573415  59751.470665776  5450  1.3429e-15  1.6307e-16
coj1m011-fa12-20220621-0195-e91.fits.fz  59751.624847454  59751.625067130  5450  1.1296e-15  1.4730e-17
coj1m011-fa12-20220622-0118-e91.fits.fz  59752.421461852  59752.421554213  5450  1.1229e-15  2.7592e-17
coj1m011-fa12-20220624-0079-e91.fits.fz  59754.381138044  59754.381357720  5450  1.1152e-15  1.2462e-17
cpt1m010-fa16-20220624-0040-e91.fits.fz  59754.945065776  59754.945159109  5450  1.2110e-15  6.2343e-17
lsc1m009-fa04-20220624-0067-e91.fits.fz  59754.979696910  59754.979916552  5450  1.2100e-15  5.2509e-17
lsc1m004-fa03-20220624-0089-e91.fits.fz  59755.104545706  59755.104638021  5450  1.0694e-15  5.7414e-17
coj1m011-fa12-20220625-0128-e91.fits.fz  59755.458953831  59755.459173507  5450  1.2036e-15  1.4964e-17
lsc1m009-fa04-20220625-0033-e91.fits.fz  59756.104742408  59756.104834723  5450  1.0874e-15  3.3467e-17
coj1m003-fa19-20220626-0078-e91.fits.fz  59756.458906343  59756.459126991  5450  1.0773e-15  2.2748e-17
coj1m011-fa12-20220627-0140-e91.fits.fz  59757.473797501  59757.474017165  5450  1.0942e-15  1.9249e-17
lsc1m004-fa03-20220627-0033-e91.fits.fz  59758.111464862  59758.111557177  5450  9.3442e-16  3.6319e-17
cpt1m012-fa06-20220628-0195-e91.fits.fz  59758.844513311  59758.844732940  5450  1.1150e-15  3.0647e-17
lsc1m004-fa03-20220628-0319-e91.fits.fz  59759.241230221  59759.241322489  5450  1.0167e-15  3.0658e-17
lsc1m009-fa04-20220629-0250-e91.fits.fz  59760.241985301  59760.242077616  5450  9.6398e-16  3.9722e-17
lsc1m009-fa04-20220629-0252-e91.fits.fz  59760.243982975  59760.244202558  5450  8.8806e-16  2.0848e-17
cpt1m010-fa16-20220630-0237-e91.fits.fz  59760.959391945  59760.959612593  5450  1.0322e-15  2.6735e-17
lsc0m412-kb26-20220630-0074-e91.fits.fz  59760.969321887  59760.969672396  5450  1.4179e-15  2.5399e-16
cpt1m010-fa16-20220701-0169-e91.fits.fz  59761.894009318  59761.894102651  5450  1.1285e-15  6.0973e-17
cpt1m010-fa16-20220701-0211-e91.fits.fz  59761.971929873  59761.972150533  5450  1.1163e-15  6.7849e-17
lsc1m005-fa15-20220701-0113-e91.fits.fz  59762.082096494  59762.082188762  5450  1.1668e-15  4.0297e-17
lsc1m005-fa15-20220702-0353-e91.fits.fz  59763.148628392  59763.148847929  5450  1.1683e-15  1.4358e-17
lsc1m005-fa15-20220702-0360-e91.fits.fz  59763.157817327  59763.157909595  5450  1.2248e-15  2.6852e-17
lsc0m409-kb98-20220703-0062-e91.fits.fz  59763.968903496  59763.969254028  5450  9.4970e-16  1.4389e-16
lsc0m412-kb26-20220706-0064-e91.fits.fz  59766.969567998  59766.969918508  5450  1.3517e-15  2.1569e-16
coj0m405-kb88-20220709-0042-e91.fits.fz  59769.375202894  59769.375553380  5450  9.6594e-16  1.3046e-16
cpt1m012-fa06-20220709-0068-e91.fits.fz  59769.712813438  59769.712905753  5450  1.1349e-15  1.1554e-16
coj0m405-kb88-20220711-0045-e91.fits.fz  59771.394658392  59771.395529804  5450  8.9103e-16  1.1887e-16
lsc0m409-kb98-20220712-0101-e91.fits.fz  59773.096865325  59773.097215811  5450  9.5740e-16  1.8866e-16
cpt1m012-fa06-20220721-0180-e91.fits.fz  59781.901320452  59781.901412813  5450  1.4743e-15  1.6557e-16
cpt1m010-fa16-20220722-0104-e91.fits.fz  59782.774297998  59782.774518646  5450  1.0188e-15  9.1770e-17
coj1m003-fa19-20220724-0238-e91.fits.fz  59784.542240209  59784.542460903  5450  1.0008e-15  1.4225e-17
coj1m003-fa19-20220724-0246-e91.fits.fz  59784.549006725  59784.549100105  5450  9.4222e-16  2.8179e-17
coj1m003-fa19-20220724-0248-e91.fits.fz  59784.551027894  59784.551248600  5450  9.7876e-16  1.4725e-17
coj1m003-fa19-20220725-0057-e91.fits.fz  59785.358145660  59785.358366320  5450  1.1627e-15  1.3253e-17
coj1m011-fa12-20220725-0144-e91.fits.fz  59785.516709341  59785.516801656  5450  1.1674e-15  3.8105e-17
coj1m011-fa12-20220725-0164-e91.fits.fz  59785.543226551  59785.543446505  5450  1.0949e-15  1.7006e-17
cpt1m010-fa16-20220725-0232-e91.fits.fz  59785.890356968  59785.890577570  5450  1.1737e-15  2.6874e-17
cpt1m012-fa06-20220725-0189-e91.fits.fz  59785.923180371  59785.923272640  5450  1.0933e-15  5.9961e-17
lsc1m009-fa04-20220725-0002-e91.fits.fz  59785.979551308  59785.979770938  5450  1.1325e-15  1.3653e-17
lsc1m009-fa04-20220726-0119-e91.fits.fz  59787.098511922  59787.098731563  5450  1.0883e-15  1.3166e-17
lsc1m009-fa04-20220726-0128-e91.fits.fz  59787.106142072  59787.106361702  5450  1.0973e-15  2.0472e-17
lsc1m009-fa04-20220726-0137-e91.fits.fz  59787.116893288  59787.117112917  5450  9.9613e-16  2.1218e-17
lsc1m009-fa04-20220726-0145-e91.fits.fz  59787.125373033  59787.125593588  5450  1.1627e-15  1.8097e-17
lsc1m005-fa15-20220726-0125-e91.fits.fz  59787.135990059  59787.136209642  5450  1.0296e-15  1.4601e-17
lsc1m009-fa04-20220726-0151-e91.fits.fz  59787.146459491  59787.146679075  5450  1.1498e-15  1.7943e-17
lsc1m009-fa04-20220726-0165-e91.fits.fz  59787.156622871  59787.156842500  5450  1.1293e-15  1.7164e-17
lsc1m009-fa04-20220726-0177-e91.fits.fz  59787.167097234  59787.167316818  5450  1.1270e-15  1.4087e-17
lsc1m009-fa04-20220726-0181-e91.fits.fz  59787.180968739  59787.181188369  5450  1.0943e-15  1.6420e-17
lsc1m009-fa04-20220726-0184-e91.fits.fz  59787.185646320  59787.185738635  5450  1.1118e-15  3.2042e-17
lsc1m009-fa04-20220726-0186-e91.fits.fz  59787.187851089  59787.188070718  5450  1.1575e-15  1.6987e-17
cpt1m012-fa06-20220727-0078-e91.fits.fz  59787.871507350  59787.871726980  5450  1.0127e-15  3.8725e-17
lsc1m005-fa15-20220727-0087-e91.fits.fz  59788.021257744  59788.021477373  5450  6.9262e-16  1.5700e-17
lsc1m009-fa04-20220727-0061-e91.fits.fz  59788.028335718  59788.028555348  5450  6.9705e-16  1.3066e-17
lsc1m005-fa15-20220727-0091-e91.fits.fz  59788.038657883  59788.038877478  5450  6.7855e-16  1.3638e-17
lsc1m005-fa15-20220727-0093-e91.fits.fz  59788.049117674  59788.049337304  5450  6.8526e-16  1.5080e-17
lsc1m005-fa15-20220727-0103-e91.fits.fz  59788.059150845  59788.059370429  5450  7.1312e-16  1.5000e-17
lsc1m009-fa04-20220727-0081-e91.fits.fz  59788.073397686  59788.073617315  5450  7.0164e-16  1.3661e-17
lsc1m005-fa15-20220727-0105-e91.fits.fz  59788.083369063  59788.083588693  5450  6.9179e-16  1.3530e-17
lsc1m005-fa15-20220727-0115-e91.fits.fz  59788.093113843  59788.093333438  5450  6.5740e-16  1.3505e-17
lsc1m005-fa15-20220727-0117-e91.fits.fz  59788.095322709  59788.095415024  5450  7.2162e-16  2.9278e-17
lsc1m005-fa15-20220727-0122-e91.fits.fz  59788.100991667  59788.101211297  5450  6.8506e-16  1.4576e-17
lsc1m005-fa15-20220727-0133-e91.fits.fz  59788.111500151  59788.111719734  5450  6.3446e-16  1.3585e-17
lsc1m005-fa15-20220727-0138-e91.fits.fz  59788.122136656  59788.122356285  5450  6.4682e-16  1.5713e-17
lsc1m005-fa15-20220727-0146-e91.fits.fz  59788.131634989  59788.131854584  5450  5.7650e-16  1.4542e-17
lsc1m005-fa15-20220727-0151-e91.fits.fz  59788.142266910  59788.142486493  5450  5.9075e-16  1.7756e-17
lsc1m005-fa15-20220727-0155-e91.fits.fz  59788.153200869  59788.153420498  5450  6.0226e-16  1.9438e-17
lsc1m005-fa15-20220727-0159-e91.fits.fz  59788.167097396  59788.167316991  5450  5.8109e-16  1.5086e-17
lsc1m009-fa04-20220727-0093-e91.fits.fz  59788.173351170  59788.173570799  5450  5.8299e-16  1.5065e-17
lsc1m009-fa04-20220727-0098-e91.fits.fz  59788.184515996  59788.184735637  5450  5.7011e-16  2.1760e-17
coj1m011-fa12-20220728-0143-e91.fits.fz  59788.543272304  59788.543491980  5450  9.4737e-16  1.6373e-17
cpt1m010-fa16-20220728-0158-e91.fits.fz  59788.885612651  59788.885833265  5450  1.0791e-15  2.6856e-17
coj1m011-fa12-20220729-0205-e91.fits.fz  59789.529142975  59789.529362605  5450  1.0749e-15  1.3646e-17
lsc1m009-fa04-20220729-0104-e91.fits.fz  59790.043622211  59790.043679896  5450  1.1539e-15  5.4563e-17
lsc1m009-fa04-20220729-0134-e91.fits.fz  59790.090570301  59790.090789942  5450  1.3035e-15  2.2542e-17
coj1m003-fa19-20220730-0118-e91.fits.fz  59790.448628450  59790.448849110  5450  1.1550e-15  1.2932e-17
cpt1m010-fa16-20220730-0113-e91.fits.fz  59790.804525603  59790.804746204  5450  1.1855e-15  2.6899e-17
cpt1m012-fa06-20220730-0175-e91.fits.fz  59790.816413693  59790.816633322  5450  1.1885e-15  3.1993e-17
lsc1m005-fa15-20220730-0316-e91.fits.fz  59791.147489167  59791.147547686  5450  1.1349e-15  4.7368e-17
lsc1m005-fa15-20220731-0058-e91.fits.fz  59791.961588426  59791.961808056  5450  1.1613e-15  2.3575e-17
lsc1m009-fa04-20220731-0081-e91.fits.fz  59792.039715510  59792.039773253  5450  9.3175e-16  4.2655e-17
lsc1m009-fa04-20220731-0088-e91.fits.fz  59792.048368091  59792.048588334  5450  8.8609e-16  2.7306e-17
lsc1m009-fa04-20220731-0090-e91.fits.fz  59792.050442489  59792.050662304  5450  7.9289e-16  3.0473e-17
lsc1m005-fa15-20220802-0065-e91.fits.fz  59793.986522836  59793.986742431  5450  1.2764e-15  1.8824e-17
lsc1m005-fa15-20220802-0146-e91.fits.fz  59794.174036875  59794.174094422  5450  1.1921e-15  4.5686e-17
lsc1m009-fa04-20220803-0069-e91.fits.fz  59794.995412315  59794.995631945  5450  1.4391e-15  1.7374e-17
lsc1m005-fa15-20220803-0134-e91.fits.fz  59795.135825556  59795.135883484  5450  1.4704e-15  4.2917e-17
lsc1m009-fa04-20220804-0058-e91.fits.fz  59795.962976852  59795.963196494  5450  8.3817e-16  1.8656e-17
lsc1m005-fa15-20220805-0058-e91.fits.fz  59796.963459225  59796.963678808  5450  1.2124e-15  2.9092e-17
lsc0m409-kb98-20220805-0096-e91.fits.fz  59797.083535348  59797.084059503  5450  8.7370e-16  1.2079e-16
cpt1m010-fa16-20220806-0110-e91.fits.fz  59797.823325058  59797.823545660  5450  1.5660e-15  5.7704e-17
cpt1m010-fa16-20220806-0113-e91.fits.fz  59797.833530834  59797.833589399  5450  1.4739e-15  1.2551e-16
coj0m403-kb23-20220807-0048-e91.fits.fz  59798.354494619  59798.355018149  5450  8.9824e-16  5.8166e-17
coj1m003-fa19-20220807-0076-e91.fits.fz  59798.462507743  59798.462728392  5450  7.8307e-16  2.0273e-17
lsc1m009-fa04-20220807-0066-e91.fits.fz  59799.098770938  59799.098990521  5450  6.5489e-16  5.3601e-17
lsc1m005-fa15-20220808-0072-e91.fits.fz  59800.000528704  59800.000748334  5450  1.0685e-15  2.7983e-17
lsc0m409-kb98-20220808-0120-e91.fits.fz  59800.135397640  59800.135921783  5450  1.0035e-15  1.4603e-16
lsc1m005-fa15-20220809-0087-e91.fits.fz  59801.000419711  59801.000639341  5450  1.3562e-15  2.7556e-17
lsc0m409-kb98-20220809-0122-e91.fits.fz  59801.083500683  59801.084024792  5450  8.2226e-16  1.4351e-16
lsc0m409-kb98-20220812-0124-e91.fits.fz  59804.083614734  59804.084138809  5450  9.2658e-16  1.1896e-16
lsc0m409-kb98-20220815-0064-e91.fits.fz  59806.966591447  59806.967115660  5450  8.4652e-16  1.0269e-16
lsc0m409-kb98-20220816-0213-e91.fits.fz  59808.097132836  59808.097483380  5450  1.0291e-15  1.7668e-16
lsc0m409-kb98-20220819-0060-e91.fits.fz  59810.972385487  59810.972735996  5450  1.0677e-15  1.9832e-16
lsc0m409-kb98-20220820-0064-e91.fits.fz  59811.968328126  59811.968678693  5450  9.0411e-16  1.3360e-16
lsc0m409-kb98-20220821-0057-e91.fits.fz  59812.968689711  59812.969040255  5450  1.0472e-15  1.7066e-16
lsc0m409-kb98-20220822-0064-e91.fits.fz  59813.969027790  59813.969378322  5450  9.7553e-16  1.5605e-16
lsc0m409-kb98-20220823-0059-e91.fits.fz  59814.972377362  59814.972727871  5450  1.0394e-15  1.5565e-16
coj0m405-kb83-20220826-0064-e91.fits.fz  59817.359142593  59817.359493160  5450  7.9008e-16  8.6734e-17
coj0m403-kb23-20220828-0057-e91.fits.fz  59819.359911204  59819.360955533  5450  1.1454e-15  2.5821e-17
lsc0m409-kb98-20220828-0059-e91.fits.fz  59819.973302859  59819.973827026  5450  1.1681e-15  9.8640e-17
lsc0m409-kb98-20220829-0065-e91.fits.fz  59820.975221922  59820.976266945  5450  9.1124e-16  5.4652e-17
lsc0m409-kb98-20220829-0069-e91.fits.fz  59820.980225417  59820.980749491  5450  7.1205e-16  1.0823e-16
lsc0m409-kb98-20220830-0067-e91.fits.fz  59821.977065602  59821.977589781  5450  9.1591e-16  1.0316e-16
lsc0m409-kb98-20220830-0072-e91.fits.fz  59821.983071274  59821.984116204  5450  9.0698e-16  5.0613e-17
coj0m403-kb23-20220831-0057-e91.fits.fz  59822.361008635  59822.362053079  5450  1.2816e-15  2.9199e-17
lsc0m409-kb98-20220831-0064-e91.fits.fz  59822.972173797  59822.972697940  5450  1.1326e-15  1.0879e-16
lsc0m409-kb98-20220901-0064-e91.fits.fz  59823.972524341  59823.973048450  5450  1.1363e-15  1.0528e-16
lsc0m409-kb98-20220902-0069-e91.fits.fz  59824.974953461  59824.975477581  5450  1.1791e-15  1.0942e-16
lsc0m409-kb98-20220902-0071-e91.fits.fz  59824.977198322  59824.978243334  5450  1.0690e-15  6.1281e-17
lsc0m409-kb98-20220903-0064-e91.fits.fz  59825.973235059  59825.973759202  5450  1.2267e-15  1.2047e-16
lsc0m409-kb98-20220903-0066-e91.fits.fz  59825.975482408  59825.976527385  5450  1.0205e-15  6.9036e-17
coj0m403-kb23-20220904-0042-e91.fits.fz  59826.362634584  59826.363680498  5450  1.3189e-15  4.7892e-17
lsc0m409-kb98-20220904-0057-e91.fits.fz  59826.973596378  59826.974120510  5450  1.0924e-15  1.1135e-16
coj0m405-kb83-20220905-0042-e91.fits.fz  59827.375271910  59827.376316864  5450  1.1925e-15  9.0214e-17
lsc0m409-kb98-20220905-0064-e91.fits.fz  59827.973928716  59827.974452836  5450  1.1675e-15  1.1311e-16
lsc0m409-kb98-20220906-0066-e91.fits.fz  59828.975975845  59828.976499920  5450  8.0897e-16  1.0963e-16
coj0m403-kb23-20220912-0059-e91.fits.fz  59834.368226980  59834.368576910  5450  7.8306e-16  8.6443e-17
coj0m403-kb23-20220913-0066-e91.fits.fz  59835.367932246  59835.368282177  5450  1.1422e-15  7.7076e-17
lsc0m409-kb98-20220914-0065-e91.fits.fz  59836.982916980  59836.983267512  5450  1.1491e-15  1.8518e-16
coj0m403-kb23-20220916-0057-e91.fits.fz  59838.367209839  59838.367559723  5450  1.3083e-15  1.1713e-16
lsc0m409-kb98-20220917-0070-e91.fits.fz  59839.985788693  59839.986139190  5450  1.1554e-15  1.8957e-16
coj0m403-kb23-20220918-0064-e91.fits.fz  59840.368054549  59840.368404491  5450  1.1350e-15  7.2132e-17
coj0m403-kb23-20220919-0046-e91.fits.fz  59841.370371934  59841.370721853  5450  1.2191e-15  7.4309e-17
lsc0m409-kb98-20220919-0076-e91.fits.fz  59841.985165949  59841.985516482  5450  1.0250e-15  1.7675e-16
lsc0m409-kb98-20220919-0102-e91.fits.fz  59842.013868253  59842.014739549  5450  8.8159e-16  6.8486e-17
lsc0m409-kb98-20220921-0064-e91.fits.fz  59843.979914676  59843.980265186  5450  1.2331e-15  1.8473e-16
lsc0m409-kb98-20220921-0066-e91.fits.fz  59843.982154792  59843.982505255  5450  1.0397e-15  1.9208e-16
lsc0m409-kb98-20220921-0068-e91.fits.fz  59843.984403635  59843.985275070  5450  1.0108e-15  7.3905e-17
lsc0m409-kb98-20220923-0066-e91.fits.fz  59845.982733056  59845.983083577  5450  9.8376e-16  1.6623e-16
lsc0m409-kb98-20220923-0068-e91.fits.fz  59845.984737535  59845.985608936  5450  1.1324e-15  6.6186e-17
lsc0m409-kb98-20220924-0056-e91.fits.fz  59847.008523785  59847.008874329  5450  1.3405e-15  1.8204e-16
coj0m403-kb23-20220925-0064-e91.fits.fz  59847.371073762  59847.371944456  5450  1.2028e-15  4.2569e-17
lsc0m409-kb98-20220925-0066-e91.fits.fz  59847.986360927  59847.987232246  5450  1.2426e-15  6.3650e-17
lsc0m409-kb98-20220925-0077-e91.fits.fz  59847.993668739  59847.994019236  5450  1.2410e-15  1.6602e-16
coj0m403-kb23-20220927-0064-e91.fits.fz  59849.371949700  59849.372820452  5450  1.1550e-15  4.1902e-17
coj0m403-kb23-20220927-0068-e91.fits.fz  59849.376612836  59849.376962790  5450  9.0844e-16  7.6837e-17
lsc0m409-kb98-20220927-0065-e91.fits.fz  59849.982405938  59849.982756436  5450  1.4039e-15  1.8130e-16
lsc0m409-kb98-20220928-0073-e91.fits.fz  59851.000177778  59851.000528276  5450  9.9775e-16  1.7277e-16
cpt0m407-kb87-20220129-0198-e91.fits.fz  59609.084681366  59609.084800394  7670  5.0942e-15  3.2923e-16
cpt0m407-kb87-20220129-0199-e91.fits.fz  59609.084923623  59609.085100510  7670  4.8711e-15  2.0937e-16
cpt0m407-kb87-20220129-0200-e91.fits.fz  59609.085223843  59609.085458612  7670  4.9539e-15  1.5253e-16
cpt0m407-kb87-20220129-0201-e91.fits.fz  59609.085583936  59609.085934422  7670  5.2335e-15  1.0711e-16
lsc0m412-kb26-20220131-0096-e91.fits.fz  59611.378393438  59611.378628207  7670  5.3015e-15  3.9668e-16
lsc0m409-kb29-20220201-0192-e91.fits.fz  59612.326760764  59612.326995567  7670  4.8257e-15  2.6574e-16
lsc0m409-kb29-20220204-0231-e91.fits.fz  59615.309365672  59615.309600475  7670  4.7386e-15  2.3609e-16
cpt0m407-kb87-20220205-0189-e91.fits.fz  59616.077575382  59616.077810139  7670  5.0979e-15  1.4067e-16
cpt0m407-kb87-20220206-0156-e91.fits.fz  59617.058331517  59617.058566274  7670  4.8750e-15  1.3804e-16
lsc0m409-kb29-20220207-0165-e91.fits.fz  59618.301177674  59618.301412489  7670  2.8481e-15  2.2099e-16
cpt0m407-kb87-20220208-0166-e91.fits.fz  59619.059537107  59619.059771910  7670  4.7088e-15  1.4406e-16
cpt0m407-kb87-20220209-0155-e91.fits.fz  59620.048027454  59620.048262188  7670  5.3110e-15  1.3412e-16
lsc0m409-kb29-20220414-0123-e91.fits.fz  59684.132806957  59684.133041702  7670  4.3798e-15  1.5283e-16
lsc0m409-kb29-20220415-0170-e91.fits.fz  59685.129994642  59685.130229387  7670  5.1430e-15  1.5544e-16
lsc0m409-kb29-20220416-0140-e91.fits.fz  59686.127435938  59686.127670683  7670  4.9401e-15  1.6380e-16
lsc0m409-kb29-20220417-0143-e91.fits.fz  59687.124782489  59687.125017246  7670  5.4656e-15  1.7291e-16
lsc0m409-kb29-20220418-0156-e91.fits.fz  59688.122811656  59688.123046389  7670  5.9156e-15  6.4026e-16
lsc0m412-kb26-20220420-0060-e91.fits.fz  59690.115650938  59690.115769977  7670  6.1197e-15  4.9824e-16
lsc0m409-kb29-20220420-0099-e91.fits.fz  59690.116351262  59690.116585996  7670  5.4550e-15  1.7794e-16
lsc0m409-kb29-20220421-0173-e91.fits.fz  59691.112977825  59691.113096922  7670  5.3687e-15  2.8378e-16
lsc0m412-kb26-20220421-0153-e91.fits.fz  59691.113732581  59691.113967350  7670  5.4694e-15  2.1186e-16
lsc0m409-kb29-20220422-0177-e91.fits.fz  59692.110290371  59692.110409387  7670  4.1713e-15  2.8055e-16
lsc0m412-kb26-20220422-0188-e91.fits.fz  59692.110892408  59692.111127177  7670  4.2520e-15  2.0084e-16
lsc0m409-kb29-20220423-0157-e91.fits.fz  59693.109003253  59693.109238021  7670  5.2575e-15  1.4824e-16
lsc0m409-kb29-20220423-0182-e91.fits.fz  59693.139367883  59693.139486945  7670  5.0543e-15  2.7463e-16
coj0m403-kb24-20220424-0229-e91.fits.fz  59693.727696424  59693.727930649  7670  5.3682e-15  2.6210e-16
lsc0m409-kb29-20220424-0170-e91.fits.fz  59694.106055024  59694.106174086  7670  5.1149e-15  3.3431e-16
lsc0m409-kb29-20220424-0287-e91.fits.fz  59694.305965278  59694.306199977  7670  5.2712e-15  1.4184e-16
lsc0m409-kb29-20220425-0281-e91.fits.fz  59695.418434804  59695.418553797  7670  5.2938e-15  3.3101e-16
lsc0m412-kb26-20220426-0064-e91.fits.fz  59696.248482350  59696.248601378  7670  4.6866e-15  3.9107e-16
lsc0m412-kb26-20220426-0066-e91.fits.fz  59696.251158299  59696.251393044  7670  5.0361e-15  2.0888e-16
cpt0m407-kb87-20220427-0089-e91.fits.fz  59696.903970660  59696.904205429  7670  4.8988e-15  1.4675e-16
cpt0m407-kb87-20220427-0091-e91.fits.fz  59696.906801366  59696.906920348  7670  4.8366e-15  3.0425e-16
lsc0m409-kb29-20220427-0179-e91.fits.fz  59697.198811123  59697.198987998  7670  3.2196e-15  1.8940e-16
lsc0m409-kb29-20220428-0156-e91.fits.fz  59698.085274341  59698.085509156  7670  4.9352e-15  1.5250e-16
lsc0m409-kb29-20220428-0163-e91.fits.fz  59698.095708218  59698.095942952  7670  5.3188e-15  1.6115e-16
lsc0m409-kb29-20220428-0172-e91.fits.fz  59698.106119017  59698.106353831  7670  5.4027e-15  1.5163e-16
lsc0m409-kb29-20220428-0178-e91.fits.fz  59698.113152477  59698.113271528  7670  5.1232e-15  2.9252e-16
lsc0m409-kb29-20220428-0180-e91.fits.fz  59698.116512211  59698.116747107  7670  5.1588e-15  1.5273e-16
lsc0m409-kb29-20220428-0194-e91.fits.fz  59698.129571031  59698.129805672  7670  5.0548e-15  1.4687e-16
lsc0m409-kb29-20220428-0196-e91.fits.fz  59698.132138669  59698.132373473  7670  4.9162e-15  1.4685e-16
cpt0m407-kb87-20220428-0182-e91.fits.fz  59698.137413750  59698.137648519  7670  5.4768e-15  1.4596e-16
cpt0m407-kb87-20220428-0184-e91.fits.fz  59698.147660938  59698.147895707  7670  5.4411e-15  1.4568e-16
cpt0m407-kb87-20220428-0202-e91.fits.fz  59698.172792570  59698.172969457  7670  5.2177e-15  2.0730e-16
coj0m403-kb24-20220429-0094-e91.fits.fz  59698.539552987  59698.539787153  7670  5.2422e-15  1.5078e-16
coj0m405-kb88-20220429-0105-e91.fits.fz  59698.552460290  59698.552695012  7670  5.8965e-15  2.3338e-16
coj0m403-kb24-20220429-0114-e91.fits.fz  59698.560392697  59698.560626864  7670  5.1338e-15  1.2785e-16
coj0m405-kb88-20220429-0116-e91.fits.fz  59698.569375660  59698.569610406  7670  5.3811e-15  1.5304e-16
coj0m403-kb24-20220429-0134-e91.fits.fz  59698.579802257  59698.580036401  7670  5.7925e-15  1.2394e-16
coj0m403-kb24-20220429-0136-e91.fits.fz  59698.590103207  59698.590337431  7670  5.5433e-15  1.0864e-16
coj0m405-kb88-20220429-0128-e91.fits.fz  59698.600619074  59698.600853912  7670  5.4844e-15  1.0567e-16
coj0m405-kb88-20220429-0139-e91.fits.fz  59698.611562096  59698.611796841  7670  5.3665e-15  1.0024e-16
coj0m403-kb24-20220429-0151-e91.fits.fz  59698.621484862  59698.621718994  7670  5.2467e-15  1.0341e-16
coj0m403-kb24-20220429-0153-e91.fits.fz  59698.631772801  59698.632007026  7670  5.3455e-15  1.1022e-16
coj0m405-kb88-20220429-0141-e91.fits.fz  59698.642197720  59698.642432431  7670  5.3403e-15  1.8378e-16
coj0m403-kb24-20220429-0164-e91.fits.fz  59698.652710996  59698.652945244  7670  5.5713e-15  3.7339e-16
lsc0m409-kb29-20220429-0163-e91.fits.fz  59699.127072014  59699.127306783  7670  4.7072e-15  2.0042e-16
lsc0m409-kb29-20220429-0171-e91.fits.fz  59699.136779098  59699.137013866  7670  5.1648e-15  1.6057e-16
lsc0m409-kb29-20220429-0173-e91.fits.fz  59699.143721795  59699.143956552  7670  5.0948e-15  1.7081e-16
lsc0m409-kb29-20220429-0184-e91.fits.fz  59699.154806702  59699.155041436  7670  5.0043e-15  1.5926e-16
lsc0m412-kb26-20220429-0123-e91.fits.fz  59699.167621320  59699.167856135  7670  5.0981e-15  5.0330e-16
lsc0m412-kb26-20220429-0128-e91.fits.fz  59699.174887084  59699.175121841  7670  5.5221e-15  3.2651e-16
lsc0m412-kb26-20220429-0131-e91.fits.fz  59699.185883623  59699.186118392  7670  5.1396e-15  5.2709e-16
lsc0m412-kb26-20220429-0137-e91.fits.fz  59699.195630753  59699.195865521  7670  5.3394e-15  7.5088e-16
lsc0m412-kb26-20220429-0148-e91.fits.fz  59699.209447350  59699.209682095  7670  4.8717e-15  1.8775e-16
lsc0m412-kb26-20220429-0152-e91.fits.fz  59699.216463704  59699.216698426  7670  4.4879e-15  2.7656e-16
coj0m405-kb88-20220430-0050-e91.fits.fz  59699.621959179  59699.622078241  7670  5.3284e-15  2.4756e-16
coj0m403-kb24-20220430-0046-e91.fits.fz  59699.625620915  59699.625855082  7670  5.0289e-15  1.6742e-16
coj0m405-kb88-20220430-0056-e91.fits.fz  59699.636659456  59699.636894237  7670  5.6443e-15  2.5384e-16
coj0m405-kb88-20220430-0116-e91.fits.fz  59699.810991436  59699.811226181  7670  4.3482e-15  2.1226e-16
cpt0m407-kb87-20220430-0411-e91.fits.fz  59700.171534052  59700.171710950  7670  2.6896e-15  1.7689e-16
coj0m403-kb24-20220501-0174-e91.fits.fz  59700.644247778  59700.644366193  7670  4.8676e-15  1.8594e-16
cpt0m407-kb87-20220501-0281-e91.fits.fz  59700.921340081  59700.921574838  7670  4.9694e-15  1.4512e-16
cpt0m407-kb87-20220501-0403-e91.fits.fz  59701.175734410  59701.175911320  7670  5.1442e-15  2.0462e-16
cpt0m407-kb87-20220502-0372-e91.fits.fz  59702.015619584  59702.015854352  7670  5.3098e-15  1.4182e-16
cpt0m407-kb87-20220502-0463-e91.fits.fz  59702.170224028  59702.170400926  7670  5.7946e-15  2.6815e-16
coj0m405-kb88-20220503-0223-e91.fits.fz  59702.562985035  59702.563104144  7670  4.5494e-15  1.9199e-16
coj0m405-kb88-20220503-0234-e91.fits.fz  59702.573295058  59702.573414074  7670  4.4944e-15  1.9242e-16
coj0m405-kb88-20220503-0240-e91.fits.fz  59702.581122072  59702.581241123  7670  4.4731e-15  1.8871e-16
coj0m405-kb88-20220503-0248-e91.fits.fz  59702.593506702  59702.593625822  7670  4.4633e-15  1.9294e-16
coj0m405-kb88-20220503-0252-e91.fits.fz  59702.598563160  59702.598682281  7670  4.2625e-15  1.9100e-16
coj0m405-kb88-20220503-0264-e91.fits.fz  59702.609002940  59702.609122049  7670  3.9591e-15  1.8935e-16
coj0m405-kb88-20220503-0275-e91.fits.fz  59702.619392327  59702.619511343  7670  4.2475e-15  1.9402e-16
coj0m405-kb88-20220503-0279-e91.fits.fz  59702.629868323  59702.629987385  7670  4.1176e-15  1.9767e-16
coj0m405-kb88-20220503-0288-e91.fits.fz  59702.641460186  59702.641579237  7670  4.4825e-15  2.0311e-16
coj0m405-kb88-20220503-0299-e91.fits.fz  59702.651651760  59702.651770845  7670  4.4549e-15  1.9285e-16
cpt0m407-kb87-20220503-0138-e91.fits.fz  59702.825964503  59702.826083531  7670  3.6844e-15  2.8412e-16
cpt0m407-kb87-20220503-0144-e91.fits.fz  59702.832526933  59702.832645950  7670  3.7538e-15  2.8438e-16
cpt0m407-kb87-20220503-0153-e91.fits.fz  59702.842934746  59702.843053785  7670  3.5657e-15  2.8883e-16
cpt0m407-kb87-20220503-0155-e91.fits.fz  59702.844830243  59702.844949260  7670  3.8759e-15  2.9143e-16
cpt0m407-kb87-20220503-0166-e91.fits.fz  59702.855136146  59702.855255163  7670  3.5591e-15  2.8463e-16
cpt0m407-kb87-20220503-0172-e91.fits.fz  59702.864687755  59702.864806818  7670  4.3579e-15  2.7802e-16
cpt0m407-kb87-20220503-0178-e91.fits.fz  59702.874749561  59702.874868623  7670  3.3098e-15  2.7416e-16
cpt0m407-kb87-20220503-0189-e91.fits.fz  59702.884906031  59702.885025059  7670  3.7301e-15  2.7445e-16
cpt0m407-kb87-20220503-0196-e91.fits.fz  59702.895172917  59702.895291957  7670  3.7166e-15  2.6507e-16
cpt0m407-kb87-20220503-0202-e91.fits.fz  59702.905526852  59702.905645915  7670  3.8709e-15  2.6541e-16
cpt0m407-kb87-20220503-0213-e91.fits.fz  59702.919313565  59702.919432558  7670  3.8513e-15  2.6047e-16
cpt0m407-kb87-20220503-0247-e91.fits.fz  59702.962368253  59702.962487315  7670  3.4233e-15  2.6587e-16
cpt0m407-kb87-20220503-0249-e91.fits.fz  59702.968552269  59702.968671297  7670  3.1262e-15  2.6797e-16
cpt0m407-kb87-20220503-0253-e91.fits.fz  59702.979066725  59702.979185753  7670  3.5413e-15  2.6405e-16
cpt0m407-kb87-20220503-0258-e91.fits.fz  59702.989546586  59702.989665614  7670  3.7758e-15  2.7175e-16
cpt0m407-kb87-20220503-0269-e91.fits.fz  59703.002630949  59703.002749977  7670  3.4819e-15  2.7326e-16
cpt0m407-kb87-20220503-0271-e91.fits.fz  59703.010229468  59703.010348473  7670  3.6136e-15  2.8575e-16
cpt0m407-kb87-20220503-0273-e91.fits.fz  59703.020643589  59703.020762593  7670  3.7760e-15  2.6707e-16
cpt0m407-kb87-20220503-0277-e91.fits.fz  59703.031051806  59703.031170846  7670  3.6424e-15  2.7956e-16
cpt0m407-kb87-20220503-0279-e91.fits.fz  59703.041469480  59703.041588496  7670  3.7601e-15  2.5234e-16
cpt0m407-kb87-20220503-0286-e91.fits.fz  59703.052052107  59703.052171135  7670  4.4421e-15  2.6250e-16
cpt0m407-kb87-20220503-0308-e91.fits.fz  59703.092265209  59703.092384190  7670  3.8040e-15  2.7548e-16
lsc0m412-kb26-20220503-0150-e91.fits.fz  59703.098561193  59703.098680255  7670  4.2101e-15  3.5671e-16
cpt0m407-kb87-20220503-0319-e91.fits.fz  59703.108922096  59703.109041123  7670  3.9226e-15  2.8517e-16
cpt0m407-kb87-20220503-0321-e91.fits.fz  59703.114157385  59703.114392153  7670  3.8401e-15  1.3630e-16
lsc0m412-kb26-20220503-0154-e91.fits.fz  59703.119394260  59703.119513241  7670  4.6528e-15  3.4672e-16
cpt0m407-kb87-20220503-0332-e91.fits.fz  59703.129762165  59703.129881146  7670  4.2027e-15  2.9745e-16
cpt0m407-kb87-20220503-0334-e91.fits.fz  59703.156061760  59703.156180776  7670  4.4141e-15  2.8506e-16
lsc0m412-kb26-20220503-0178-e91.fits.fz  59703.164077616  59703.164196644  7670  5.2837e-15  3.7767e-16
lsc0m412-kb26-20220503-0186-e91.fits.fz  59703.174982304  59703.175159167  7670  3.6664e-15  2.8451e-16
lsc0m412-kb26-20220503-0192-e91.fits.fz  59703.183192142  59703.183311146  7670  4.1422e-15  3.3919e-16
lsc0m412-kb26-20220503-0203-e91.fits.fz  59703.194685660  59703.194804677  7670  3.8865e-15  3.5224e-16
lsc0m412-kb26-20220503-0207-e91.fits.fz  59703.203969052  59703.204088033  7670  4.1724e-15  3.4762e-16
lsc0m409-kb29-20220503-0111-e91.fits.fz  59703.218073519  59703.218192605  7670  3.5492e-15  2.7496e-16
lsc0m409-kb29-20220503-0115-e91.fits.fz  59703.224963530  59703.225082558  7670  3.3665e-15  2.7497e-16
lsc0m409-kb29-20220503-0129-e91.fits.fz  59703.238660926  59703.238779966  7670  3.6337e-15  2.4203e-16
lsc0m409-kb29-20220503-0131-e91.fits.fz  59703.245704885  59703.245823936  7670  4.1224e-15  2.4321e-16
cpt0m407-kb87-20220504-0182-e91.fits.fz  59703.827660857  59703.827895649  7670  4.5027e-15  1.5317e-16
cpt0m407-kb87-20220504-0291-e91.fits.fz  59703.945944873  59703.946063878  7670  4.6933e-15  2.6197e-16
lsc0m409-kb29-20220504-0192-e91.fits.fz  59704.173992003  59704.174168959  7670  4.5845e-15  1.7532e-16
cpt0m407-kb87-20220505-0162-e91.fits.fz  59704.817344862  59704.817579665  7670  5.1404e-15  1.5422e-16
lsc0m409-kb29-20220505-0144-e91.fits.fz  59705.074783993  59705.074902998  7670  4.3673e-15  3.3681e-16
cpt0m407-kb87-20220505-0312-e91.fits.fz  59705.168562825  59705.168739723  7670  4.6259e-15  2.3177e-16
cpt0m407-kb87-20220506-0100-e91.fits.fz  59705.818961748  59705.819196517  7670  4.6840e-15  1.6238e-16
lsc0m412-kb26-20220506-0206-e91.fits.fz  59706.147836852  59706.147955869  7670  5.6533e-15  4.1387e-16
lsc0m409-kb29-20220506-0128-e91.fits.fz  59706.178955880  59706.179132824  7670  4.5177e-15  1.7191e-16
lsc0m409-kb29-20220508-0105-e91.fits.fz  59708.106042292  59708.106277003  7670  3.7770e-15  1.3911e-16
lsc0m409-kb29-20220508-0118-e91.fits.fz  59708.120188959  59708.120307987  7670  3.5239e-15  2.6675e-16
lsc0m409-kb29-20220508-0124-e91.fits.fz  59708.129407917  59708.129584781  7670  4.1396e-15  1.8254e-16
lsc0m409-kb29-20220508-0126-e91.fits.fz  59708.131392778  59708.131511864  7670  4.4567e-15  2.6188e-16
cpt0m407-kb87-20220509-0120-e91.fits.fz  59708.806147049  59708.806266089  7670  4.3231e-15  2.9762e-16
cpt0m407-kb87-20220509-0143-e91.fits.fz  59708.832882315  59708.833001320  7670  5.1331e-15  2.9554e-16
cpt0m407-kb87-20220509-0147-e91.fits.fz  59708.838037501  59708.838272292  7670  4.9847e-15  1.4277e-16
cpt0m407-kb87-20220509-0159-e91.fits.fz  59708.872664954  59708.872841852  7670  4.5071e-15  1.9300e-16
cpt0m407-kb87-20220509-0185-e91.fits.fz  59708.908513878  59708.908632871  7670  4.3474e-15  2.8777e-16
cpt0m407-kb87-20220510-0102-e91.fits.fz  59709.854923890  59709.855042871  7670  5.0451e-15  2.9723e-16
cpt0m407-kb87-20220510-0121-e91.fits.fz  59709.874608843  59709.874843612  7670  4.7717e-15  1.5493e-16
cpt0m407-kb87-20220510-0204-e91.fits.fz  59709.924178230  59709.924297246  7670  4.3289e-15  2.9403e-16
cpt0m407-kb87-20220510-0254-e91.fits.fz  59709.973836725  59709.974013612  7670  4.7422e-15  2.0639e-16
cpt0m407-kb87-20220511-0138-e91.fits.fz  59710.800737350  59710.800856355  7670  2.5014e-15  2.8083e-16
cpt0m407-kb87-20220511-0140-e91.fits.fz  59710.803193022  59710.803427755  7670  3.0842e-15  1.3841e-16
cpt0m407-kb87-20220511-0162-e91.fits.fz  59710.906838461  59710.906957489  7670  2.5999e-15  2.7195e-16
lsc0m409-kb29-20220511-0087-e91.fits.fz  59711.074950961  59711.075127871  7670  1.5245e-15  1.6813e-16
cpt0m407-kb87-20220512-0122-e91.fits.fz  59711.810236378  59711.810471135  7670  4.5308e-15  1.5189e-16
cpt0m407-kb87-20220512-0124-e91.fits.fz  59711.813154214  59711.813273218  7670  4.7357e-15  2.8636e-16
cpt0m407-kb87-20220512-0136-e91.fits.fz  59711.830823218  59711.831000105  7670  4.5469e-15  1.9046e-16
cpt0m407-kb87-20220512-0144-e91.fits.fz  59711.855017315  59711.855194213  7670  4.3923e-15  2.2048e-16
cpt0m407-kb87-20220512-0163-e91.fits.fz  59711.892565186  59711.892742084  7670  4.1505e-15  2.0557e-16
cpt0m407-kb87-20220512-0168-e91.fits.fz  59711.901572443  59711.901749329  7670  4.7532e-15  2.0598e-16
cpt0m407-kb87-20220512-0170-e91.fits.fz  59711.906782478  59711.906901505  7670  3.9291e-15  2.9411e-16
cpt0m407-kb87-20220512-0172-e91.fits.fz  59711.911942408  59711.912119306  7670  4.3203e-15  2.0431e-16
lsc0m409-kb29-20220512-0161-e91.fits.fz  59712.176082165  59712.176259052  7670  4.8693e-15  8.4189e-16
cpt0m407-kb87-20220513-0130-e91.fits.fz  59712.795171436  59712.795290464  7670  5.0563e-15  6.1156e-16
cpt0m407-kb87-20220513-0134-e91.fits.fz  59712.803366540  59712.803601297  7670  4.2242e-15  5.8048e-16
cpt0m407-kb87-20220514-0101-e91.fits.fz  59713.792363855  59713.792540741  7670  3.6821e-15  2.8718e-16
cpt0m407-kb87-20220515-0164-e91.fits.fz  59715.028199028  59715.028318068  7670  3.4913e-15  3.7383e-16
cpt0m407-kb87-20220515-0167-e91.fits.fz  59715.033032871  59715.033151852  7670  4.1456e-15  3.8873e-16
cpt0m407-kb87-20220515-0169-e91.fits.fz  59715.035223334  59715.035400267  7670  3.1236e-15  2.6821e-16
coj0m403-kb24-20220516-0111-e91.fits.fz  59715.479468299  59715.479644607  7670  9.2743e-15  1.2365e-15
coj0m403-kb24-20220516-0132-e91.fits.fz  59715.625750475  59715.625868936  7670  3.8639e-15  3.2669e-16
cpt0m407-kb87-20220516-0157-e91.fits.fz  59715.906853924  59715.906972952  7670  5.7397e-15  3.4716e-16
cpt0m407-kb87-20220516-0159-e91.fits.fz  59715.958975024  59715.959094051  7670  5.0804e-15  3.4805e-16
coj0m405-kb88-20220517-0160-e91.fits.fz  59716.625753820  59716.625872801  7670  3.8807e-15  2.5706e-16
cpt0m407-kb87-20220517-0407-e91.fits.fz  59716.990428669  59716.990547709  7670  3.8684e-15  3.4694e-16
cpt0m407-kb87-20220517-0409-e91.fits.fz  59716.992568149  59716.992687177  7670  4.4740e-15  4.0386e-16
lsc0m412-kb26-20220517-0155-e91.fits.fz  59717.140966100  59717.141143021  7670  6.0321e-15  2.7850e-16
lsc0m409-kb29-20220518-0111-e91.fits.fz  59718.365420440  59718.365539422  7670  4.5798e-15  4.9277e-16
lsc0m409-kb29-20220518-0115-e91.fits.fz  59718.380005359  59718.380355938  7670  5.2849e-15  2.1422e-16
lsc0m409-kb29-20220519-0171-e91.fits.fz  59719.138425244  59719.138602153  7670  3.9478e-15  1.8315e-16
lsc0m409-kb29-20220519-0189-e91.fits.fz  59719.209792281  59719.210142778  7670  3.9332e-15  1.0376e-16
lsc0m409-kb29-20220520-0070-e91.fits.fz  59720.058626910  59720.058745880  7670  3.9640e-15  3.1939e-16
lsc0m409-kb29-20220520-0072-e91.fits.fz  59720.061626876  59720.061803739  7670  4.5861e-15  2.2411e-16
lsc0m412-kb26-20220520-0100-e91.fits.fz  59720.097432570  59720.097551598  7670  5.1044e-15  4.4841e-16
lsc0m412-kb26-20220520-0122-e91.fits.fz  59720.138397072  59720.138573959  7670  4.0640e-15  3.7080e-16
lsc0m409-kb29-20220520-0134-e91.fits.fz  59720.292544977  59720.292895521  7670  4.6378e-15  1.2418e-16
lsc0m409-kb29-20220521-0125-e91.fits.fz  59721.046126517  59721.046303392  7670  4.9160e-15  1.9628e-16
lsc0m409-kb29-20220521-0127-e91.fits.fz  59721.048323230  59721.048442235  7670  4.8192e-15  2.6633e-16
lsc0m409-kb29-20220521-0160-e91.fits.fz  59721.138467373  59721.138644329  7670  4.9920e-15  1.9852e-16
lsc0m409-kb29-20220521-0184-e91.fits.fz  59721.210554156  59721.210904642  7670  4.8107e-15  1.0407e-16
coj0m405-kb88-20220522-0049-e91.fits.fz  59721.619209572  59721.619328669  7670  4.8697e-15  2.2287e-16
lsc0m409-kb29-20220522-0150-e91.fits.fz  59722.138409052  59722.138585927  7670  4.9117e-15  1.7752e-16
lsc0m409-kb29-20220522-0173-e91.fits.fz  59722.209789885  59722.210140417  7670  5.2894e-15  1.2091e-16
lsc0m409-kb29-20220523-0112-e91.fits.fz  59723.026072315  59723.026191320  7670  5.3109e-15  2.8734e-16
lsc0m412-kb26-20220523-0091-e91.fits.fz  59723.028013647  59723.028190545  7670  4.5903e-15  2.8976e-16
lsc0m409-kb29-20220523-0114-e91.fits.fz  59723.028499098  59723.028618160  7670  4.3559e-15  2.7712e-16
lsc0m409-kb29-20220523-0179-e91.fits.fz  59723.178957697  59723.179134607  7670  5.8272e-15  2.9717e-16
lsc0m409-kb29-20220523-0192-e91.fits.fz  59723.210075753  59723.210426262  7670  4.9911e-15  2.8395e-16
lsc0m409-kb29-20220524-0110-e91.fits.fz  59724.028421389  59724.028598345  7670  5.1774e-15  2.2825e-16
lsc0m409-kb29-20220524-0116-e91.fits.fz  59724.041627153  59724.041746204  7670  5.1366e-15  2.8943e-16
lsc0m409-kb29-20220524-0120-e91.fits.fz  59724.047543658  59724.047662755  7670  5.2240e-15  3.1690e-16
lsc0m409-kb29-20220524-0174-e91.fits.fz  59724.138462211  59724.138639179  7670  5.2544e-15  1.8951e-16
lsc0m409-kb29-20220524-0205-e91.fits.fz  59724.209847709  59724.210198218  7670  5.0154e-15  1.9168e-16
lsc0m409-kb29-20220525-0118-e91.fits.fz  59725.024775730  59725.024894723  7670  3.5149e-15  2.7678e-16
lsc0m412-kb26-20220525-0123-e91.fits.fz  59725.025131193  59725.025308091  7670  4.1195e-15  2.6137e-16
lsc0m409-kb29-20220525-0120-e91.fits.fz  59725.026841887  59725.026960892  7670  4.2328e-15  2.7299e-16
lsc0m409-kb29-20220525-0181-e91.fits.fz  59725.138507015  59725.138683924  7670  3.8017e-15  1.7531e-16
lsc0m409-kb29-20220525-0196-e91.fits.fz  59725.178785429  59725.178904445  7670  4.1664e-15  2.4578e-16
lsc0m409-kb29-20220525-0215-e91.fits.fz  59725.209839642  59725.210190116  7670  4.0812e-15  1.0430e-16
lsc0m409-kb29-20220526-0100-e91.fits.fz  59726.018161644  59726.018338566  7670  5.0772e-15  1.7299e-16
lsc0m412-kb26-20220526-0114-e91.fits.fz  59726.023657396  59726.023776424  7670  4.9601e-15  3.6639e-16
lsc0m409-kb29-20220526-0106-e91.fits.fz  59726.029760498  59726.029879537  7670  4.8074e-15  2.5885e-16
lsc0m409-kb29-20220526-0150-e91.fits.fz  59726.138430996  59726.138607836  7670  5.2021e-15  1.7814e-16
lsc0m412-kb26-20220526-0175-e91.fits.fz  59726.209809711  59726.210160174  7670  5.2821e-15  1.2767e-16
lsc0m409-kb29-20220526-0174-e91.fits.fz  59726.242507894  59726.242626922  7670  4.9385e-15  2.3501e-16
lsc0m409-kb29-20220527-0113-e91.fits.fz  59727.015314873  59727.015433982  7670  5.1134e-15  2.6481e-16
lsc0m409-kb29-20220527-0115-e91.fits.fz  59727.017447663  59727.017624572  7670  5.0985e-15  1.8650e-16
lsc0m409-kb29-20220527-0160-e91.fits.fz  59727.125251667  59727.125370683  7670  5.3388e-15  2.5553e-16
lsc0m409-kb29-20220528-0060-e91.fits.fz  59728.250493623  59728.250612721  7670  4.8145e-15  8.8667e-16
lsc0m409-kb29-20220529-0054-e91.fits.fz  59729.010048936  59729.010167940  7670  4.1217e-15  4.9738e-16
lsc0m409-kb29-20220529-0056-e91.fits.fz  59729.014800163  59729.014977084  7670  4.8639e-15  3.3396e-16
lsc0m409-kb29-20220529-0072-e91.fits.fz  59729.036737165  59729.037087674  7670  5.2021e-15  2.1107e-16
ogg0m406-kb27-20220602-0116-e91.fits.fz  59733.397383392  59733.397729943  7670  5.1309e-15  9.4308e-17
ogg0m406-kb27-20220602-0118-e91.fits.fz  59733.407624549  59733.407971123  7670  5.0803e-15  9.7084e-17
ogg0m406-kb27-20220603-0220-e91.fits.fz  59734.397585672  59734.397758577  7670  4.4158e-15  1.4547e-16
ogg0m406-kb27-20220603-0222-e91.fits.fz  59734.405714248  59734.405887107  7670  5.0632e-15  1.5138e-16
lsc0m409-kb29-20220605-0109-e91.fits.fz  59735.989522119  59735.989872558  7670  3.9691e-15  1.4194e-16
lsc0m412-kb26-20220605-0080-e91.fits.fz  59735.989904387  59735.990139132  7670  3.6257e-15  3.7135e-16
lsc0m409-kb29-20220605-0111-e91.fits.fz  59735.991991679  59735.992168646  7670  4.1116e-15  2.7552e-16
lsc0m412-kb26-20220605-0082-e91.fits.fz  59735.992816760  59735.993167257  7670  4.9476e-15  2.3108e-16
lsc0m412-kb26-20220605-0084-e91.fits.fz  59735.995286818  59735.995405799  7670  4.1553e-15  7.3331e-16
lsc0m409-kb29-20220605-0115-e91.fits.fz  59735.997412744  59735.997531783  7670  3.1906e-15  3.6164e-16
lsc0m409-kb29-20220605-0180-e91.fits.fz  59736.073741100  59736.074091725  7670  4.2742e-15  1.1452e-16
lsc0m409-kb29-20220606-0002-e91.fits.fz  59736.987530151  59736.987649283  7670  4.7841e-15  2.9685e-16
lsc0m409-kb29-20220606-0024-e91.fits.fz  59737.006482176  59737.006659156  7670  5.1625e-15  2.6920e-16
lsc0m409-kb29-20220606-0036-e91.fits.fz  59737.018612732  59737.018847478  7670  5.4797e-15  2.0845e-16
lsc0m412-kb26-20220606-0020-e91.fits.fz  59737.064327084  59737.064677593  7670  5.5412e-15  1.3945e-16
lsc0m409-kb29-20220606-0060-e91.fits.fz  59737.073685382  59737.074035892  7670  4.4569e-15  9.7492e-17
lsc0m409-kb29-20220606-0103-e91.fits.fz  59737.188750371  59737.188985128  7670  4.9888e-15  1.4569e-16
lsc0m409-kb29-20220607-0082-e91.fits.fz  59737.984669653  59737.985020174  7670  5.0590e-15  1.1154e-16
lsc0m409-kb29-20220607-0120-e91.fits.fz  59738.073742489  59738.074092963  7670  4.7077e-15  1.0900e-16
lsc0m409-kb29-20220607-0147-e91.fits.fz  59738.105136563  59738.105313473  7670  5.4814e-15  1.9124e-16
lsc0m409-kb29-20220607-0174-e91.fits.fz  59738.188790128  59738.189024861  7670  5.0359e-15  1.4386e-16
lsc0m412-kb26-20220608-0090-e91.fits.fz  59738.981989596  59738.982340105  7670  5.4193e-15  1.5064e-16
lsc0m409-kb29-20220608-0099-e91.fits.fz  59739.073788531  59739.074139133  7670  4.7331e-15  1.0570e-16
lsc0m409-kb29-20220608-0141-e91.fits.fz  59739.188741088  59739.188975822  7670  4.9502e-15  1.4431e-16
lsc0m409-kb29-20220608-0149-e91.fits.fz  59739.206302304  59739.206479225  7670  5.1146e-15  1.8224e-16
lsc0m409-kb29-20220609-0071-e91.fits.fz  59739.979871968  59739.980222454  7670  4.4934e-15  1.1294e-16
lsc0m409-kb29-20220609-0088-e91.fits.fz  59740.073781274  59740.074131737  7670  4.5324e-15  2.2161e-16
lsc0m409-kb29-20220609-0114-e91.fits.fz  59740.188738160  59740.188972952  7670  4.1518e-15  1.7738e-16
lsc0m412-kb26-20220610-0077-e91.fits.fz  59740.976423241  59740.976773739  7670  5.2447e-15  1.6148e-16
lsc0m409-kb29-20220610-0109-e91.fits.fz  59741.073736737  59741.074087281  7670  3.6498e-15  1.1258e-16
lsc0m409-kb29-20220610-0111-e91.fits.fz  59741.125902419  59741.126079283  7670  3.6684e-15  1.8899e-16
lsc0m409-kb29-20220610-0129-e91.fits.fz  59741.188740475  59741.188975244  7670  3.5609e-15  1.5546e-16
lsc0m409-kb29-20220611-0083-e91.fits.fz  59741.973756193  59741.974106644  7670  4.9145e-15  1.3173e-16
lsc0m409-kb29-20220611-0095-e91.fits.fz  59742.073744260  59742.074094781  7670  5.1746e-15  1.2638e-16
lsc0m409-kb29-20220611-0097-e91.fits.fz  59742.125890417  59742.126067280  7670  5.4605e-15  1.9995e-16
lsc0m412-kb26-20220611-0106-e91.fits.fz  59742.188779862  59742.189014630  7670  4.1152e-15  2.1682e-16
lsc0m409-kb29-20220612-0075-e91.fits.fz  59742.971130787  59742.971481285  7670  4.7527e-15  1.7994e-16
lsc0m409-kb29-20220612-0106-e91.fits.fz  59743.073757859  59743.074108357  7670  4.5120e-15  1.6457e-16
lsc1m005-fa15-20220612-0250-e91.fits.fz  59743.284350869  59743.284408461  7670  5.1826e-15  1.2420e-16
lsc1m005-fa15-20220613-0139-e91.fits.fz  59744.080864966  59744.080957234  7670  4.8384e-15  2.1290e-16
lsc1m005-fa15-20220614-0064-e91.fits.fz  59744.965200915  59744.965293184  7670  5.1069e-15  5.5393e-17
lsc1m005-fa15-20220614-0110-e91.fits.fz  59745.018814630  59745.018872269  7670  4.9390e-15  1.3521e-16
lsc0m409-kb29-20220614-0126-e91.fits.fz  59745.125978854  59745.126155718  7670  4.3067e-15  3.6157e-16
coj0m405-kb88-20220615-0412-e91.fits.fz  59745.636671795  59745.637022234  7670  4.9723e-15  1.0714e-16
lsc1m004-fa03-20220615-0084-e91.fits.fz  59746.013337883  59746.013430475  7670  5.1597e-15  3.9096e-17
lsc1m005-fa15-20220615-0140-e91.fits.fz  59746.119730000  59746.119787593  7670  5.5924e-15  4.2311e-17
lsc0m409-kb29-20220615-0154-e91.fits.fz  59746.125955163  59746.126132038  7670  5.3363e-15  1.8689e-16
lsc0m409-kb29-20220616-0041-e91.fits.fz  59746.965067663  59746.965418207  7670  5.4254e-15  2.0491e-16
cpt1m010-fa16-20220616-0152-e91.fits.fz  59746.991620961  59746.991714294  7670  5.5650e-15  6.5175e-17
lsc0m409-kb29-20220616-0164-e91.fits.fz  59747.125922663  59747.126099630  7670  5.2004e-15  1.7931e-16
lsc1m009-fa04-20220616-0140-e91.fits.fz  59747.232806239  59747.232863970  7670  4.9927e-15  6.9780e-17
coj0m405-kb88-20220617-0033-e91.fits.fz  59747.690798924  59747.691149445  7670  5.8958e-15  8.8617e-17
lsc1m004-fa03-20220617-0077-e91.fits.fz  59748.003110927  59748.003168519  7670  5.5103e-15  8.2286e-17
lsc1m004-fa03-20220617-0089-e91.fits.fz  59748.015083994  59748.015141540  7670  5.4589e-15  4.4414e-17
lsc1m005-fa15-20220617-0100-e91.fits.fz  59748.019983357  59748.020040949  7670  5.8666e-15  4.9872e-17
cpt1m010-fa16-20220617-0245-e91.fits.fz  59748.030696042  59748.030754653  7670  5.5817e-15  9.2247e-17
lsc1m009-fa04-20220617-0111-e91.fits.fz  59748.032054561  59748.032146887  7670  5.5736e-15  3.2720e-17
cpt1m010-fa16-20220617-0247-e91.fits.fz  59748.040536413  59748.040595024  7670  5.1531e-15  1.5725e-16
lsc1m005-fa15-20220617-0126-e91.fits.fz  59748.052580383  59748.052637929  7670  5.5937e-15  5.9358e-17
lsc1m005-fa15-20220617-0134-e91.fits.fz  59748.066142709  59748.066200302  7670  5.5160e-15  7.0497e-17
lsc1m005-fa15-20220617-0136-e91.fits.fz  59748.071769896  59748.071827501  7670  5.5078e-15  7.0562e-17
lsc0m409-kb29-20220617-0167-e91.fits.fz  59748.125950475  59748.126127431  7670  5.4855e-15  2.7875e-16
lsc1m005-fa15-20220617-0165-e91.fits.fz  59748.134481598  59748.134539144  7670  5.5846e-15  8.0845e-17
lsc1m005-fa15-20220617-0177-e91.fits.fz  59748.144804896  59748.144862489  7670  5.5141e-15  4.2735e-17
lsc1m005-fa15-20220617-0179-e91.fits.fz  59748.155103577  59748.155161123  7670  5.4201e-15  4.1041e-17
lsc1m005-fa15-20220617-0181-e91.fits.fz  59748.165521875  59748.165580209  7670  5.4989e-15  7.2588e-17
lsc1m005-fa15-20220617-0208-e91.fits.fz  59748.206596424  59748.206654017  7670  5.5814e-15  4.8667e-17
lsc1m005-fa15-20220617-0210-e91.fits.fz  59748.212747871  59748.212805417  7670  5.3573e-15  7.8064e-17
lsc1m005-fa15-20220617-0212-e91.fits.fz  59748.223152095  59748.223209642  7670  5.4074e-15  1.3931e-16
lsc1m005-fa15-20220617-0214-e91.fits.fz  59748.233571146  59748.233628739  7670  5.0194e-15  2.9938e-16
lsc1m005-fa15-20220617-0226-e91.fits.fz  59748.290855475  59748.290913068  7670  5.6312e-15  1.1323e-16
lsc1m005-fa15-20220617-0228-e91.fits.fz  59748.296067790  59748.296125348  7670  4.9221e-15  3.4290e-16
coj1m011-fa12-20220618-0078-e91.fits.fz  59748.403209977  59748.403267616  7670  5.4190e-15  3.8582e-17
coj1m011-fa12-20220618-0085-e91.fits.fz  59748.410121447  59748.410179040  7670  5.2852e-15  3.6789e-17
coj1m011-fa12-20220618-0097-e91.fits.fz  59748.419999804  59748.420057443  7670  5.4569e-15  3.9613e-17
coj1m011-fa12-20220618-0099-e91.fits.fz  59748.421966378  59748.422023970  7670  5.4291e-15  4.0992e-17
coj1m011-fa12-20220618-0111-e91.fits.fz  59748.430947385  59748.431004977  7670  5.3679e-15  4.4229e-17
coj1m011-fa12-20220618-0139-e91.fits.fz  59748.601574780  59748.601667095  7670  5.4443e-15  3.1095e-17
coj1m011-fa12-20220618-0141-e91.fits.fz  59748.607758045  59748.607850406  7670  5.4606e-15  3.1762e-17
coj1m011-fa12-20220618-0162-e91.fits.fz  59748.621577859  59748.621670220  7670  5.4461e-15  3.1082e-17
coj1m011-fa12-20220618-0167-e91.fits.fz  59748.628726540  59748.628818854  7670  5.5675e-15  3.3463e-17
lsc1m005-fa15-20220618-0059-e91.fits.fz  59748.950229433  59748.950321702  7670  5.4255e-15  5.1430e-17
lsc1m005-fa15-20220618-0073-e91.fits.fz  59748.962227489  59748.962319804  7670  5.4616e-15  3.6224e-17
lsc1m005-fa15-20220618-0078-e91.fits.fz  59748.970569294  59748.970661563  7670  5.5911e-15  3.7380e-17
lsc1m009-fa04-20220618-0071-e91.fits.fz  59748.980918762  59748.981011031  7670  5.1606e-15  4.4491e-17
lsc1m005-fa15-20220618-0094-e91.fits.fz  59748.991380325  59748.991472593  7670  5.4951e-15  3.2175e-17
lsc1m005-fa15-20220618-0106-e91.fits.fz  59749.001811922  59749.001904191  7670  5.5068e-15  3.2311e-17
lsc1m009-fa04-20220618-0107-e91.fits.fz  59749.014011598  59749.014103913  7670  5.2320e-15  2.8573e-17
lsc1m009-fa04-20220618-0112-e91.fits.fz  59749.022641158  59749.022733473  7670  5.4387e-15  4.6421e-17
lsc1m009-fa04-20220618-0117-e91.fits.fz  59749.033021089  59749.033113357  7670  5.4775e-15  4.2814e-17
lsc1m005-fa15-20220618-0122-e91.fits.fz  59749.043409665  59749.043501980  7670  5.1589e-15  2.8935e-17
lsc1m005-fa15-20220618-0131-e91.fits.fz  59749.053643068  59749.053735383  7670  5.2195e-15  2.9269e-17
lsc1m005-fa15-20220618-0133-e91.fits.fz  59749.064000869  59749.064093137  7670  5.1341e-15  2.8520e-17
lsc1m005-fa15-20220618-0145-e91.fits.fz  59749.074642003  59749.074734272  7670  5.2092e-15  2.9063e-17
lsc1m005-fa15-20220618-0157-e91.fits.fz  59749.085139757  59749.085232072  7670  5.1122e-15  2.8167e-17
lsc1m009-fa04-20220618-0172-e91.fits.fz  59749.125813021  59749.125905336  7670  4.8536e-15  2.6570e-17
lsc1m005-fa15-20220618-0185-e91.fits.fz  59749.134418496  59749.134510811  7670  5.0501e-15  2.8068e-17
lsc1m005-fa15-20220618-0187-e91.fits.fz  59749.140378507  59749.140470776  7670  4.9515e-15  2.7786e-17
lsc1m005-fa15-20220618-0193-e91.fits.fz  59749.150964225  59749.151056494  7670  4.9141e-15  2.7651e-17
lsc1m005-fa15-20220618-0198-e91.fits.fz  59749.161446285  59749.161538554  7670  4.8521e-15  2.7799e-17
lsc1m005-fa15-20220618-0201-e91.fits.fz  59749.171779908  59749.171872176  7670  4.8547e-15  2.8176e-17
lsc1m005-fa15-20220618-0207-e91.fits.fz  59749.182207848  59749.182300116  7670  4.7909e-15  2.7741e-17
lsc1m005-fa15-20220618-0219-e91.fits.fz  59749.192569526  59749.192661794  7670  4.7602e-15  2.7644e-17
lsc1m005-fa15-20220618-0222-e91.fits.fz  59749.203146540  59749.203238809  7670  4.6681e-15  2.7469e-17
lsc1m005-fa15-20220618-0225-e91.fits.fz  59749.213413496  59749.213505811  7670  4.4608e-15  3.3793e-17
lsc1m005-fa15-20220618-0237-e91.fits.fz  59749.223796574  59749.223888889  7670  4.5792e-15  3.5787e-17
lsc1m005-fa15-20220618-0257-e91.fits.fz  59749.259462963  59749.259555232  7670  4.4036e-15  2.8385e-17
lsc1m005-fa15-20220618-0259-e91.fits.fz  59749.265391494  59749.265483762  7670  4.4918e-15  2.9488e-17
lsc1m005-fa15-20220618-0261-e91.fits.fz  59749.275814237  59749.275906551  7670  4.4439e-15  3.0456e-17
lsc1m005-fa15-20220618-0263-e91.fits.fz  59749.286222686  59749.286314954  7670  4.4066e-15  3.1916e-17
coj0m403-kb23-20220619-0033-e91.fits.fz  59749.380154503  59749.380330811  7670  4.2675e-15  5.7940e-16
coj1m011-fa12-20220619-0034-e91.fits.fz  59749.392681655  59749.392773924  7670  4.5473e-15  3.7295e-17
coj1m011-fa12-20220619-0041-e91.fits.fz  59749.403249931  59749.403342200  7670  4.5651e-15  3.6884e-17
cpt1m012-fa06-20220619-0130-e91.fits.fz  59749.749247477  59749.749305116  7670  4.3799e-15  6.7618e-17
coj1m011-fa12-20220620-0071-e91.fits.fz  59750.444054700  59750.444147061  7670  5.1292e-15  3.0927e-17
coj1m011-fa12-20220620-0130-e91.fits.fz  59750.525336933  59750.525394572  7670  4.9965e-15  3.7360e-17
coj1m011-fa12-20220621-0104-e91.fits.fz  59751.471074480  59751.471166841  7670  5.0647e-15  3.0891e-16
coj1m011-fa12-20220621-0196-e91.fits.fz  59751.625469954  59751.625527593  7670  5.1625e-15  4.1471e-17
coj1m011-fa12-20220622-0119-e91.fits.fz  59752.421960880  59752.422053241  7670  5.1954e-15  3.0263e-17
coj1m011-fa12-20220624-0080-e91.fits.fz  59754.381769202  59754.381826841  7670  4.8645e-15  3.5824e-17
cpt1m010-fa16-20220624-0041-e91.fits.fz  59754.945603276  59754.945696563  7670  4.8236e-15  4.5734e-17
lsc1m009-fa04-20220624-0068-e91.fits.fz  59754.980319514  59754.980377200  7670  5.2172e-15  1.5141e-16
lsc1m004-fa03-20220624-0090-e91.fits.fz  59755.105035672  59755.105127987  7670  4.6739e-15  6.7567e-17
coj1m011-fa12-20220625-0129-e91.fits.fz  59755.459583878  59755.459641517  7670  5.2953e-15  4.4252e-17
lsc1m009-fa04-20220625-0034-e91.fits.fz  59756.105258114  59756.105350429  7670  5.0903e-15  3.6059e-17
coj1m003-fa19-20220626-0079-e91.fits.fz  59756.459526308  59756.459584977  7670  4.9786e-15  5.1350e-17
lsc1m009-fa04-20220626-0107-e91.fits.fz  59757.088368241  59757.088460510  7670  5.6843e-15  6.3183e-16
coj1m011-fa12-20220627-0141-e91.fits.fz  59757.474428924  59757.474486563  7670  4.6513e-15  4.6221e-17
lsc1m004-fa03-20220627-0034-e91.fits.fz  59758.111962871  59758.112055151  7670  4.4242e-15  3.4186e-17
cpt1m012-fa06-20220628-0196-e91.fits.fz  59758.845132998  59758.845190591  7670  5.2315e-15  6.6947e-17
lsc0m412-kb26-20220628-0061-e91.fits.fz  59758.959869086  59758.959988102  7670  4.3859e-15  4.5630e-16
lsc1m004-fa03-20220628-0320-e91.fits.fz  59759.241719989  59759.241812304  7670  4.8160e-15  2.9918e-17
lsc0m412-kb26-20220629-0068-e91.fits.fz  59759.960101482  59759.960220533  7670  8.3869e-15  5.3326e-16
lsc1m009-fa04-20220629-0251-e91.fits.fz  59760.242485915  59760.242578183  7670  4.6837e-15  4.6818e-17
lsc1m009-fa04-20220629-0253-e91.fits.fz  59760.244608079  59760.244665764  7670  4.7574e-15  6.1457e-17
cpt1m010-fa16-20220630-0238-e91.fits.fz  59760.960014399  59760.960072963  7670  4.9799e-15  5.2702e-17
lsc0m412-kb26-20220630-0075-e91.fits.fz  59760.969826864  59760.969945892  7670  5.0474e-15  4.6893e-16
cpt1m010-fa16-20220701-0170-e91.fits.fz  59761.894546135  59761.894639468  7670  5.3306e-15  6.7123e-17
cpt1m010-fa16-20220701-0212-e91.fits.fz  59761.972557755  59761.972616366  7670  5.6639e-15  8.3228e-17
lsc0m412-kb26-20220701-0080-e91.fits.fz  59762.005393913  59762.005512940  7670  5.0963e-15  4.2443e-16
lsc1m005-fa15-20220701-0114-e91.fits.fz  59762.082602373  59762.082694642  7670  5.1335e-15  3.8909e-17
lsc0m412-kb26-20220702-0078-e91.fits.fz  59763.029648507  59763.029767535  7670  3.9683e-15  3.7254e-16
lsc1m005-fa15-20220702-0354-e91.fits.fz  59763.149257420  59763.149315012  7670  5.1812e-15  3.8777e-17
lsc1m005-fa15-20220702-0361-e91.fits.fz  59763.158317929  59763.158410243  7670  5.2049e-15  2.9942e-17
lsc0m409-kb98-20220703-0063-e91.fits.fz  59763.969469850  59763.969588855  7670  5.0673e-15  3.1648e-16
lsc0m409-kb98-20220705-0078-e91.fits.fz  59765.977563021  59765.977682026  7670  3.2806e-15  5.4398e-16
lsc0m412-kb26-20220706-0065-e91.fits.fz  59766.970068612  59766.970187605  7670  4.8807e-15  3.6445e-16
lsc0m412-kb26-20220708-0069-e91.fits.fz  59768.959495544  59768.959614549  7670  4.3290e-15  3.9053e-16
lsc0m409-kb98-20220708-0147-e91.fits.fz  59769.159847489  59769.159966563  7670  4.7466e-15  3.6824e-16
coj0m405-kb88-20220709-0043-e91.fits.fz  59769.375771436  59769.375890441  7670  5.0088e-15  2.4366e-16
cpt1m012-fa06-20220709-0067-e91.fits.fz  59769.709209595  59769.709243993  7670  5.6775e-15  1.5503e-16
cpt1m012-fa06-20220709-0069-e91.fits.fz  59769.713305070  59769.713339468  7670  5.4261e-15  1.3565e-16
coj0m405-kb88-20220711-0046-e91.fits.fz  59771.395738126  59771.395972825  7670  4.7222e-15  1.5450e-16
lsc0m412-kb26-20220711-0033-e91.fits.fz  59772.039960278  59772.040079294  7670  4.3362e-15  4.6726e-16
coj0m405-kb88-20220712-0051-e91.fits.fz  59772.414773670  59772.415008450  7670  5.5734e-15  1.2406e-16
lsc0m409-kb98-20220712-0102-e91.fits.fz  59773.097453878  59773.097572906  7670  5.1673e-15  3.4755e-16
cpt1m012-fa06-20220721-0181-e91.fits.fz  59781.901819769  59781.901854214  7670  4.9963e-15  2.1761e-16
cpt1m010-fa16-20220722-0105-e91.fits.fz  59782.774923785  59782.774982350  7670  6.0140e-15  1.0906e-15
cpt1m012-fa06-20220722-0115-e91.fits.fz  59782.776395012  59782.776429410  7670  4.4647e-15  3.3844e-16
coj1m003-fa19-20220724-0239-e91.fits.fz  59784.542868045  59784.542926945  7670  4.8797e-15  4.0898e-17
coj1m003-fa19-20220724-0247-e91.fits.fz  59784.549507570  59784.549543033  7670  4.8234e-15  5.7047e-17
coj1m003-fa19-20220724-0249-e91.fits.fz  59784.551650140  59784.551708751  7670  4.8522e-15  4.1858e-17
coj1m003-fa19-20220725-0058-e91.fits.fz  59785.358774295  59785.358832952  7670  5.2991e-15  4.0206e-17
coj1m011-fa12-20220725-0145-e91.fits.fz  59785.517213924  59785.517248415  7670  5.1894e-15  5.4316e-17
coj1m011-fa12-20220725-0165-e91.fits.fz  59785.543855163  59785.543912802  7670  6.1994e-15  5.5463e-17
cpt1m010-fa16-20220725-0233-e91.fits.fz  59785.890981181  59785.891039746  7670  5.4497e-15  5.4415e-17
cpt1m012-fa06-20220725-0190-e91.fits.fz  59785.923680093  59785.923714584  7670  5.0337e-15  9.4987e-17
lsc1m009-fa04-20220725-0003-e91.fits.fz  59785.980171876  59785.980229561  7670  5.2515e-15  3.6499e-17
lsc1m009-fa04-20220726-0120-e91.fits.fz  59787.099176563  59787.099234387  7670  4.8759e-15  3.6495e-17
lsc1m009-fa04-20220726-0129-e91.fits.fz  59787.106763519  59787.106821250  7670  5.0033e-15  5.4894e-17
lsc1m009-fa04-20220726-0138-e91.fits.fz  59787.117513530  59787.117571308  7670  5.6370e-15  4.9432e-17
lsc1m009-fa04-20220726-0146-e91.fits.fz  59787.125998646  59787.126056424  7670  5.6454e-15  5.0845e-17
lsc1m005-fa15-20220726-0126-e91.fits.fz  59787.136608218  59787.136665765  7670  4.7640e-15  3.7766e-17
lsc1m009-fa04-20220726-0152-e91.fits.fz  59787.147140429  59787.147198207  7670  5.2310e-15  4.8026e-17
lsc1m009-fa04-20220726-0166-e91.fits.fz  59787.157247142  59787.157304966  7670  5.1707e-15  4.4772e-17
lsc1m009-fa04-20220726-0178-e91.fits.fz  59787.167721598  59787.167779283  7670  4.9120e-15  3.7008e-17
lsc1m009-fa04-20220726-0182-e91.fits.fz  59787.181612593  59787.181670278  7670  5.0654e-15  4.2612e-17
lsc1m009-fa04-20220726-0185-e91.fits.fz  59787.186136748  59787.186171193  7670  5.1708e-15  6.5331e-17
lsc1m009-fa04-20220726-0187-e91.fits.fz  59787.188468322  59787.188526100  7670  5.2276e-15  4.3703e-17
cpt1m012-fa06-20220727-0079-e91.fits.fz  59787.872129260  59787.872186852  7670  4.8265e-15  7.6832e-17
lsc1m005-fa15-20220727-0088-e91.fits.fz  59788.021882709  59788.021940255  7670  3.5922e-15  3.6902e-17
lsc1m009-fa04-20220727-0062-e91.fits.fz  59788.028961702  59788.029019433  7670  3.5444e-15  3.5415e-17
lsc1m005-fa15-20220727-0092-e91.fits.fz  59788.039287014  59788.039344607  7670  3.4691e-15  3.4871e-17
lsc1m005-fa15-20220727-0094-e91.fits.fz  59788.049740926  59788.049798519  7670  3.5252e-15  3.7704e-17
lsc1m005-fa15-20220727-0104-e91.fits.fz  59788.059772049  59788.059829642  7670  3.3596e-15  3.4195e-17
lsc1m009-fa04-20220727-0082-e91.fits.fz  59788.074121771  59788.074179549  7670  3.3692e-15  3.3540e-17
lsc1m005-fa15-20220727-0106-e91.fits.fz  59788.083995325  59788.084052871  7670  3.3255e-15  3.5787e-17
lsc1m005-fa15-20220727-0116-e91.fits.fz  59788.093744503  59788.093802095  7670  3.3883e-15  3.3532e-17
lsc1m005-fa15-20220727-0118-e91.fits.fz  59788.095821146  59788.095855591  7670  3.2676e-15  5.7676e-17
lsc1m005-fa15-20220727-0123-e91.fits.fz  59788.101617593  59788.101675140  7670  3.2758e-15  3.5015e-17
lsc1m005-fa15-20220727-0134-e91.fits.fz  59788.112122616  59788.112180163  7670  3.1782e-15  3.4744e-17
lsc1m005-fa15-20220727-0139-e91.fits.fz  59788.122758646  59788.122816193  7670  3.1300e-15  4.1506e-17
lsc1m005-fa15-20220727-0147-e91.fits.fz  59788.132261575  59788.132319167  7670  3.1581e-15  3.3882e-17
lsc1m005-fa15-20220727-0152-e91.fits.fz  59788.142883774  59788.142941366  7670  3.2424e-15  4.2173e-17
lsc1m005-fa15-20220727-0156-e91.fits.fz  59788.153828287  59788.153885834  7670  3.1536e-15  5.9643e-17
lsc1m005-fa15-20220727-0160-e91.fits.fz  59788.167730880  59788.167788473  7670  3.2637e-15  3.9766e-17
lsc1m009-fa04-20220727-0094-e91.fits.fz  59788.173990301  59788.174048079  7670  3.1988e-15  4.1122e-17
lsc1m009-fa04-20220727-0099-e91.fits.fz  59788.185139248  59788.185197165  7670  3.1927e-15  4.9045e-17
coj1m011-fa12-20220728-0144-e91.fits.fz  59788.543901748  59788.543959341  7670  4.3651e-15  4.6441e-17
cpt1m010-fa16-20220728-0159-e91.fits.fz  59788.886231968  59788.886290533  7670  5.0637e-15  5.5494e-17
coj1m011-fa12-20220729-0206-e91.fits.fz  59789.529770475  59789.529828114  7670  5.1308e-15  5.1252e-17
lsc1m009-fa04-20220729-0105-e91.fits.fz  59790.044083241  59790.044118102  7670  5.4486e-15  8.0208e-17
lsc1m009-fa04-20220729-0135-e91.fits.fz  59790.091193785  59790.091251424  7670  5.7745e-15  6.1231e-17
coj1m003-fa19-20220730-0119-e91.fits.fz  59790.449249121  59790.449307778  7670  5.2358e-15  3.7164e-17
cpt1m010-fa16-20220730-0114-e91.fits.fz  59790.805148426  59790.805206991  7670  5.1398e-15  5.2886e-17
cpt1m012-fa06-20220730-0176-e91.fits.fz  59790.817031146  59790.817088739  7670  5.2511e-15  6.5421e-17
lsc1m005-fa15-20220730-0317-e91.fits.fz  59791.147960510  59791.147994908  7670  5.0647e-15  5.6886e-17
lsc1m005-fa15-20220731-0059-e91.fits.fz  59791.962215151  59791.962272697  7670  5.3801e-15  6.8969e-17
lsc1m009-fa04-20220731-0082-e91.fits.fz  59792.040169040  59792.040203484  7670  4.6488e-15  5.4650e-17
lsc1m009-fa04-20220731-0089-e91.fits.fz  59792.048985741  59792.049043623  7670  4.4409e-15  9.2917e-17
lsc1m009-fa04-20220731-0091-e91.fits.fz  59792.051064353  59792.051122084  7670  4.3463e-15  9.6328e-17
lsc1m005-fa15-20220802-0066-e91.fits.fz  59793.987148264  59793.987205857  7670  5.7199e-15  4.7556e-17
lsc1m005-fa15-20220802-0147-e91.fits.fz  59794.174498693  59794.174533091  7670  5.7979e-15  6.1443e-17
lsc1m009-fa04-20220803-0070-e91.fits.fz  59794.996037512  59794.996095151  7670  6.1014e-15  4.7449e-17
lsc1m005-fa15-20220803-0135-e91.fits.fz  59795.136296401  59795.136330799  7670  5.7128e-15  5.7279e-17
lsc1m009-fa04-20220804-0059-e91.fits.fz  59795.963672327  59795.963730105  7670  4.0752e-15  4.8715e-17
lsc1m005-fa15-20220805-0059-e91.fits.fz  59796.964080996  59796.964139329  7670  5.7074e-15  6.3585e-17
lsc0m409-kb98-20220805-0097-e91.fits.fz  59797.084307535  59797.084484399  7670  4.2054e-15  2.1502e-16
cpt1m010-fa16-20220806-0111-e91.fits.fz  59797.823951169  59797.824009780  7670  5.3588e-15  8.2052e-17
cpt1m010-fa16-20220806-0114-e91.fits.fz  59797.833989908  59797.834025325  7670  5.3719e-15  1.0904e-16
coj0m403-kb23-20220807-0049-e91.fits.fz  59798.355220348  59798.355396760  7670  3.7379e-15  1.4334e-16
coj1m003-fa19-20220807-0077-e91.fits.fz  59798.463133311  59798.463191980  7670  3.6346e-15  3.9843e-17
lsc1m009-fa04-20220807-0067-e91.fits.fz  59799.099399792  59799.099457524  7670  4.0491e-15  7.1875e-17
lsc1m005-fa15-20220808-0073-e91.fits.fz  59800.001158114  59800.001215660  7670  5.1145e-15  4.7673e-17
lsc0m409-kb98-20220808-0117-e91.fits.fz  59800.127637049  59800.127813878  7670  5.0431e-15  2.4603e-16
lsc0m409-kb98-20220808-0119-e91.fits.fz  59800.131563311  59800.131740313  7670  4.3547e-15  2.3588e-16
lsc0m409-kb98-20220808-0121-e91.fits.fz  59800.136149700  59800.136326644  7670  4.4387e-15  2.3274e-16
lsc1m005-fa15-20220809-0088-e91.fits.fz  59801.001050683  59801.001108230  7670  5.6589e-15  4.4587e-17
lsc0m409-kb98-20220809-0123-e91.fits.fz  59801.084231551  59801.084408438  7670  4.2549e-15  2.3587e-16
lsc0m409-kb98-20220810-0125-e91.fits.fz  59802.084264954  59802.084441899  7670  4.1664e-15  2.9126e-16
lsc0m409-kb98-20220811-0106-e91.fits.fz  59803.084297686  59803.084474538  7670  4.9228e-15  4.4252e-16
lsc0m409-kb98-20220812-0125-e91.fits.fz  59804.084376274  59804.084553183  7670  3.6817e-15  2.4105e-16
lsc0m412-kb26-20220813-0100-e91.fits.fz  59805.084196262  59805.084373160  7670  4.8677e-15  3.2961e-16
lsc0m409-kb98-20220815-0065-e91.fits.fz  59806.967340718  59806.967517616  7670  3.9236e-15  2.3335e-16
lsc0m409-kb98-20220816-0214-e91.fits.fz  59808.097733785  59808.097852836  7670  3.5640e-15  3.3088e-16
lsc0m409-kb98-20220817-0068-e91.fits.fz  59808.970962223  59808.971081262  7670  5.2856e-15  3.2959e-16
lsc0m409-kb98-20220818-0069-e91.fits.fz  59809.976481783  59809.976600834  7670  3.1626e-15  3.3834e-16
lsc0m409-kb98-20220819-0061-e91.fits.fz  59810.972942662  59810.973061667  7670  5.2525e-15  4.0126e-16
lsc0m409-kb98-20220820-0065-e91.fits.fz  59811.968891713  59811.969010753  7670  3.8751e-15  3.0806e-16
lsc0m409-kb98-20220821-0058-e91.fits.fz  59812.969243797  59812.969362871  7670  4.8911e-15  3.8620e-16
lsc0m409-kb98-20220822-0065-e91.fits.fz  59813.969578912  59813.969697998  7670  4.3496e-15  3.0352e-16
lsc0m409-kb98-20220823-0060-e91.fits.fz  59814.972932315  59814.973051251  7670  4.4900e-15  3.1278e-16
lsc0m409-kb98-20220824-0079-e91.fits.fz  59815.998624723  59815.998743797  7670  4.5342e-15  5.7485e-16
coj0m405-kb83-20220826-0065-e91.fits.fz  59817.359708855  59817.359827836  7670  4.1857e-15  1.9624e-16
coj0m405-kb83-20220827-0042-e91.fits.fz  59818.382724410  59818.383074873  7670  6.5849e-15  7.6712e-16
coj0m403-kb23-20220828-0058-e91.fits.fz  59819.361169294  59819.361519202  7670  5.1192e-15  6.8911e-17
lsc0m409-kb98-20220828-0060-e91.fits.fz  59819.974062929  59819.974239897  7670  4.8411e-15  2.0822e-16
lsc0m409-kb98-20220829-0066-e91.fits.fz  59820.976470880  59820.976821505  7670  4.0894e-15  1.1001e-16
lsc0m409-kb98-20220829-0070-e91.fits.fz  59820.980998635  59820.981175533  7670  4.5286e-15  2.0450e-16
lsc0m409-kb98-20220830-0068-e91.fits.fz  59821.977791957  59821.977968832  7670  4.3759e-15  1.9960e-16
lsc0m409-kb98-20220830-0073-e91.fits.fz  59821.984342535  59821.984693079  7670  4.4750e-15  1.0194e-16
coj0m403-kb23-20220831-0058-e91.fits.fz  59822.362267246  59822.362617177  7670  5.1356e-15  7.2123e-17
lsc0m409-kb98-20220831-0065-e91.fits.fz  59822.972906737  59822.973083716  7670  3.7121e-15  2.4191e-16
lsc0m409-kb98-20220901-0065-e91.fits.fz  59823.973258160  59823.973435139  7670  4.8467e-15  2.1697e-16
lsc0m409-kb98-20220902-0070-e91.fits.fz  59824.975773230  59824.975950197  7670  4.8681e-15  2.3968e-16
lsc0m409-kb98-20220902-0072-e91.fits.fz  59824.978465660  59824.978816181  7670  5.1522e-15  1.3026e-16
lsc0m409-kb98-20220903-0065-e91.fits.fz  59825.973967593  59825.974144480  7670  4.0721e-15  2.5272e-16
lsc0m409-kb98-20220903-0067-e91.fits.fz  59825.976735128  59825.977085695  7670  4.1048e-15  1.2795e-16
coj0m403-kb23-20220904-0043-e91.fits.fz  59826.363888415  59826.364238380  7670  5.3640e-15  9.5728e-17
lsc0m409-kb98-20220904-0058-e91.fits.fz  59826.974325822  59826.974502813  7670  4.9879e-15  2.2425e-16
coj0m405-kb83-20220905-0043-e91.fits.fz  59827.376520070  59827.376870510  7670  4.8476e-15  1.6561e-16
lsc0m409-kb98-20220905-0065-e91.fits.fz  59827.974659977  59827.974836852  7670  5.1055e-15  2.3944e-16
lsc0m409-kb98-20220906-0067-e91.fits.fz  59828.976710602  59828.976887570  7670  3.8386e-15  2.3436e-16
coj0m403-kb23-20220912-0060-e91.fits.fz  59834.368787049  59834.369136968  7670  4.2515e-15  7.6446e-17
coj0m403-kb23-20220913-0067-e91.fits.fz  59835.368490475  59835.368840371  7670  5.2958e-15  6.8088e-17
lsc0m409-kb98-20220914-0066-e91.fits.fz  59836.983481251  59836.983831806  7670  5.0121e-15  1.1543e-16
lsc0m409-kb98-20220915-0068-e91.fits.fz  59837.981512107  59837.981862663  7670  4.7070e-15  1.8453e-16
coj0m403-kb23-20220916-0058-e91.fits.fz  59838.367783125  59838.368133021  7670  4.6731e-15  1.0558e-16
lsc0m409-kb98-20220917-0071-e91.fits.fz  59839.986381378  59839.986731887  7670  4.4279e-15  1.2691e-16
coj0m403-kb23-20220918-0065-e91.fits.fz  59840.368619781  59840.368969734  7670  4.8524e-15  8.7275e-17
coj0m403-kb23-20220919-0047-e91.fits.fz  59841.370942662  59841.371292720  7670  5.2262e-15  7.9132e-17
lsc0m409-kb98-20220919-0077-e91.fits.fz  59841.985725116  59841.985844110  7670  4.2095e-15  3.6361e-16
lsc0m409-kb98-20220919-0103-e91.fits.fz  59842.014947257  59842.015182061  7670  3.4420e-15  1.6622e-16
lsc0m409-kb98-20220920-0065-e91.fits.fz  59842.980110475  59842.980229479  7670  6.7602e-15  8.7321e-16
lsc0m409-kb98-20220921-0065-e91.fits.fz  59843.980479885  59843.980830383  7670  5.0464e-15  1.8066e-16
lsc0m409-kb98-20220921-0067-e91.fits.fz  59843.982708484  59843.982827454  7670  5.1428e-15  3.6240e-16
lsc0m409-kb98-20220921-0069-e91.fits.fz  59843.985493276  59843.985728044  7670  4.9924e-15  1.7511e-16
lsc0m409-kb98-20220923-0067-e91.fits.fz  59845.983291795  59845.983410892  7670  4.6292e-15  3.1099e-16
lsc0m409-kb98-20220923-0069-e91.fits.fz  59845.985814213  59845.986048982  7670  5.1622e-15  1.7006e-16
lsc0m409-kb98-20220924-0057-e91.fits.fz  59847.009088079  59847.009207073  7670  4.7021e-15  3.6967e-16
coj0m403-kb23-20220925-0065-e91.fits.fz  59847.372154005  59847.372388207  7670  3.7718e-15  1.0103e-16
lsc0m409-kb98-20220925-0067-e91.fits.fz  59847.987429434  59847.987664225  7670  5.0260e-15  1.6529e-16
lsc0m409-kb98-20220925-0078-e91.fits.fz  59847.994241679  59847.994360776  7670  4.6191e-15  3.2156e-16
coj0m403-kb23-20220927-0065-e91.fits.fz  59849.373029561  59849.373263693  7670  5.3689e-15  1.2827e-16
coj0m403-kb23-20220927-0069-e91.fits.fz  59849.377177558  59849.377296077  7670  4.8352e-15  1.9172e-16
lsc0m409-kb98-20220927-0066-e91.fits.fz  59849.982958079  59849.983077153  7670  4.1467e-15  4.1035e-16
lsc0m409-kb98-20220928-0074-e91.fits.fz  59851.000737559  59851.000856644  7670  5.1328e-15  3.2451e-16
