;File (Wave in A; Flux in erg/s/cm2/A)   MJD_start        MJD_end          Wave  Flux        Unc       
cpt0m407-kb84-20210207-0179-e91.fits.fz  59253.055706980  59253.055941783  5450  4.0378e-15  4.1488e-16
cpt0m407-kb84-20210208-0439-e91.fits.fz  59254.057812396  59254.058047165  5450  4.9946e-15  2.3763e-16
cpt0m407-kb84-20210209-0204-e91.fits.fz  59255.054500973  59255.054735730  5450  5.1476e-15  3.0694e-16
lsc0m409-kb29-20210211-0194-e91.fits.fz  59257.326495487  59257.326730267  5450  4.8014e-15  2.3257e-16
cpt0m407-kb84-20210212-0181-e91.fits.fz  59258.117318450  59258.117553160  5450  4.4685e-15  2.5641e-16
lsc0m409-kb29-20210213-0205-e91.fits.fz  59259.282905186  59259.283139966  5450  5.1749e-15  2.2771e-16
lsc0m409-kb29-20210214-0191-e91.fits.fz  59260.284809572  59260.285044306  5450  4.1861e-15  2.3075e-16
lsc0m412-kb26-20210215-0169-e91.fits.fz  59261.283764364  59261.283999133  5450  3.7740e-15  3.9286e-16
cpt0m407-kb84-20210216-0217-e91.fits.fz  59262.133862223  59262.134097037  5450  4.4631e-15  2.2994e-16
coj0m403-kb24-20210423-0149-e91.fits.fz  59327.625204109  59327.625438311  5450  4.3688e-15  1.1801e-16
coj0m403-kb24-20210424-0149-e91.fits.fz  59328.632099051  59328.632333264  5450  4.8343e-15  1.3978e-16
coj0m403-kb24-20210425-0146-e91.fits.fz  59329.641729943  59329.641964074  5450  5.2829e-15  1.4427e-16
coj0m405-kb88-20210426-0278-e91.fits.fz  59330.648082721  59330.648317524  5450  4.4871e-15  1.4555e-16
coj0m405-kb88-20210428-0075-e91.fits.fz  59332.632108334  59332.632343149  5450  4.0781e-15  2.4631e-16
coj0m403-kb24-20210429-0163-e91.fits.fz  59333.635653045  59333.635887292  5450  4.4961e-15  1.3991e-16
lsc0m409-kb29-20210501-0327-e91.fits.fz  59336.289512315  59336.289747084  5450  6.4503e-15  3.0433e-16
lsc0m409-kb29-20210503-0137-e91.fits.fz  59338.067369839  59338.067604619  5450  5.0430e-15  2.8911e-16
lsc0m409-kb29-20210503-0231-e91.fits.fz  59338.243181783  59338.243416540  5450  4.6904e-15  2.4165e-16
ogg0m406-kb27-20210503-0072-e91.fits.fz  59338.500850475  59338.501081216  5450  5.0008e-15  2.0534e-16
ogg0m406-kb27-20210503-0078-e91.fits.fz  59338.507106482  59338.507337200  5450  5.3862e-15  2.2531e-16
ogg0m406-kb27-20210503-0084-e91.fits.fz  59338.517527281  59338.517758033  5450  5.3799e-15  2.1435e-16
ogg0m406-kb27-20210503-0090-e91.fits.fz  59338.527940498  59338.528171239  5450  5.7195e-15  2.0745e-16
ogg0m404-kb82-20210503-0082-e91.fits.fz  59338.538379908  59338.538610660  5450  5.2938e-15  2.0023e-16
cpt0m407-kb84-20210504-0096-e91.fits.fz  59339.024461413  59339.024696181  5450  4.4948e-15  2.5635e-16
cpt0m407-kb84-20210504-0134-e91.fits.fz  59339.071418392  59339.071653125  5450  3.7075e-15  6.7524e-16
lsc0m409-kb29-20210504-0154-e91.fits.fz  59339.347355023  59339.347589804  5450  4.6933e-15  2.5045e-16
cpt0m407-kb84-20210505-0129-e91.fits.fz  59339.804430834  59339.804665603  5450  3.2791e-15  4.1754e-16
cpt0m407-kb84-20210506-0127-e91.fits.fz  59340.809182477  59340.809417234  5450  4.5125e-15  3.6233e-16
coj0m403-kb24-20210507-0113-e91.fits.fz  59341.740897211  59341.741131366  5450  5.8585e-15  2.9265e-16
cpt0m407-kb84-20210508-0142-e91.fits.fz  59342.802223855  59342.802458658  5450  4.1720e-15  2.7268e-16
coj0m403-kb24-20210509-0141-e91.fits.fz  59343.666858809  59343.667092964  5450  4.8576e-15  1.1372e-16
cpt0m407-kb84-20210510-0126-e91.fits.fz  59344.795269040  59344.795503820  5450  5.0950e-15  2.4977e-16
cpt0m407-kb84-20210511-0150-e91.fits.fz  59345.816155788  59345.816390568  5450  4.2739e-15  2.4931e-16
cpt0m407-kb84-20210512-0138-e91.fits.fz  59346.788342119  59346.788576887  5450  4.3659e-15  2.5292e-16
cpt0m407-kb84-20210513-0146-e91.fits.fz  59347.798852836  59347.799087605  5450  4.0521e-15  2.4434e-16
cpt0m407-kb84-20210514-0123-e91.fits.fz  59348.816129526  59348.816364295  5450  4.6951e-15  2.7056e-16
lsc0m409-kb29-20210729-0064-e91.fits.fz  59424.960737570  59424.960972339  5450  4.0276e-15  2.4728e-16
coj0m403-kb24-20210731-0066-e91.fits.fz  59426.352563496  59426.352797662  5450  4.8943e-15  1.5482e-16
lsc0m412-kb26-20210731-0070-e91.fits.fz  59427.033157107  59427.033391841  5450  4.1522e-15  3.4183e-16
lsc0m412-kb26-20210802-0070-e91.fits.fz  59428.973905221  59428.974139989  5450  4.7067e-15  4.0955e-16
lsc0m412-kb26-20210803-0134-e91.fits.fz  59430.127455637  59430.127690406  5450  4.2869e-15  4.1345e-16
lsc0m409-kb29-20210804-0074-e91.fits.fz  59430.971810892  59430.972045672  5450  4.5930e-15  2.4391e-16
lsc0m412-kb26-20210805-0078-e91.fits.fz  59431.982268496  59431.982503253  5450  3.8858e-15  5.8951e-16
cpt0m407-kb84-20210207-0180-e91.fits.fz  59253.056114966  59253.056233994  7670  1.3198e-14  5.3909e-16
cpt0m407-kb84-20210208-0440-e91.fits.fz  59254.058212975  59254.058332038  7670  1.4328e-14  3.5590e-16
cpt0m407-kb84-20210209-0205-e91.fits.fz  59255.055018218  59255.055137234  7670  1.5374e-14  3.7266e-16
lsc0m409-kb29-20210211-0195-e91.fits.fz  59257.326933044  59257.327052107  7670  1.4419e-14  3.9206e-16
cpt0m407-kb84-20210212-0182-e91.fits.fz  59258.117706031  59258.117825035  7670  1.4339e-14  4.4728e-16
lsc0m409-kb29-20210213-0206-e91.fits.fz  59259.283347304  59259.283466366  7670  1.5525e-14  3.5041e-16
lsc0m409-kb29-20210214-0192-e91.fits.fz  59260.285256031  59260.285375105  7670  1.3581e-14  3.5248e-16
lsc0m412-kb26-20210215-0170-e91.fits.fz  59261.284145626  59261.284264642  7670  1.3307e-14  4.8901e-16
cpt0m407-kb84-20210216-0218-e91.fits.fz  59262.134249283  59262.134368299  7670  1.3534e-14  3.5428e-16
coj0m403-kb24-20210423-0150-e91.fits.fz  59327.625660267  59327.625778727  7670  1.3655e-14  2.0577e-16
coj0m403-kb24-20210424-0150-e91.fits.fz  59328.632555915  59328.632674353  7670  1.4345e-14  2.4134e-16
coj0m403-kb24-20210425-0147-e91.fits.fz  59329.642200950  59329.642319445  7670  1.4732e-14  2.4219e-16
coj0m405-kb88-20210426-0279-e91.fits.fz  59330.648540579  59330.648659630  7670  1.4208e-14  2.2654e-16
cpt0m407-kb84-20210427-0216-e91.fits.fz  59331.889517570  59331.889636586  7670  1.6422e-14  2.5799e-15
coj0m405-kb88-20210428-0076-e91.fits.fz  59332.632567825  59332.632686899  7670  1.1736e-14  3.0031e-16
coj0m403-kb24-20210429-0164-e91.fits.fz  59333.636129318  59333.636247848  7670  1.4091e-14  2.2394e-16
lsc0m409-kb29-20210501-0328-e91.fits.fz  59336.289956968  59336.290075984  7670  1.6225e-14  4.7297e-16
lsc0m409-kb29-20210503-0138-e91.fits.fz  59338.067815278  59338.067934237  7670  1.5233e-14  3.9619e-16
lsc0m409-kb29-20210503-0232-e91.fits.fz  59338.243619387  59338.243738392  7670  1.4563e-14  3.8463e-16
ogg0m406-kb27-20210503-0073-e91.fits.fz  59338.501287431  59338.501402408  7670  1.4062e-14  3.3837e-16
ogg0m406-kb27-20210503-0079-e91.fits.fz  59338.507546841  59338.507661852  7670  1.4835e-14  3.4959e-16
ogg0m406-kb27-20210503-0085-e91.fits.fz  59338.517973172  59338.518088253  7670  1.4429e-14  3.0523e-16
ogg0m406-kb27-20210503-0091-e91.fits.fz  59338.528389017  59338.528504028  7670  1.5796e-14  3.1145e-16
ogg0m404-kb82-20210503-0083-e91.fits.fz  59338.538819873  59338.538934954  7670  1.5499e-14  2.7768e-16
cpt0m407-kb84-20210504-0097-e91.fits.fz  59339.024846748  59339.024965742  7670  1.3832e-14  4.0098e-16
cpt0m407-kb84-20210504-0135-e91.fits.fz  59339.071798102  59339.071917130  7670  1.3861e-14  3.7905e-16
lsc0m409-kb29-20210504-0155-e91.fits.fz  59339.347796482  59339.347915545  7670  1.4198e-14  3.9356e-16
cpt0m407-kb84-20210505-0130-e91.fits.fz  59339.804816135  59339.804935163  7670  1.2188e-14  5.5915e-16
cpt0m407-kb84-20210506-0128-e91.fits.fz  59340.809565383  59340.809684410  7670  1.3230e-14  5.2949e-16
coj0m403-kb24-20210507-0114-e91.fits.fz  59341.741352304  59341.741470765  7670  1.5244e-14  4.7842e-16
cpt0m407-kb84-20210508-0143-e91.fits.fz  59342.802611818  59342.802730880  7670  1.4068e-14  4.2614e-16
coj0m403-kb24-20210509-0142-e91.fits.fz  59343.667310116  59343.667428612  7670  1.4370e-14  2.0375e-16
cpt0m407-kb84-20210510-0127-e91.fits.fz  59344.795654352  59344.795773368  7670  1.3771e-14  3.7449e-16
cpt0m407-kb84-20210511-0151-e91.fits.fz  59345.816543531  59345.816662558  7670  1.3036e-14  3.7180e-16
cpt0m407-kb84-20210513-0147-e91.fits.fz  59347.799234445  59347.799353473  7670  1.3089e-14  3.6541e-16
cpt0m407-kb84-20210514-0124-e91.fits.fz  59348.816518774  59348.816637790  7670  1.4329e-14  4.1584e-16
lsc0m412-kb26-20210728-0070-e91.fits.fz  59423.970864630  59423.970983658  7670  1.3096e-14  5.7440e-16
lsc0m409-kb29-20210729-0065-e91.fits.fz  59424.961191158  59424.961310174  7670  1.3602e-14  3.5693e-16
coj0m403-kb24-20210731-0067-e91.fits.fz  59426.353016274  59426.353134700  7670  1.4288e-14  2.4487e-16
lsc0m412-kb26-20210731-0071-e91.fits.fz  59427.033543068  59427.033662095  7670  1.3696e-14  4.1838e-16
lsc0m412-kb26-20210802-0071-e91.fits.fz  59428.974289618  59428.974408623  7670  1.3493e-14  4.6094e-16
lsc0m412-kb26-20210803-0135-e91.fits.fz  59430.127834584  59430.127953612  7670  1.3551e-14  4.6476e-16
lsc0m409-kb29-20210804-0075-e91.fits.fz  59430.972249317  59430.972368357  7670  1.3929e-14  3.5277e-16
lsc0m412-kb26-20210805-0079-e91.fits.fz  59431.982658554  59431.982777570  7670  1.2823e-14  7.1363e-16
