;File (Wave in A; Flux in erg/s/cm2/A)   MJD_start        MJD_end          Wave  Flux        Unc       
cpt0m407-kb84-20210207-0103-e91.fits.fz  59252.865463264  59252.865698010  5450  1.7217e-15  2.9492e-16
cpt0m407-kb84-20210208-0099-e91.fits.fz  59253.873788670  59253.874023473  5450  1.5051e-15  2.6584e-16
cpt0m407-kb84-20210209-0092-e91.fits.fz  59254.858236702  59254.858471517  5450  1.5966e-15  2.5545e-16
coj0m405-kb88-20210307-0085-e91.fits.fz  59280.447856343  59280.448206864  5450  1.4775e-15  1.5438e-16
coj0m405-kb88-20210309-0283-e91.fits.fz  59282.566159167  59282.566509711  5450  1.1729e-15  1.2235e-16
lsc0m409-kb29-20210310-0116-e91.fits.fz  59284.064488728  59284.064839318  5450  9.0058e-16  1.5218e-16
coj0m403-kb24-20210312-0066-e91.fits.fz  59285.465225846  59285.465575741  5450  1.2524e-15  1.1594e-16
lsc0m409-kb29-20210314-0118-e91.fits.fz  59288.054084433  59288.054434908  5450  1.6191e-15  1.9076e-16
coj0m403-kb24-20210315-0115-e91.fits.fz  59288.429951413  59288.430301308  5450  1.6572e-15  1.5367e-16
coj0m403-kb24-20210418-0065-e91.fits.fz  59322.359274121  59322.359508311  5450  1.1724e-15  1.4514e-16
coj0m403-kb24-20210419-0065-e91.fits.fz  59323.357609191  59323.357843461  5450  1.0797e-15  1.3109e-16
coj0m403-kb24-20210421-0065-e91.fits.fz  59325.355779028  59325.356013195  5450  1.3077e-15  1.3145e-16
coj0m403-kb24-20210423-0052-e91.fits.fz  59327.361298658  59327.361532871  5450  1.1037e-15  1.3666e-16
coj0m403-kb24-20210427-0065-e91.fits.fz  59331.354351401  59331.354585591  5450  1.1244e-15  1.4763e-16
coj0m403-kb24-20210429-0152-e91.fits.fz  59333.604386031  59333.604620267  5450  1.0254e-15  1.7158e-16
coj0m403-kb24-20210429-0154-e91.fits.fz  59333.610531436  59333.610765602  5450  1.0004e-15  1.6031e-16
coj0m403-kb24-20210429-0156-e91.fits.fz  59333.620943600  59333.621177813  5450  1.3063e-15  1.5134e-16
coj0m403-kb24-20210429-0161-e91.fits.fz  59333.631453646  59333.631687813  5450  1.1500e-15  1.7516e-16
coj0m403-kb24-20210502-0095-e91.fits.fz  59336.355841910  59336.356076147  5450  8.9361e-16  1.6550e-16
cpt0m407-kb84-20210506-0082-e91.fits.fz  59340.756517454  59340.756752199  5450  2.0359e-15  3.4190e-16
cpt0m407-kb84-20210508-0068-e91.fits.fz  59342.705014051  59342.705248820  5450  1.7628e-15  3.1673e-16
coj0m405-kb88-20210509-0058-e91.fits.fz  59343.507432836  59343.507667605  5450  1.5453e-15  2.7121e-16
cpt0m407-kb84-20210511-0072-e91.fits.fz  59345.715016760  59345.715251482  5450  1.6926e-15  2.6470e-16
coj0m403-kb24-20210520-0077-e91.fits.fz  59354.361303183  59354.361537350  5450  2.0136e-15  3.9288e-16
coj0m403-kb24-20210522-0087-e91.fits.fz  59356.371705383  59356.371939549  5450  1.0959e-15  1.4513e-16
cpt0m407-kb84-20210523-0087-e91.fits.fz  59357.724496610  59357.724731355  5450  2.1373e-15  2.8151e-16
coj0m403-kb24-20210525-0068-e91.fits.fz  59359.344438415  59359.344788357  5450  1.2200e-15  1.1603e-16
coj0m403-kb24-20210526-0064-e91.fits.fz  59360.338130128  59360.338480012  5450  1.4696e-15  1.1862e-16
coj0m403-kb24-20210527-0193-e91.fits.fz  59361.510118125  59361.510468114  5450  2.0820e-15  2.5213e-16
coj0m403-kb24-20210528-0064-e91.fits.fz  59362.337732281  59362.338082292  5450  1.3269e-15  1.0924e-16
coj0m403-kb24-20210529-0064-e91.fits.fz  59363.337569017  59363.337803184  5450  1.2329e-15  1.7550e-16
coj0m405-kb88-20210529-0048-e91.fits.fz  59363.345363322  59363.345713797  5450  1.1711e-15  1.1790e-16
coj0m403-kb24-20210529-0072-e91.fits.fz  59363.347171898  59363.347406135  5450  1.2288e-15  1.6914e-16
coj0m403-kb24-20210529-0084-e91.fits.fz  59363.362153762  59363.362387929  5450  1.3005e-15  1.5775e-16
coj0m405-kb88-20210529-0062-e91.fits.fz  59363.368113646  59363.368348380  5450  1.2935e-15  1.5659e-16
coj0m405-kb88-20210529-0064-e91.fits.fz  59363.377195521  59363.377430290  5450  1.2818e-15  1.3929e-16
coj0m403-kb24-20210529-0097-e91.fits.fz  59363.392289746  59363.392523947  5450  1.4669e-15  1.3202e-16
coj0m405-kb88-20210529-0079-e91.fits.fz  59363.398141031  59363.398375845  5450  1.3966e-15  1.3455e-16
coj0m403-kb24-20210529-0110-e91.fits.fz  59363.418949272  59363.419183438  5450  1.1017e-15  1.5036e-16
coj0m405-kb88-20210529-0102-e91.fits.fz  59363.444690915  59363.444925649  5450  1.2849e-15  1.3740e-16
coj0m405-kb88-20210529-0109-e91.fits.fz  59363.455039538  59363.455274294  5450  1.3273e-15  1.3288e-16
coj0m405-kb88-20210529-0111-e91.fits.fz  59363.460527720  59363.460762431  5450  1.2445e-15  1.3734e-16
coj0m405-kb88-20210531-0064-e91.fits.fz  59365.337281019  59365.337631563  5450  1.0864e-15  9.6443e-17
coj0m405-kb88-20210531-0084-e91.fits.fz  59365.364742558  59365.364977373  5450  9.2248e-16  1.4791e-16
lsc0m409-kb29-20210601-0044-e91.fits.fz  59366.949072466  59366.949422952  5450  1.3124e-15  1.8591e-16
lsc0m409-kb29-20210603-0070-e91.fits.fz  59368.958547304  59368.958897813  5450  1.1822e-15  1.7652e-16
lsc0m409-kb29-20210604-0072-e91.fits.fz  59369.958223750  59369.958574317  5450  1.5124e-15  2.0131e-16
lsc0m409-kb29-20210604-0140-e91.fits.fz  59370.062412813  59370.062763264  5450  1.7209e-15  2.5762e-16
lsc0m409-kb29-20210604-0146-e91.fits.fz  59370.069681100  59370.070031679  5450  1.4254e-15  2.4473e-16
coj0m405-kb88-20210605-0066-e91.fits.fz  59370.340410255  59370.340760869  5450  9.6707e-16  1.1463e-16
coj0m405-kb88-20210605-0077-e91.fits.fz  59370.351730440  59370.352080938  5450  1.2095e-15  1.1539e-16
coj0m405-kb88-20210605-0079-e91.fits.fz  59370.354300626  59370.354535417  5450  1.4303e-15  1.6022e-16
coj0m405-kb88-20210605-0081-e91.fits.fz  59370.358475533  59370.358825984  5450  1.1753e-15  1.0504e-16
coj0m405-kb88-20210605-0087-e91.fits.fz  59370.368978253  59370.369328797  5450  1.2439e-15  1.2276e-16
coj0m405-kb88-20210605-0095-e91.fits.fz  59370.389704688  59370.390055174  5450  1.9146e-15  2.1082e-16
coj0m405-kb88-20210606-0064-e91.fits.fz  59371.336768970  59371.337003866  5450  1.2229e-15  1.6941e-16
coj0m405-kb88-20210606-0075-e91.fits.fz  59371.347429561  59371.347780174  5450  1.1344e-15  1.2780e-16
lsc0m409-kb29-20210606-0079-e91.fits.fz  59371.961201505  59371.961551991  5450  8.8556e-16  1.7228e-16
coj0m405-kb88-20210607-0076-e91.fits.fz  59372.347196957  59372.347547431  5450  1.3173e-15  9.4908e-17
lsc0m409-kb29-20210607-0059-e91.fits.fz  59372.950620116  59372.950970649  5450  1.5361e-15  1.7490e-16
coj0m405-kb88-20210613-0044-e91.fits.fz  59378.409695151  59378.409929861  5450  1.2815e-15  1.5844e-16
coj0m405-kb88-20210613-0054-e91.fits.fz  59378.425152767  59378.425503299  5450  1.3070e-15  1.0012e-16
lsc0m409-kb29-20210614-0057-e91.fits.fz  59379.949028438  59379.949378994  5450  1.2835e-15  2.0153e-16
coj0m403-kb24-20210725-0066-e91.fits.fz  59420.350942478  59420.351292350  5450  1.1941e-15  1.1691e-16
coj0m405-kb88-20210726-0037-e91.fits.fz  59421.387565927  59421.387916447  5450  1.7325e-15  1.3414e-16
coj0m403-kb24-20210727-0032-e91.fits.fz  59422.349915128  59422.350265105  5450  1.4467e-15  1.2507e-16
lsc0m409-kb29-20210728-0057-e91.fits.fz  59423.960445128  59423.960795556  5450  1.0865e-15  1.9743e-16
coj0m403-kb24-20210729-0059-e91.fits.fz  59424.350852836  59424.351202755  5450  1.1544e-15  1.1755e-16
coj0m403-kb24-20210730-0066-e91.fits.fz  59425.351803299  59425.352037581  5450  1.0735e-15  1.4253e-16
coj0m403-kb24-20210730-0068-e91.fits.fz  59425.354317431  59425.354667327  5450  9.8008e-16  8.5505e-17
coj0m405-kb88-20210731-0079-e91.fits.fz  59426.363237906  59426.363588369  5450  8.9736e-16  1.7617e-16
cpt0m407-kb84-20210207-0104-e91.fits.fz  59252.865864179  59252.865983195  7670  5.9118e-15  3.6787e-16
cpt0m407-kb84-20210208-0100-e91.fits.fz  59253.874194457  59253.874313485  7670  5.6426e-15  3.1242e-16
cpt0m407-kb84-20210209-0093-e91.fits.fz  59254.858642304  59254.858761285  7670  5.2890e-15  3.5466e-16
cpt0m407-kb84-20210210-0102-e91.fits.fz  59255.855473947  59255.855592975  7670  5.5897e-15  3.7934e-16
cpt0m407-kb84-20210213-0127-e91.fits.fz  59258.847245498  59258.847364526  7670  5.6338e-15  3.8757e-16
cpt0m407-kb84-20210214-0112-e91.fits.fz  59259.844476737  59259.844595764  7670  7.1914e-15  4.3672e-16
cpt0m407-kb84-20210215-0129-e91.fits.fz  59260.841894792  59260.842013785  7670  7.0532e-15  4.2933e-16
cpt0m407-kb84-20210216-0125-e91.fits.fz  59261.840769433  59261.840888461  7670  5.5930e-15  4.4382e-16
coj0m405-kb88-20210307-0086-e91.fits.fz  59280.448431320  59280.448550359  7670  6.7122e-15  2.9324e-16
coj0m405-kb88-20210309-0284-e91.fits.fz  59282.566735857  59282.566854897  7670  6.8915e-15  2.8800e-16
lsc0m409-kb29-20210310-0117-e91.fits.fz  59284.065055961  59284.065175082  7670  5.3848e-15  3.1237e-16
cpt0m407-kb84-20210311-0118-e91.fits.fz  59284.790123878  59284.790242860  7670  6.3716e-15  1.0918e-15
coj0m403-kb24-20210312-0067-e91.fits.fz  59285.465812489  59285.465931007  7670  6.7724e-15  2.4282e-16
lsc0m409-kb29-20210314-0119-e91.fits.fz  59288.054664781  59288.054783843  7670  6.3309e-15  4.1539e-16
coj0m403-kb24-20210315-0116-e91.fits.fz  59288.430552582  59288.430671031  7670  6.5682e-15  2.9323e-16
coj0m403-kb24-20210417-0068-e91.fits.fz  59321.359517952  59321.359636355  7670  4.0923e-15  5.4292e-16
coj0m403-kb24-20210418-0066-e91.fits.fz  59322.359735429  59322.359853866  7670  5.4352e-15  1.9073e-16
coj0m403-kb24-20210419-0066-e91.fits.fz  59323.358063669  59323.358182084  7670  5.8738e-15  1.8891e-16
coj0m403-kb24-20210421-0066-e91.fits.fz  59325.356243126  59325.356361563  7670  6.4016e-15  1.8784e-16
coj0m403-kb24-20210422-0066-e91.fits.fz  59326.355555035  59326.355673554  7670  5.3125e-15  2.0147e-16
coj0m403-kb24-20210423-0053-e91.fits.fz  59327.361753102  59327.361871575  7670  4.7650e-15  1.9495e-16
coj0m403-kb24-20210427-0066-e91.fits.fz  59331.354806945  59331.354925383  7670  5.7955e-15  1.9505e-16
coj0m403-kb24-20210429-0073-e91.fits.fz  59333.399943426  59333.400061875  7670  3.9744e-15  2.5736e-16
coj0m403-kb24-20210429-0153-e91.fits.fz  59333.604873299  59333.604991818  7670  4.9291e-15  2.2562e-16
coj0m403-kb24-20210429-0155-e91.fits.fz  59333.610984908  59333.611103369  7670  4.7609e-15  2.0980e-16
coj0m403-kb24-20210429-0157-e91.fits.fz  59333.621402246  59333.621520753  7670  5.0225e-15  2.1001e-16
coj0m403-kb24-20210429-0162-e91.fits.fz  59333.631907500  59333.632025996  7670  5.0736e-15  2.1099e-16
cpt0m407-kb84-20210429-0047-e91.fits.fz  59333.754085857  59333.754204885  7670  6.7090e-15  8.8190e-16
cpt0m407-kb84-20210429-0052-e91.fits.fz  59333.774809167  59333.774928183  7670  6.1484e-15  7.5108e-16
coj0m403-kb24-20210502-0096-e91.fits.fz  59336.356342813  59336.356461285  7670  5.4618e-15  2.5545e-16
cpt0m407-kb84-20210505-0071-e91.fits.fz  59339.712328369  59339.712447362  7670  7.5387e-15  3.9163e-16
cpt0m407-kb84-20210506-0083-e91.fits.fz  59340.756899943  59340.757018982  7670  6.6934e-15  4.3024e-16
cpt0m407-kb84-20210508-0069-e91.fits.fz  59342.705400626  59342.705519653  7670  6.2784e-15  3.7468e-16
coj0m405-kb88-20210509-0059-e91.fits.fz  59343.507907014  59343.508026019  7670  5.7270e-15  4.1103e-16
coj0m403-kb24-20210510-0068-e91.fits.fz  59344.407757477  59344.407876019  7670  5.1144e-15  5.7453e-16
cpt0m407-kb84-20210511-0073-e91.fits.fz  59345.715403299  59345.715522327  7670  6.4975e-15  3.5822e-16
cpt0m407-kb84-20210513-0069-e91.fits.fz  59347.704306910  59347.704425892  7670  6.0564e-15  3.7781e-16
cpt0m407-kb84-20210514-0054-e91.fits.fz  59348.705034908  59348.705153936  7670  6.1703e-15  4.8876e-16
coj0m403-kb24-20210516-0101-e91.fits.fz  59350.393039468  59350.393157906  7670  5.6736e-15  2.3954e-16
cpt0m407-kb84-20210516-0071-e91.fits.fz  59350.705425336  59350.705544329  7670  5.9338e-15  4.0524e-16
cpt0m407-kb84-20210517-0058-e91.fits.fz  59351.696154514  59351.696273542  7670  6.4117e-15  3.3104e-16
cpt0m407-kb84-20210518-0067-e91.fits.fz  59352.697667524  59352.697786540  7670  5.9290e-15  4.1403e-16
coj0m403-kb24-20210520-0078-e91.fits.fz  59354.361766320  59354.361884804  7670  6.9747e-15  7.6307e-16
coj0m403-kb24-20210521-0079-e91.fits.fz  59355.361749190  59355.361867674  7670  5.5235e-15  1.8901e-16
coj0m403-kb24-20210522-0088-e91.fits.fz  59356.372157188  59356.372275660  7670  5.7029e-15  1.9465e-16
cpt0m407-kb84-20210522-0107-e91.fits.fz  59356.748584387  59356.748703415  7670  6.6752e-15  3.3910e-16
cpt0m407-kb84-20210523-0088-e91.fits.fz  59357.724882269  59357.725001262  7670  6.8221e-15  3.7397e-16
coj0m403-kb24-20210524-0152-e91.fits.fz  59358.493435915  59358.493554329  7670  5.6353e-15  2.6871e-16
coj0m403-kb24-20210525-0069-e91.fits.fz  59359.345008970  59359.345127500  7670  6.0823e-15  2.2176e-16
cpt0m407-kb84-20210525-0131-e91.fits.fz  59359.814407674  59359.814526702  7670  5.9227e-15  3.7894e-16
coj0m403-kb24-20210526-0065-e91.fits.fz  59360.338733982  59360.338852489  7670  6.5088e-15  2.7145e-16
coj0m403-kb24-20210527-0194-e91.fits.fz  59361.510691320  59361.510809781  7670  6.6282e-15  6.3657e-16
coj0m403-kb24-20210527-0196-e91.fits.fz  59361.514479781  59361.514598172  7670  4.9012e-15  2.8791e-16
coj0m403-kb24-20210528-0065-e91.fits.fz  59362.338307049  59362.338425452  7670  6.3359e-15  2.4745e-16
coj0m403-kb24-20210529-0065-e91.fits.fz  59363.338064399  59363.338182813  7670  5.7330e-15  2.5045e-16
coj0m405-kb88-20210529-0049-e91.fits.fz  59363.345937663  59363.346056737  7670  6.7103e-15  2.5098e-16
coj0m403-kb24-20210529-0073-e91.fits.fz  59363.347620186  59363.347738612  7670  5.9122e-15  2.4400e-16
coj0m403-kb24-20210529-0085-e91.fits.fz  59363.362608103  59363.362726552  7670  5.4074e-15  2.1631e-16
coj0m405-kb88-20210529-0063-e91.fits.fz  59363.368577304  59363.368696285  7670  6.5354e-15  2.0706e-16
coj0m405-kb88-20210529-0065-e91.fits.fz  59363.377648878  59363.377767929  7670  6.4403e-15  1.9415e-16
coj0m403-kb24-20210529-0098-e91.fits.fz  59363.392746656  59363.392865174  7670  5.4565e-15  1.9819e-16
coj0m405-kb88-20210529-0080-e91.fits.fz  59363.398597153  59363.398716274  7670  6.3535e-15  1.9317e-16
coj0m403-kb24-20210529-0106-e91.fits.fz  59363.413825660  59363.413944098  7670  5.4968e-15  2.3692e-16
coj0m403-kb24-20210529-0111-e91.fits.fz  59363.419408357  59363.419526829  7670  6.0844e-15  2.0393e-16
coj0m405-kb88-20210529-0103-e91.fits.fz  59363.445143669  59363.445262813  7670  6.3037e-15  2.0856e-16
coj0m405-kb88-20210529-0110-e91.fits.fz  59363.455497639  59363.455616667  7670  6.1795e-15  1.9204e-16
coj0m405-kb88-20210529-0112-e91.fits.fz  59363.460983461  59363.461102477  7670  6.1649e-15  2.0984e-16
coj0m405-kb88-20210530-0090-e91.fits.fz  59364.362877188  59364.362996239  7670  5.9669e-15  2.6993e-16
coj0m405-kb88-20210531-0065-e91.fits.fz  59365.337852802  59365.337971876  7670  6.0835e-15  2.0717e-16
coj0m405-kb88-20210531-0085-e91.fits.fz  59365.365199908  59365.365318924  7670  5.7328e-15  2.0484e-16
lsc0m409-kb29-20210601-0045-e91.fits.fz  59366.949635290  59366.949754306  7670  5.9984e-15  3.5681e-16
coj0m405-kb88-20210602-0067-e91.fits.fz  59367.345440255  59367.345559260  7670  9.2891e-15  1.3587e-15
lsc0m409-kb29-20210602-0066-e91.fits.fz  59367.958927315  59367.959046355  7670  6.5321e-15  3.2730e-16
lsc0m409-kb29-20210603-0071-e91.fits.fz  59368.959108565  59368.959227663  7670  6.5000e-15  3.1651e-16
lsc0m409-kb29-20210604-0073-e91.fits.fz  59369.958789815  59369.958908808  7670  6.3144e-15  3.7907e-16
lsc0m409-kb29-20210604-0131-e91.fits.fz  59370.049428565  59370.049547605  7670  5.5060e-15  9.2863e-16
lsc0m409-kb29-20210604-0141-e91.fits.fz  59370.062976737  59370.063095822  7670  6.1460e-15  4.1115e-16
lsc0m409-kb29-20210604-0147-e91.fits.fz  59370.070240869  59370.070359885  7670  6.8396e-15  5.0973e-16
coj0m405-kb88-20210605-0067-e91.fits.fz  59370.340984688  59370.341103693  7670  5.8805e-15  2.2310e-16
coj0m405-kb88-20210605-0078-e91.fits.fz  59370.352305220  59370.352424295  7670  5.7809e-15  2.1625e-16
coj0m405-kb88-20210605-0080-e91.fits.fz  59370.354759700  59370.354878681  7670  5.9804e-15  2.2755e-16
coj0m405-kb88-20210605-0082-e91.fits.fz  59370.359046227  59370.359165244  7670  6.0812e-15  2.0283e-16
coj0m405-kb88-20210605-0088-e91.fits.fz  59370.369551077  59370.369670140  7670  6.0177e-15  2.5604e-16
coj0m405-kb88-20210605-0094-e91.fits.fz  59370.384872200  59370.384991204  7670  6.2163e-15  3.4822e-16
coj0m405-kb88-20210605-0110-e91.fits.fz  59370.403589850  59370.403708901  7670  6.6669e-15  8.7497e-16
coj0m405-kb88-20210606-0065-e91.fits.fz  59371.337265023  59371.337384028  7670  5.8348e-15  2.2272e-16
coj0m405-kb88-20210606-0076-e91.fits.fz  59371.348030915  59371.348149978  7670  6.3350e-15  2.6412e-16
lsc0m409-kb29-20210606-0080-e91.fits.fz  59371.961808114  59371.961927095  7670  5.3204e-15  3.1677e-16
coj0m405-kb88-20210607-0077-e91.fits.fz  59372.347814144  59372.347933183  7670  6.2048e-15  2.2286e-16
lsc0m409-kb29-20210607-0060-e91.fits.fz  59372.951177604  59372.951296632  7670  7.0383e-15  3.4184e-16
lsc0m409-kb29-20210608-0058-e91.fits.fz  59373.949331575  59373.949450602  7670  6.5649e-15  3.8925e-16
coj0m405-kb88-20210613-0045-e91.fits.fz  59378.410150464  59378.410269445  7670  6.4141e-15  2.2942e-16
coj0m405-kb88-20210613-0055-e91.fits.fz  59378.425727593  59378.425846644  7670  6.8515e-15  2.2799e-16
lsc0m412-kb26-20210613-0091-e91.fits.fz  59379.043792801  59379.043911829  7670  6.1718e-15  4.1597e-16
coj0m403-kb24-20210614-0098-e91.fits.fz  59379.412977200  59379.413095625  7670  6.0058e-15  3.3167e-16
lsc0m409-kb29-20210614-0058-e91.fits.fz  59379.949591482  59379.949710475  7670  5.3415e-15  3.4696e-16
lsc0m412-kb26-20210723-0058-e91.fits.fz  59418.959183843  59418.959302836  7670  6.5048e-15  4.7531e-16
coj0m403-kb24-20210725-0067-e91.fits.fz  59420.351525996  59420.351644457  7670  5.5473e-15  2.2918e-16
coj0m405-kb88-20210726-0038-e91.fits.fz  59421.388133403  59421.388252408  7670  7.1564e-15  2.7824e-16
lsc0m409-kb29-20210726-0060-e91.fits.fz  59421.962289966  59421.962409028  7670  5.6588e-15  4.1247e-16
coj0m403-kb24-20210727-0033-e91.fits.fz  59422.350482998  59422.350601471  7670  6.6678e-15  2.6241e-16
coj0m403-kb24-20210727-0039-e91.fits.fz  59422.356004040  59422.356122489  7670  4.9135e-15  3.1196e-16
lsc0m409-kb29-20210728-0058-e91.fits.fz  59423.961008079  59423.961127072  7670  6.2259e-15  3.4879e-16
coj0m403-kb24-20210729-0058-e91.fits.fz  59424.349320718  59424.349439121  7670  5.9587e-15  2.4395e-16
coj0m403-kb24-20210729-0060-e91.fits.fz  59424.351423704  59424.351542118  7670  5.6500e-15  2.3982e-16
coj0m403-kb24-20210730-0067-e91.fits.fz  59425.352257547  59425.352376008  7670  5.6311e-15  1.9333e-16
coj0m403-kb24-20210730-0069-e91.fits.fz  59425.354897500  59425.355015950  7670  5.5898e-15  1.8289e-16
coj0m405-kb88-20210731-0080-e91.fits.fz  59426.363837443  59426.363956471  7670  7.1026e-15  5.0158e-16
