;File (Wave in A; Flux in erg/s/cm2/A)   MJD_start        MJD_end          Wave  Flux        Unc       
cpt0m407-kb84-20210207-0103-e91.fits.fz  59252.865463264  59252.865698010  5450  2.0204e-14  2.6769e-16
cpt0m407-kb84-20210208-0099-e91.fits.fz  59253.873788670  59253.874023473  5450  2.2287e-14  2.4799e-16
cpt0m407-kb84-20210209-0092-e91.fits.fz  59254.858236702  59254.858471517  5450  3.0581e-14  2.6641e-16
cpt0m407-kb84-20210210-0101-e91.fits.fz  59255.855070822  59255.855305591  5450  2.8701e-14  2.8053e-16
lsc0m409-kb29-20210211-0123-e91.fits.fz  59257.135767431  59257.136002269  5450  2.1235e-14  3.8624e-16
cpt0m407-kb84-20210212-0063-e91.fits.fz  59257.849598218  59257.849832952  5450  1.8011e-14  1.9704e-15
cpt0m407-kb84-20210213-0126-e91.fits.fz  59258.846862281  59258.847097049  5450  1.6463e-14  2.7178e-16
cpt0m407-kb84-20210214-0111-e91.fits.fz  59259.844087744  59259.844324005  5450  2.3354e-14  3.2697e-16
cpt0m407-kb84-20210215-0128-e91.fits.fz  59260.841512304  59260.841748542  5450  1.8037e-14  3.3295e-16
cpt0m407-kb84-20210216-0124-e91.fits.fz  59261.840381401  59261.840616123  5450  1.2843e-14  2.6440e-16
coj0m405-kb88-20210307-0085-e91.fits.fz  59280.447856343  59280.448206864  5450  1.8275e-14  1.8064e-16
coj0m405-kb88-20210308-0035-e91.fits.fz  59281.478743288  59281.479093774  5450  1.2232e-14  6.5653e-16
coj0m405-kb88-20210309-0283-e91.fits.fz  59282.566159167  59282.566509711  5450  1.9791e-14  1.5779e-16
lsc0m409-kb29-20210310-0114-e91.fits.fz  59284.060914642  59284.061149433  5450  2.7893e-14  3.1674e-16
cpt0m407-kb84-20210311-0117-e91.fits.fz  59284.789618045  59284.789968554  5450  2.4659e-14  4.8237e-16
coj0m403-kb24-20210312-0078-e91.fits.fz  59285.475335440  59285.475569607  5450  1.3815e-14  1.7710e-16
lsc0m409-kb29-20210314-0116-e91.fits.fz  59288.052218623  59288.052453380  5450  2.2556e-14  3.7137e-16
coj0m403-kb24-20210315-0117-e91.fits.fz  59288.431923890  59288.432158126  5450  1.5811e-14  3.0744e-16
coj0m403-kb24-20210316-0098-e91.fits.fz  59289.419701598  59289.419935822  5450  2.4190e-14  3.4122e-16
coj0m403-kb24-20210417-0067-e91.fits.fz  59321.359063415  59321.359297605  5450  1.2423e-14  3.8795e-16
coj0m403-kb24-20210418-0065-e91.fits.fz  59322.359274121  59322.359508311  5450  1.0282e-14  1.5173e-16
coj0m403-kb24-20210419-0065-e91.fits.fz  59323.357609191  59323.357843461  5450  1.1081e-14  1.4366e-16
coj0m403-kb24-20210421-0065-e91.fits.fz  59325.355779028  59325.356013195  5450  1.7358e-14  1.5826e-16
coj0m403-kb24-20210422-0065-e91.fits.fz  59326.355100880  59326.355335105  5450  2.5234e-14  1.8054e-16
coj0m403-kb24-20210423-0052-e91.fits.fz  59327.361298658  59327.361532871  5450  3.1298e-14  1.8166e-16
coj0m405-kb88-20210424-0070-e91.fits.fz  59328.357502813  59328.357737558  5450  2.3742e-14  2.0037e-16
coj0m405-kb88-20210425-0096-e91.fits.fz  59329.384271702  59329.384506482  5450  4.0935e-14  2.3523e-16
coj0m405-kb88-20210426-0071-e91.fits.fz  59330.361324225  59330.361559040  5450  2.9773e-14  1.9994e-16
coj0m403-kb24-20210427-0065-e91.fits.fz  59331.354351401  59331.354585591  5450  2.4104e-14  1.8494e-16
lsc0m409-kb29-20210427-0165-e91.fits.fz  59332.156998010  59332.157232825  5450  2.4690e-14  3.6841e-16
coj0m403-kb24-20210429-0072-e91.fits.fz  59333.399498797  59333.399732941  5450  1.6436e-14  1.9512e-16
cpt0m407-kb84-20210429-0040-e91.fits.fz  59333.743163658  59333.743398392  5450  1.1550e-14  6.5034e-16
cpt0m407-kb84-20210429-0046-e91.fits.fz  59333.753700325  59333.753935093  5450  1.2495e-14  6.2565e-16
cpt0m407-kb84-20210429-0049-e91.fits.fz  59333.764056019  59333.764290788  5450  1.2141e-14  7.4135e-16
cpt0m407-kb84-20210429-0051-e91.fits.fz  59333.774423866  59333.774658623  5450  1.0874e-14  4.2890e-16
cpt0m407-kb84-20210501-0096-e91.fits.fz  59335.747612385  59335.747847142  5450  8.8365e-15  3.3229e-16
lsc0m409-kb29-20210501-0075-e91.fits.fz  59335.973803172  59335.974037952  5450  8.5113e-15  5.9419e-16
coj0m403-kb24-20210502-0095-e91.fits.fz  59336.355841910  59336.356076147  5450  1.4843e-14  1.6894e-16
coj0m405-kb88-20210503-0094-e91.fits.fz  59337.372414317  59337.372649098  5450  2.8951e-14  3.3164e-16
cpt0m407-kb84-20210505-0070-e91.fits.fz  59339.711949167  59339.712183936  5450  2.4287e-14  3.1096e-16
cpt0m407-kb84-20210506-0082-e91.fits.fz  59340.756517454  59340.756752199  5450  1.5319e-14  2.9107e-16
coj0m405-kb88-20210507-0036-e91.fits.fz  59341.397507848  59341.397742616  5450  1.2268e-14  2.3864e-16
cpt0m407-kb84-20210508-0068-e91.fits.fz  59342.705014051  59342.705248820  5450  1.3548e-14  2.7141e-16
coj0m405-kb88-20210509-0058-e91.fits.fz  59343.507432836  59343.507667605  5450  1.9666e-14  2.8574e-16
coj0m403-kb24-20210510-0067-e91.fits.fz  59344.407299676  59344.407533855  5450  2.0867e-14  3.0269e-16
cpt0m407-kb84-20210511-0072-e91.fits.fz  59345.715016760  59345.715251482  5450  1.1472e-14  2.6066e-16
cpt0m407-kb84-20210513-0068-e91.fits.fz  59347.703890660  59347.704125429  5450  1.4685e-14  2.6667e-16
cpt0m407-kb84-20210514-0053-e91.fits.fz  59348.704630070  59348.704864815  5450  3.7532e-14  3.9751e-16
coj0m403-kb24-20210516-0100-e91.fits.fz  59350.392552084  59350.392786285  5450  2.5543e-14  2.1262e-16
cpt0m407-kb84-20210516-0070-e91.fits.fz  59350.705041621  59350.705276424  5450  2.3644e-14  3.0239e-16
cpt0m407-kb84-20210517-0057-e91.fits.fz  59351.695741667  59351.695976436  5450  1.3260e-14  2.6198e-16
cpt0m407-kb84-20210518-0066-e91.fits.fz  59352.697283172  59352.697517917  5450  1.6793e-14  2.8827e-16
coj0m403-kb24-20210520-0077-e91.fits.fz  59354.361303183  59354.361537350  5450  2.0336e-14  3.8019e-16
coj0m403-kb24-20210521-0078-e91.fits.fz  59355.361297037  59355.361531227  5450  1.9316e-14  1.6310e-16
coj0m403-kb24-20210521-0080-e91.fits.fz  59355.363270058  59355.363504190  5450  1.9148e-14  1.6876e-16
coj0m403-kb24-20210522-0067-e91.fits.fz  59356.343918102  59356.344152292  5450  1.1566e-14  1.6059e-16
coj0m403-kb24-20210522-0087-e91.fits.fz  59356.371705383  59356.371939549  5450  1.3145e-14  1.5564e-16
cpt0m407-kb84-20210522-0106-e91.fits.fz  59356.748202778  59356.748437547  5450  1.2221e-14  2.5413e-16
lsc0m409-kb29-20210522-0072-e91.fits.fz  59356.970366320  59356.970601100  5450  1.2998e-14  3.7881e-16
cpt0m407-kb84-20210523-0087-e91.fits.fz  59357.724496610  59357.724731355  5450  1.2597e-14  2.6547e-16
lsc0m409-kb29-20210523-0057-e91.fits.fz  59357.950530058  59357.950764827  5450  1.4732e-14  3.5394e-16
coj0m403-kb24-20210524-0151-e91.fits.fz  59358.492977003  59358.493211192  5450  1.6092e-14  2.7337e-16
lsc0m409-kb29-20210524-0075-e91.fits.fz  59358.968926632  59358.969161436  5450  2.3041e-14  3.5520e-16
cpt0m407-kb84-20210525-0130-e91.fits.fz  59359.814009329  59359.814244063  5450  1.9506e-14  3.0535e-16
lsc0m409-kb29-20210525-0062-e91.fits.fz  59359.958084700  59359.958319468  5450  2.5115e-14  3.9575e-16
lsc0m409-kb29-20210526-0060-e91.fits.fz  59360.952525510  59360.952760290  5450  2.1588e-14  3.6297e-16
coj0m403-kb24-20210528-0122-e91.fits.fz  59362.376628507  59362.376862697  5450  1.4929e-14  1.8462e-16
lsc0m409-kb29-20210528-0064-e91.fits.fz  59362.949545961  59362.949780695  5450  1.3270e-14  2.9806e-16
lsc0m409-kb29-20210528-0067-e91.fits.fz  59362.955045926  59362.955280695  5450  1.4015e-14  3.0338e-16
lsc0m409-kb29-20210528-0096-e91.fits.fz  59363.035669028  59363.035903762  5450  1.4320e-14  3.1324e-16
lsc0m409-kb29-20210528-0102-e91.fits.fz  59363.041914804  59363.042149561  5450  1.4055e-14  3.2774e-16
lsc0m409-kb29-20210528-0109-e91.fits.fz  59363.054763646  59363.054998496  5450  1.3517e-14  3.1051e-16
lsc0m409-kb29-20210528-0116-e91.fits.fz  59363.062745128  59363.062979931  5450  1.3610e-14  3.0522e-16
lsc0m409-kb29-20210528-0127-e91.fits.fz  59363.073119375  59363.073354167  5450  1.4321e-14  3.0319e-16
lsc0m409-kb29-20210528-0138-e91.fits.fz  59363.100772790  59363.101007570  5450  1.4741e-14  3.8763e-16
lsc0m409-kb29-20210528-0144-e91.fits.fz  59363.107463658  59363.107698380  5450  1.3976e-14  3.3889e-16
lsc0m409-kb29-20210528-0150-e91.fits.fz  59363.119599375  59363.119834225  5450  1.4831e-14  3.6262e-16
lsc0m409-kb29-20210528-0162-e91.fits.fz  59363.127531922  59363.127766667  5450  1.5045e-14  3.6925e-16
lsc0m409-kb29-20210528-0175-e91.fits.fz  59363.142464943  59363.142699677  5450  1.3914e-14  3.0130e-16
lsc0m409-kb29-20210528-0192-e91.fits.fz  59363.148289410  59363.148524179  5450  1.4770e-14  3.0337e-16
lsc0m409-kb29-20210528-0198-e91.fits.fz  59363.159526193  59363.159760938  5450  1.4781e-14  3.2202e-16
coj0m403-kb24-20210529-0064-e91.fits.fz  59363.337569017  59363.337803184  5450  1.2687e-14  1.7793e-16
coj0m405-kb88-20210529-0048-e91.fits.fz  59363.345363322  59363.345713797  5450  1.2867e-14  1.4290e-16
coj0m403-kb24-20210529-0072-e91.fits.fz  59363.347171898  59363.347406135  5450  1.2543e-14  1.6887e-16
coj0m403-kb24-20210529-0084-e91.fits.fz  59363.362153762  59363.362387929  5450  1.2621e-14  1.6600e-16
coj0m405-kb88-20210529-0062-e91.fits.fz  59363.368113646  59363.368348380  5450  1.2835e-14  1.6831e-16
coj0m405-kb88-20210529-0064-e91.fits.fz  59363.377195521  59363.377430290  5450  1.2825e-14  1.5039e-16
coj0m403-kb24-20210529-0097-e91.fits.fz  59363.392289746  59363.392523947  5450  1.2807e-14  1.4255e-16
coj0m405-kb88-20210529-0079-e91.fits.fz  59363.398141031  59363.398375845  5450  1.2477e-14  1.5749e-16
coj0m403-kb24-20210529-0105-e91.fits.fz  59363.413372813  59363.413606957  5450  1.3004e-14  1.7101e-16
coj0m403-kb24-20210529-0110-e91.fits.fz  59363.418949272  59363.419183438  5450  1.2182e-14  1.5733e-16
coj0m403-kb24-20210529-0116-e91.fits.fz  59363.430486737  59363.430720950  5450  1.2231e-14  1.6080e-16
coj0m405-kb88-20210529-0102-e91.fits.fz  59363.444690915  59363.444925649  5450  1.1814e-14  1.5128e-16
coj0m405-kb88-20210529-0109-e91.fits.fz  59363.455039538  59363.455274294  5450  1.2142e-14  1.5422e-16
coj0m405-kb88-20210529-0111-e91.fits.fz  59363.460527720  59363.460762431  5450  1.2237e-14  1.5694e-16
lsc0m409-kb29-20210529-0068-e91.fits.fz  59363.961858531  59363.962093276  5450  1.2989e-14  1.6231e-15
lsc0m409-kb29-20210529-0095-e91.fits.fz  59364.025962662  59364.026197466  5450  1.1462e-14  3.9184e-16
lsc0m409-kb29-20210529-0101-e91.fits.fz  59364.032216366  59364.032451100  5450  1.1190e-14  5.1232e-16
lsc0m409-kb29-20210529-0117-e91.fits.fz  59364.057040000  59364.057274723  5450  9.6671e-15  1.0577e-15
lsc0m409-kb29-20210529-0122-e91.fits.fz  59364.063379989  59364.063614746  5450  1.4997e-14  2.9959e-15
lsc0m409-kb29-20210529-0125-e91.fits.fz  59364.068330313  59364.068565116  5450  1.1353e-14  3.2793e-16
lsc0m409-kb29-20210529-0127-e91.fits.fz  59364.073805521  59364.074040313  5450  1.1114e-14  2.8557e-16
lsc0m409-kb29-20210529-0150-e91.fits.fz  59364.096974538  59364.097209283  5450  1.0553e-14  3.7804e-16
lsc0m409-kb29-20210529-0157-e91.fits.fz  59364.105108068  59364.105342929  5450  1.1349e-14  3.1136e-16
lsc0m409-kb29-20210529-0163-e91.fits.fz  59364.119617061  59364.119851818  5450  1.3649e-14  2.5795e-15
lsc0m409-kb29-20210529-0171-e91.fits.fz  59364.136233646  59364.136468450  5450  1.0247e-14  5.2446e-16
lsc0m409-kb29-20210529-0182-e91.fits.fz  59364.146916436  59364.147151239  5450  1.0863e-14  2.9470e-16
lsc0m409-kb29-20210529-0188-e91.fits.fz  59364.157168843  59364.157403635  5450  1.0661e-14  2.9075e-16
coj0m405-kb88-20210530-0089-e91.fits.fz  59364.362307929  59364.362658415  5450  1.1809e-14  1.5725e-16
lsc0m409-kb29-20210530-0065-e91.fits.fz  59364.957749711  59364.957984468  5450  1.9402e-14  3.4049e-16
lsc0m409-kb29-20210530-0117-e91.fits.fz  59365.089831575  59365.090066309  5450  2.2760e-14  3.7723e-16
lsc0m409-kb29-20210530-0129-e91.fits.fz  59365.100933959  59365.101168693  5450  2.1067e-14  3.4650e-16
lsc0m409-kb29-20210530-0135-e91.fits.fz  59365.111105348  59365.111340047  5450  2.1161e-14  3.4432e-16
lsc0m409-kb29-20210530-0141-e91.fits.fz  59365.118303924  59365.118538670  5450  2.0301e-14  3.3851e-16
lsc0m409-kb29-20210530-0147-e91.fits.fz  59365.131143149  59365.131377940  5450  2.0312e-14  3.2813e-16
lsc0m409-kb29-20210530-0153-e91.fits.fz  59365.137957130  59365.138191922  5450  2.0863e-14  3.4450e-16
lsc0m409-kb29-20210530-0159-e91.fits.fz  59365.148165255  59365.148399978  5450  2.2079e-14  3.3901e-16
coj0m405-kb88-20210531-0064-e91.fits.fz  59365.337281019  59365.337631563  5450  2.5034e-14  1.4796e-16
coj0m405-kb88-20210531-0084-e91.fits.fz  59365.364742558  59365.364977373  5450  2.4236e-14  1.8105e-16
lsc0m409-kb29-20210531-0059-e91.fits.fz  59365.951539977  59365.951774700  5450  2.2868e-14  3.4711e-16
lsc0m409-kb29-20210531-0094-e91.fits.fz  59366.038379746  59366.038614515  5450  2.4565e-14  3.8476e-16
lsc0m409-kb29-20210601-0046-e91.fits.fz  59366.951048566  59366.951283369  5450  1.4733e-14  3.2227e-16
lsc0m409-kb29-20210601-0054-e91.fits.fz  59366.965446366  59366.965681123  5450  1.3698e-14  3.0873e-16
coj0m405-kb88-20210602-0066-e91.fits.fz  59367.344824318  59367.345174908  5450  1.5100e-14  5.8360e-16
lsc0m409-kb29-20210602-0057-e91.fits.fz  59367.948967431  59367.949202304  5450  2.3203e-14  3.3575e-16
lsc0m409-kb29-20210602-0065-e91.fits.fz  59367.958485811  59367.958720591  5450  2.0981e-14  3.2261e-16
lsc0m409-kb29-20210603-0076-e91.fits.fz  59368.963298855  59368.963533647  5450  2.0814e-14  3.3293e-16
lsc0m409-kb29-20210604-0152-e91.fits.fz  59370.081402107  59370.081636910  5450  1.2194e-14  7.3623e-16
lsc0m409-kb29-20210604-0154-e91.fits.fz  59370.083487154  59370.083837605  5450  1.2825e-14  8.7127e-16
coj0m405-kb88-20210605-0066-e91.fits.fz  59370.340410255  59370.340760869  5450  1.2804e-14  1.4452e-16
coj0m405-kb88-20210605-0077-e91.fits.fz  59370.351730440  59370.352080938  5450  1.2533e-14  1.3738e-16
coj0m405-kb88-20210605-0079-e91.fits.fz  59370.354300626  59370.354535417  5450  1.2449e-14  1.7632e-16
coj0m405-kb88-20210605-0081-e91.fits.fz  59370.358475533  59370.358825984  5450  1.2709e-14  1.2636e-16
coj0m405-kb88-20210605-0087-e91.fits.fz  59370.368978253  59370.369328797  5450  1.3301e-14  1.4868e-16
coj0m405-kb88-20210605-0093-e91.fits.fz  59370.384284607  59370.384635093  5450  1.4076e-14  2.0485e-16
coj0m405-kb88-20210605-0095-e91.fits.fz  59370.389704688  59370.390055174  5450  1.5110e-14  2.4314e-16
coj0m405-kb88-20210605-0109-e91.fits.fz  59370.403012558  59370.403363044  5450  1.5449e-14  4.4278e-16
coj0m405-kb88-20210606-0064-e91.fits.fz  59371.336768970  59371.337003866  5450  1.2151e-14  1.7567e-16
coj0m405-kb88-20210606-0075-e91.fits.fz  59371.347429561  59371.347780174  5450  1.0776e-14  1.4864e-16
lsc0m409-kb29-20210606-0081-e91.fits.fz  59371.963209005  59371.963443762  5450  1.1120e-14  2.8934e-16
coj0m405-kb88-20210607-0076-e91.fits.fz  59372.347196957  59372.347547431  5450  2.2712e-14  1.4334e-16
lsc0m409-kb29-20210607-0057-e91.fits.fz  59372.948751482  59372.948986239  5450  1.5306e-14  3.0475e-16
lsc0m409-kb29-20210607-0061-e91.fits.fz  59372.954645394  59372.954880232  5450  1.6348e-14  3.2616e-16
lsc0m412-kb26-20210608-0032-e91.fits.fz  59373.948798739  59373.949033461  5450  1.6727e-14  5.2421e-16
lsc0m409-kb29-20210608-0059-e91.fits.fz  59373.951548924  59373.951783693  5450  2.0948e-14  3.7968e-16
coj0m405-kb88-20210613-0044-e91.fits.fz  59378.409695151  59378.409929861  5450  1.0063e-14  1.6822e-16
coj0m405-kb88-20210613-0054-e91.fits.fz  59378.425152767  59378.425503299  5450  9.8714e-15  1.2189e-16
lsc0m412-kb26-20210613-0090-e91.fits.fz  59379.043407732  59379.043642501  5450  1.2067e-14  3.9831e-16
lsc0m412-kb26-20210723-0057-e91.fits.fz  59418.958689480  59418.959039989  5450  2.1452e-14  3.3678e-16
lsc0m409-kb29-20210723-0057-e91.fits.fz  59418.958725475  59418.958960244  5450  2.1396e-14  3.5415e-16
lsc0m412-kb26-20210724-0073-e91.fits.fz  59419.982903415  59419.983138160  5450  1.7929e-14  4.9141e-16
lsc0m412-kb26-20210724-0075-e91.fits.fz  59419.986283947  59419.986634457  5450  1.8007e-14  4.5735e-16
coj0m405-kb88-20210726-0037-e91.fits.fz  59421.387565927  59421.387916447  5450  1.4679e-14  1.5892e-16
lsc0m409-kb29-20210726-0059-e91.fits.fz  59421.961811308  59421.962046019  5450  1.8000e-14  3.5840e-16
coj0m403-kb24-20210727-0038-e91.fits.fz  59422.355550787  59422.355785000  5450  1.7512e-14  2.1053e-16
lsc0m409-kb29-20210728-0057-e91.fits.fz  59423.960445128  59423.960795556  5450  2.0635e-14  2.6759e-16
lsc0m409-kb29-20210728-0069-e91.fits.fz  59423.972852755  59423.973087535  5450  1.8960e-14  3.5957e-16
coj0m403-kb24-20210729-0057-e91.fits.fz  59424.348859596  59424.349093762  5450  1.8756e-14  2.4043e-16
coj0m403-kb24-20210730-0066-e91.fits.fz  59425.351803299  59425.352037581  5450  1.1641e-14  1.4872e-16
coj0m403-kb24-20210731-0077-e91.fits.fz  59426.362048172  59426.362282327  5450  9.0031e-15  2.4264e-16
coj0m405-kb88-20210731-0079-e91.fits.fz  59426.363237906  59426.363588369  5450  8.9164e-15  1.8763e-16
coj0m405-kb88-20210731-0085-e91.fits.fz  59426.369102605  59426.369337292  5450  8.8291e-15  3.3371e-16
cpt0m407-kb87-20211110-0102-e91.fits.fz  59529.090546655  59529.090897118  5450  3.4683e-14  1.5489e-16
lsc0m409-kb29-20211111-0230-e91.fits.fz  59530.333041679  59530.333392188  5450  3.1191e-14  2.7933e-16
lsc0m409-kb29-20211112-0177-e91.fits.fz  59531.330253646  59531.330604144  5450  2.2023e-14  2.7710e-16
lsc0m409-kb29-20211113-0168-e91.fits.fz  59532.327565429  59532.327916019  5450  1.6032e-14  2.3133e-16
lsc0m409-kb29-20211114-0180-e91.fits.fz  59533.324771216  59533.325121748  5450  1.4073e-14  2.3328e-16
cpt0m407-kb87-20211115-0097-e91.fits.fz  59534.073794538  59534.074145047  5450  2.0216e-14  2.1092e-15
cpt0m407-kb87-20211116-0126-e91.fits.fz  59535.071657361  59535.072007905  5450  1.9318e-14  1.3383e-16
lsc0m412-kb26-20211117-0207-e91.fits.fz  59536.329481470  59536.329831968  5450  1.5829e-14  3.7172e-16
cpt0m407-kb87-20211118-0179-e91.fits.fz  59537.066768924  59537.067119399  5450  1.6196e-14  1.5597e-16
cpt0m407-kb87-20211119-0209-e91.fits.fz  59538.069793704  59538.070144248  5450  1.3240e-14  1.9140e-16
coj0m405-kb88-20220420-0227-e91.fits.fz  59689.523780359  59689.524130822  5450  2.0352e-14  2.4707e-16
coj0m403-kb24-20220421-0176-e91.fits.fz  59690.502818079  59690.503168044  5450  3.0713e-14  1.8365e-16
lsc0m412-kb26-20220422-0061-e91.fits.fz  59691.969799410  59691.970149908  5450  1.2841e-14  2.4429e-16
coj0m405-kb88-20220423-0080-e91.fits.fz  59692.503724133  59692.504074619  5450  1.3591e-14  1.4081e-16
cpt0m407-kb87-20220427-0076-e91.fits.fz  59696.893314329  59696.893664827  5450  1.4066e-14  1.4654e-16
cpt0m407-kb87-20220428-0039-e91.fits.fz  59697.705403577  59697.705754086  5450  2.7850e-14  1.7409e-16
coj0m403-kb24-20220429-0091-e91.fits.fz  59698.535939769  59698.536289723  5450  3.2124e-14  2.8045e-16
cpt0m407-kb87-20220430-0082-e91.fits.fz  59699.722411494  59699.722646239  5450  1.7439e-14  2.0041e-16
lsc0m409-kb29-20220430-0123-e91.fits.fz  59700.064828577  59700.065179098  5450  1.5916e-14  1.8376e-16
cpt0m407-kb87-20220501-0061-e91.fits.fz  59700.707509561  59700.707860105  5450  1.7102e-14  3.9493e-16
cpt0m407-kb87-20220501-0260-e91.fits.fz  59700.903577246  59700.903812014  5450  1.8115e-14  2.1981e-16
cpt0m407-kb87-20220502-0064-e91.fits.fz  59701.702951355  59701.703301876  5450  1.0066e-14  1.4046e-16
cpt0m407-kb87-20220503-0059-e91.fits.fz  59702.702377223  59702.702611945  5450  8.5666e-15  2.1178e-16
cpt0m407-kb87-20220503-0065-e91.fits.fz  59702.708369190  59702.708719700  5450  9.0875e-15  1.3912e-16
lsc0m412-kb26-20220503-0151-e91.fits.fz  59703.101036077  59703.101386586  5450  1.7466e-14  2.5287e-16
cpt0m407-kb87-20220504-0115-e91.fits.fz  59703.757151945  59703.757502443  5450  2.7307e-14  1.6979e-16
cpt0m407-kb87-20220504-0121-e91.fits.fz  59703.763382605  59703.763733114  5450  2.7227e-14  1.6723e-16
cpt0m407-kb87-20220504-0132-e91.fits.fz  59703.773816795  59703.774167269  5450  2.7430e-14  1.6766e-16
cpt0m407-kb87-20220504-0138-e91.fits.fz  59703.784694526  59703.785045047  5450  2.7728e-14  1.7247e-16
cpt0m407-kb87-20220504-0154-e91.fits.fz  59703.796232385  59703.796582894  5450  2.7620e-14  1.7546e-16
cpt0m407-kb87-20220504-0162-e91.fits.fz  59703.805814445  59703.806164954  5450  2.6877e-14  1.6878e-16
cpt0m407-kb87-20220504-0173-e91.fits.fz  59703.816123369  59703.816473866  5450  2.7453e-14  1.7511e-16
cpt0m407-kb87-20220504-0179-e91.fits.fz  59703.824076621  59703.824311366  5450  2.6344e-14  2.4033e-16
cpt0m407-kb87-20220504-0183-e91.fits.fz  59703.829339017  59703.829689526  5450  2.8195e-14  1.7516e-16
cpt0m407-kb87-20220504-0187-e91.fits.fz  59703.836323808  59703.836674329  5450  2.7893e-14  1.7338e-16
cpt0m407-kb87-20220504-0195-e91.fits.fz  59703.847391181  59703.847741690  5450  2.7814e-14  1.7550e-16
cpt0m407-kb87-20220504-0206-e91.fits.fz  59703.857850325  59703.858200834  5450  2.6596e-14  1.7981e-16
cpt0m407-kb87-20220504-0213-e91.fits.fz  59703.869185984  59703.869536482  5450  2.6145e-14  1.7180e-16
cpt0m407-kb87-20220504-0230-e91.fits.fz  59703.879678461  59703.880028994  5450  2.7111e-14  1.7499e-16
cpt0m407-kb87-20220504-0244-e91.fits.fz  59703.892382628  59703.892733126  5450  2.6845e-14  1.6998e-16
cpt0m407-kb87-20220504-0250-e91.fits.fz  59703.898841552  59703.899192072  5450  2.6829e-14  1.7875e-16
cpt0m407-kb87-20220504-0261-e91.fits.fz  59703.910640290  59703.910990753  5450  2.7883e-14  1.7238e-16
cpt0m407-kb87-20220504-0266-e91.fits.fz  59703.916860950  59703.917211505  5450  2.7691e-14  1.6672e-16
cpt0m407-kb87-20220504-0280-e91.fits.fz  59703.929512466  59703.929862964  5450  2.7240e-14  1.7233e-16
cpt0m407-kb87-20220504-0284-e91.fits.fz  59703.937726806  59703.938077315  5450  2.6623e-14  1.7230e-16
cpt0m407-kb87-20220504-0293-e91.fits.fz  59703.950818843  59703.951169318  5450  2.7429e-14  1.8515e-16
lsc0m409-kb29-20220504-0057-e91.fits.fz  59703.959952894  59703.960303357  5450  2.8056e-14  2.1185e-16
lsc0m412-kb26-20220504-0070-e91.fits.fz  59703.970611991  59703.970962501  5450  2.7434e-14  2.8102e-16
lsc0m412-kb26-20220504-0074-e91.fits.fz  59703.975295209  59703.975645730  5450  2.5741e-14  2.6093e-16
lsc0m409-kb29-20220504-0075-e91.fits.fz  59703.979089410  59703.979439931  5450  2.8523e-14  2.0217e-16
lsc0m409-kb29-20220504-0080-e91.fits.fz  59703.986967304  59703.987317778  5450  2.7512e-14  1.9926e-16
lsc0m409-kb29-20220504-0086-e91.fits.fz  59703.997491482  59703.997842049  5450  2.7183e-14  1.9601e-16
lsc0m409-kb29-20220504-0097-e91.fits.fz  59704.010040498  59704.010390984  5450  2.6997e-14  1.9213e-16
lsc0m409-kb29-20220504-0102-e91.fits.fz  59704.018273346  59704.018623890  5450  2.6576e-14  1.9671e-16
lsc0m409-kb29-20220504-0113-e91.fits.fz  59704.029289422  59704.029639908  5450  2.6003e-14  1.9066e-16
lsc0m409-kb29-20220504-0119-e91.fits.fz  59704.040841829  59704.041192338  5450  2.6060e-14  1.9938e-16
lsc0m409-kb29-20220504-0123-e91.fits.fz  59704.049516169  59704.049866725  5450  2.7031e-14  1.9387e-16
lsc0m409-kb29-20220504-0134-e91.fits.fz  59704.060307640  59704.060658137  5450  2.5860e-14  1.9960e-16
lsc0m409-kb29-20220504-0136-e91.fits.fz  59704.070257883  59704.070608380  5450  2.5796e-14  1.9592e-16
lsc0m409-kb29-20220504-0138-e91.fits.fz  59704.080688566  59704.081039110  5450  2.6239e-14  1.9353e-16
lsc0m409-kb29-20220504-0151-e91.fits.fz  59704.094378079  59704.094728577  5450  2.5304e-14  2.0306e-16
lsc0m409-kb29-20220504-0153-e91.fits.fz  59704.111282431  59704.111517165  5450  2.5986e-14  2.7197e-16
lsc0m409-kb29-20220504-0155-e91.fits.fz  59704.117479179  59704.117714051  5450  2.5682e-14  2.5525e-16
lsc0m409-kb29-20220504-0162-e91.fits.fz  59704.129724931  59704.129959734  5450  2.5558e-14  2.5973e-16
lsc0m409-kb29-20220504-0170-e91.fits.fz  59704.138419063  59704.138653924  5450  2.6191e-14  2.8285e-16
cpt0m407-kb87-20220505-0159-e91.fits.fz  59704.813459815  59704.813694607  5450  3.4843e-14  2.5741e-16
cpt0m407-kb87-20220505-0163-e91.fits.fz  59704.819711783  59704.819946540  5450  3.3572e-14  2.4495e-16
cpt0m407-kb87-20220505-0169-e91.fits.fz  59704.830119052  59704.830353820  5450  3.3279e-14  2.4100e-16
cpt0m407-kb87-20220505-0175-e91.fits.fz  59704.840515383  59704.840750116  5450  3.4381e-14  2.5416e-16
cpt0m407-kb87-20220505-0177-e91.fits.fz  59704.843913380  59704.844263889  5450  3.4578e-14  1.8933e-16
cpt0m407-kb87-20220505-0179-e91.fits.fz  59704.850844445  59704.851079191  5450  3.4296e-14  2.5064e-16
cpt0m407-kb87-20220505-0184-e91.fits.fz  59704.861230730  59704.861465533  5450  3.3600e-14  2.4283e-16
cpt0m407-kb87-20220505-0189-e91.fits.fz  59704.871791239  59704.872026019  5450  3.2796e-14  2.5106e-16
cpt0m407-kb87-20220505-0193-e91.fits.fz  59704.882139873  59704.882374619  5450  3.1369e-14  2.4681e-16
cpt0m407-kb87-20220505-0204-e91.fits.fz  59704.892630591  59704.892865348  5450  3.0666e-14  2.4239e-16
cpt0m407-kb87-20220505-0210-e91.fits.fz  59704.903099677  59704.903334434  5450  3.0337e-14  2.4655e-16
cpt0m407-kb87-20220505-0212-e91.fits.fz  59704.913303241  59704.913538021  5450  3.0070e-14  2.7206e-16
cpt0m407-kb87-20220505-0219-e91.fits.fz  59704.923802882  59704.924037651  5450  2.9491e-14  2.5349e-16
cpt0m407-kb87-20220505-0225-e91.fits.fz  59704.934281007  59704.934515764  5450  3.0220e-14  2.4477e-16
cpt0m407-kb87-20220505-0241-e91.fits.fz  59704.944721424  59704.944956193  5450  2.9141e-14  2.5371e-16
cpt0m407-kb87-20220505-0243-e91.fits.fz  59704.954973346  59704.955208114  5450  2.8981e-14  2.4673e-16
lsc0m409-kb29-20220505-0076-e91.fits.fz  59704.967746540  59704.967981343  5450  2.8714e-14  4.7483e-16
lsc0m409-kb29-20220505-0080-e91.fits.fz  59704.975912616  59704.976147466  5450  2.9252e-14  4.9861e-16
lsc0m409-kb29-20220505-0096-e91.fits.fz  59705.011380776  59705.011615498  5450  2.9420e-14  2.9169e-16
lsc0m409-kb29-20220505-0101-e91.fits.fz  59705.017607385  59705.017842246  5450  3.0339e-14  2.7709e-16
lsc0m409-kb29-20220505-0109-e91.fits.fz  59705.027985591  59705.028220325  5450  3.0400e-14  3.2442e-16
lsc0m409-kb29-20220505-0114-e91.fits.fz  59705.038307119  59705.038541852  5450  3.1967e-14  3.1811e-16
lsc0m409-kb29-20220505-0124-e91.fits.fz  59705.048840383  59705.049075151  5450  2.8083e-14  3.0009e-16
lsc0m409-kb29-20220505-0135-e91.fits.fz  59705.060543485  59705.060778253  5450  2.9798e-14  2.7167e-16
lsc0m409-kb29-20220505-0141-e91.fits.fz  59705.069670568  59705.069905313  5450  3.0663e-14  3.1153e-16
lsc0m409-kb29-20220505-0151-e91.fits.fz  59705.080117778  59705.080352628  5450  3.0893e-14  2.9584e-16
lsc0m409-kb29-20220505-0155-e91.fits.fz  59705.090492292  59705.090727130  5450  3.0569e-14  2.7767e-16
lsc0m409-kb29-20220505-0158-e91.fits.fz  59705.100994017  59705.101228820  5450  3.1196e-14  3.3144e-16
lsc0m409-kb29-20220505-0160-e91.fits.fz  59705.111239954  59705.111474781  5450  3.0728e-14  4.3819e-16
lsc0m409-kb29-20220505-0171-e91.fits.fz  59705.121998253  59705.122233033  5450  3.1264e-14  4.0477e-16
lsc0m409-kb29-20220505-0181-e91.fits.fz  59705.132178103  59705.132412860  5450  3.2408e-14  4.4558e-16
lsc0m409-kb29-20220505-0192-e91.fits.fz  59705.142589908  59705.142824677  5450  3.2433e-14  4.4075e-16
lsc0m409-kb29-20220505-0200-e91.fits.fz  59705.155450846  59705.155685591  5450  3.1787e-14  5.1733e-16
lsc0m409-kb29-20220505-0202-e91.fits.fz  59705.163317084  59705.163551933  5450  3.0611e-14  3.0122e-16
lsc0m409-kb29-20220505-0206-e91.fits.fz  59705.173858218  59705.174092975  5450  3.1423e-14  3.8913e-16
cpt0m407-kb87-20220506-0061-e91.fits.fz  59705.787494653  59705.787729433  5450  3.0352e-14  3.5212e-16
cpt0m407-kb87-20220506-0074-e91.fits.fz  59705.797418774  59705.797653542  5450  2.8438e-14  3.5218e-16
cpt0m407-kb87-20220506-0091-e91.fits.fz  59705.807995243  59705.808230047  5450  2.5736e-14  2.5000e-16
cpt0m407-kb87-20220506-0101-e91.fits.fz  59705.820735244  59705.820970001  5450  2.4884e-14  2.7028e-16
lsc0m409-kb29-20220506-0057-e91.fits.fz  59705.956682871  59705.956917721  5450  2.4669e-14  3.1351e-16
lsc0m412-kb26-20220506-0066-e91.fits.fz  59705.964925892  59705.965160660  5450  2.5462e-14  3.9920e-16
lsc0m412-kb26-20220506-0087-e91.fits.fz  59705.988339734  59705.988574480  5450  2.6057e-14  5.8077e-16
lsc0m412-kb26-20220506-0089-e91.fits.fz  59705.990385197  59705.990735741  5450  2.1339e-14  8.6602e-16
lsc0m412-kb26-20220506-0104-e91.fits.fz  59706.003681633  59706.003916401  5450  3.0878e-14  1.3330e-15
lsc0m412-kb26-20220506-0106-e91.fits.fz  59706.009838357  59706.010073126  5450  2.9339e-14  5.6637e-16
lsc0m412-kb26-20220506-0121-e91.fits.fz  59706.030679260  59706.030914017  5450  2.5266e-14  3.8869e-16
lsc0m412-kb26-20220506-0131-e91.fits.fz  59706.044464572  59706.044699387  5450  2.1443e-14  7.3517e-16
lsc0m412-kb26-20220506-0133-e91.fits.fz  59706.051501633  59706.051736401  5450  2.4260e-14  3.6036e-16
lsc0m412-kb26-20220506-0139-e91.fits.fz  59706.062063912  59706.062298681  5450  2.4198e-14  3.7209e-16
lsc0m412-kb26-20220506-0150-e91.fits.fz  59706.074408426  59706.074643137  5450  2.4115e-14  3.7049e-16
lsc0m412-kb26-20220506-0157-e91.fits.fz  59706.086592778  59706.086827535  5450  2.3253e-14  3.5900e-16
lsc0m412-kb26-20220506-0161-e91.fits.fz  59706.093276470  59706.093511227  5450  2.3041e-14  3.6386e-16
lsc0m412-kb26-20220506-0178-e91.fits.fz  59706.107885648  59706.108120394  5450  2.4658e-14  3.8077e-16
lsc0m412-kb26-20220506-0180-e91.fits.fz  59706.114005510  59706.114240348  5450  2.6396e-14  3.8211e-16
lsc0m412-kb26-20220506-0185-e91.fits.fz  59706.124544908  59706.124779688  5450  2.7397e-14  4.8359e-16
lsc0m412-kb26-20220506-0199-e91.fits.fz  59706.136992049  59706.137226806  5450  2.4939e-14  3.8189e-16
lsc0m412-kb26-20220506-0203-e91.fits.fz  59706.145322836  59706.145557639  5450  2.4884e-14  3.8661e-16
lsc0m412-kb26-20220506-0216-e91.fits.fz  59706.157593924  59706.157828681  5450  2.3052e-14  4.0548e-16
lsc0m409-kb29-20220506-0121-e91.fits.fz  59706.166771065  59706.167005811  5450  2.2093e-14  2.5702e-16
cpt0m407-kb87-20220508-0068-e91.fits.fz  59707.704527257  59707.704877767  5450  2.4694e-14  1.8067e-16
cpt0m407-kb87-20220508-0126-e91.fits.fz  59707.794476644  59707.794827130  5450  2.2072e-14  2.6670e-16
lsc0m409-kb29-20220508-0148-e91.fits.fz  59708.159722848  59708.159957651  5450  1.9084e-14  2.6428e-16
cpt0m407-kb87-20220509-0113-e91.fits.fz  59708.791885521  59708.792236065  5450  1.3703e-14  1.4651e-16
cpt0m407-kb87-20220510-0071-e91.fits.fz  59709.806075301  59709.806310058  5450  2.4777e-14  2.3684e-16
cpt0m407-kb87-20220510-0099-e91.fits.fz  59709.830887859  59709.831238334  5450  2.8849e-14  1.7975e-16
cpt0m407-kb87-20220511-0135-e91.fits.fz  59710.796274839  59710.796625348  5450  3.6660e-14  2.0156e-16
lsc0m409-kb29-20220511-0067-e91.fits.fz  59710.959323971  59710.959558728  5450  2.8561e-14  4.2370e-16
cpt0m407-kb87-20220512-0113-e91.fits.fz  59711.788476274  59711.788711031  5450  1.8731e-14  2.3580e-16
cpt0m407-kb87-20220512-0133-e91.fits.fz  59711.826639700  59711.826990163  5450  2.0977e-14  1.7972e-16
cpt0m407-kb87-20220513-0074-e91.fits.fz  59712.705088843  59712.705323612  5450  1.1945e-14  2.0640e-16
cpt0m407-kb87-20220513-0131-e91.fits.fz  59712.798862963  59712.799213473  5450  1.1879e-14  5.1325e-16
lsc0m409-kb29-20220515-0057-e91.fits.fz  59714.952928056  59714.953278554  5450  1.7212e-14  2.3410e-16
lsc0m412-kb26-20220515-0064-e91.fits.fz  59714.952944966  59714.953179735  5450  1.6360e-14  3.8801e-16
cpt0m407-kb87-20220516-0064-e91.fits.fz  59715.703743797  59715.703978565  5450  1.3672e-14  2.4894e-16
cpt0m407-kb87-20220516-0140-e91.fits.fz  59715.821855302  59715.822205788  5450  1.6241e-14  1.7377e-16
lsc0m412-kb26-20220517-0057-e91.fits.fz  59716.952258866  59716.952609410  5450  2.3029e-14  3.0775e-16
lsc0m412-kb26-20220517-0065-e91.fits.fz  59716.960872883  59716.961107651  5450  2.5739e-14  4.1748e-16
lsc0m409-kb29-20220518-0071-e91.fits.fz  59717.958044364  59717.958279133  5450  2.1316e-14  1.5681e-15
lsc0m409-kb29-20220519-0057-e91.fits.fz  59718.951647119  59718.951881957  5450  1.2765e-14  2.6922e-16
lsc0m409-kb29-20220520-0097-e91.fits.fz  59720.100813299  59720.101048160  5450  1.7114e-14  6.9110e-16
cpt0m407-kb87-20220521-0063-e91.fits.fz  59720.699564781  59720.699799503  5450  1.6349e-14  2.3518e-16
coj0m405-kb88-20220724-0082-e91.fits.fz  59784.382080834  59784.382431424  5450  1.6880e-14  1.3748e-16
lsc1m009-fa04-20220725-0005-e91.fits.fz  59785.984783820  59785.984876135  5450  1.3555e-14  6.5594e-17
lsc1m005-fa15-20220726-0058-e91.fits.fz  59786.959893982  59786.959986297  5450  1.3911e-14  8.9925e-17
lsc1m009-fa04-20220728-0060-e91.fits.fz  59788.972770267  59788.972862593  5450  2.4113e-14  1.5726e-16
lsc1m009-fa04-20220729-0066-e91.fits.fz  59789.991393160  59789.991485486  5450  2.7811e-14  1.2568e-16
cpt1m012-fa06-20220730-0066-e91.fits.fz  59790.725233091  59790.725325406  5450  2.3619e-14  1.4087e-16
lsc1m009-fa04-20220731-0058-e91.fits.fz  59791.986364572  59791.986456841  5450  2.5005e-14  9.6935e-17
lsc1m005-fa15-20220802-0058-e91.fits.fz  59793.962371841  59793.962464109  5450  1.4926e-14  1.1946e-16
lsc1m009-fa04-20220803-0058-e91.fits.fz  59794.962766413  59794.962858727  5450  1.3465e-14  8.5213e-17
cpt0m407-kb84-20210207-0104-e91.fits.fz  59252.865864179  59252.865983195  7670  2.8099e-14  3.7464e-16
cpt0m407-kb84-20210208-0100-e91.fits.fz  59253.874194457  59253.874313485  7670  2.7903e-14  3.4643e-16
cpt0m407-kb84-20210209-0093-e91.fits.fz  59254.858642304  59254.858761285  7670  3.4131e-14  3.6291e-16
cpt0m407-kb84-20210210-0102-e91.fits.fz  59255.855473947  59255.855592975  7670  3.3729e-14  4.0885e-16
lsc0m409-kb29-20210211-0124-e91.fits.fz  59257.136267500  59257.136386494  7670  2.7712e-14  4.8226e-16
cpt0m407-kb84-20210213-0127-e91.fits.fz  59258.847245498  59258.847364526  7670  2.4894e-14  3.7344e-16
cpt0m407-kb84-20210214-0112-e91.fits.fz  59259.844476737  59259.844595764  7670  3.0709e-14  4.2491e-16
cpt0m407-kb84-20210215-0129-e91.fits.fz  59260.841894792  59260.842013785  7670  2.5334e-14  4.2106e-16
cpt0m407-kb84-20210216-0125-e91.fits.fz  59261.840769433  59261.840888461  7670  2.1738e-14  4.2038e-16
coj0m405-kb88-20210307-0086-e91.fits.fz  59280.448431320  59280.448550359  7670  2.4678e-14  3.4252e-16
coj0m405-kb88-20210308-0036-e91.fits.fz  59281.479319908  59281.479438901  7670  2.8076e-14  1.8700e-15
coj0m405-kb88-20210309-0284-e91.fits.fz  59282.566735857  59282.566854897  7670  2.4754e-14  3.3073e-16
lsc0m409-kb29-20210310-0115-e91.fits.fz  59284.061358878  59284.061477917  7670  3.3255e-14  3.9869e-16
cpt0m407-kb84-20210311-0118-e91.fits.fz  59284.790123878  59284.790242860  7670  3.0635e-14  1.0274e-15
coj0m403-kb24-20210312-0079-e91.fits.fz  59285.475788589  59285.475906991  7670  2.0721e-14  2.6888e-16
lsc0m409-kb29-20210314-0117-e91.fits.fz  59288.052711366  59288.052830417  7670  2.8234e-14  5.3697e-16
coj0m403-kb24-20210315-0118-e91.fits.fz  59288.432378693  59288.432497176  7670  2.0287e-14  3.4797e-16
coj0m403-kb24-20210316-0099-e91.fits.fz  59289.420156494  59289.420274966  7670  2.6084e-14  5.8356e-16
coj0m403-kb24-20210417-0068-e91.fits.fz  59321.359517952  59321.359636355  7670  2.2194e-14  5.4030e-16
coj0m403-kb24-20210418-0066-e91.fits.fz  59322.359735429  59322.359853866  7670  1.9328e-14  2.1551e-16
coj0m403-kb24-20210419-0066-e91.fits.fz  59323.358063669  59323.358182084  7670  2.1059e-14  2.1494e-16
coj0m405-kb88-20210420-0074-e91.fits.fz  59324.363232107  59324.363351146  7670  3.0308e-14  4.3886e-15
coj0m403-kb24-20210421-0066-e91.fits.fz  59325.356243126  59325.356361563  7670  2.4924e-14  2.2892e-16
coj0m403-kb24-20210422-0066-e91.fits.fz  59326.355555035  59326.355673554  7670  3.1719e-14  2.4815e-16
coj0m403-kb24-20210423-0053-e91.fits.fz  59327.361753102  59327.361871575  7670  3.4050e-14  2.4214e-16
coj0m405-kb88-20210424-0071-e91.fits.fz  59328.357958600  59328.358077581  7670  3.1060e-14  2.9355e-16
coj0m405-kb88-20210425-0097-e91.fits.fz  59329.384729387  59329.384848496  7670  4.2742e-14  2.9949e-16
coj0m405-kb88-20210426-0072-e91.fits.fz  59330.361773994  59330.361892952  7670  3.5970e-14  2.7829e-16
coj0m403-kb24-20210427-0066-e91.fits.fz  59331.354806945  59331.354925383  7670  2.8612e-14  2.3635e-16
lsc0m409-kb29-20210427-0166-e91.fits.fz  59332.157494121  59332.157613125  7670  3.0686e-14  4.5350e-16
coj0m403-kb24-20210429-0073-e91.fits.fz  59333.399943426  59333.400061875  7670  2.5224e-14  2.8261e-16
cpt0m407-kb84-20210429-0041-e91.fits.fz  59333.743547176  59333.743666216  7670  2.6040e-14  9.2078e-16
cpt0m407-kb84-20210429-0047-e91.fits.fz  59333.754085857  59333.754204885  7670  2.0858e-14  7.8087e-16
cpt0m407-kb84-20210429-0052-e91.fits.fz  59333.774809167  59333.774928183  7670  2.2355e-14  6.3717e-16
cpt0m407-kb84-20210501-0097-e91.fits.fz  59335.747999074  59335.748118091  7670  1.8799e-14  4.4255e-16
lsc0m409-kb29-20210501-0076-e91.fits.fz  59335.974243890  59335.974362917  7670  1.9548e-14  5.4808e-16
coj0m403-kb24-20210502-0096-e91.fits.fz  59336.356342813  59336.356461285  7670  2.4383e-14  2.6735e-16
coj0m405-kb88-20210503-0095-e91.fits.fz  59337.372869133  59337.372988102  7670  3.2408e-14  4.2631e-16
cpt0m407-kb84-20210504-0035-e91.fits.fz  59338.778310776  59338.778429804  7670  4.7264e-14  1.8572e-15
cpt0m407-kb84-20210505-0071-e91.fits.fz  59339.712328369  59339.712447362  7670  3.0036e-14  4.2046e-16
cpt0m407-kb84-20210506-0083-e91.fits.fz  59340.756899943  59340.757018982  7670  2.3186e-14  4.2958e-16
coj0m405-kb88-20210507-0037-e91.fits.fz  59341.398002882  59341.398122003  7670  2.2056e-14  3.4747e-16
cpt0m407-kb84-20210508-0069-e91.fits.fz  59342.705400626  59342.705519653  7670  2.2356e-14  3.7379e-16
coj0m405-kb88-20210509-0059-e91.fits.fz  59343.507907014  59343.508026019  7670  2.7242e-14  4.1267e-16
coj0m403-kb24-20210510-0068-e91.fits.fz  59344.407757477  59344.407876019  7670  2.5791e-14  5.1718e-16
cpt0m407-kb84-20210511-0073-e91.fits.fz  59345.715403299  59345.715522327  7670  1.9907e-14  3.6181e-16
cpt0m407-kb84-20210513-0069-e91.fits.fz  59347.704306910  59347.704425892  7670  2.3045e-14  3.6162e-16
cpt0m407-kb84-20210514-0054-e91.fits.fz  59348.705034908  59348.705153936  7670  3.8609e-14  4.7912e-16
coj0m403-kb24-20210516-0101-e91.fits.fz  59350.393039468  59350.393157906  7670  3.1240e-14  2.7967e-16
cpt0m407-kb84-20210516-0071-e91.fits.fz  59350.705425336  59350.705544329  7670  3.0075e-14  4.1380e-16
cpt0m407-kb84-20210517-0058-e91.fits.fz  59351.696154514  59351.696273542  7670  2.2943e-14  3.6666e-16
cpt0m407-kb84-20210518-0067-e91.fits.fz  59352.697667524  59352.697786540  7670  2.5481e-14  4.1535e-16
lsc0m409-kb29-20210519-0065-e91.fits.fz  59353.952018357  59353.952137350  7670  2.5886e-14  2.1162e-15
coj0m403-kb24-20210520-0078-e91.fits.fz  59354.361766320  59354.361884804  7670  2.8233e-14  7.5113e-16
coj0m403-kb24-20210521-0079-e91.fits.fz  59355.361749190  59355.361867674  7670  2.8161e-14  2.3007e-16
coj0m403-kb24-20210521-0081-e91.fits.fz  59355.363725510  59355.363843924  7670  2.5666e-14  2.3946e-16
coj0m403-kb24-20210522-0068-e91.fits.fz  59356.344372223  59356.344490718  7670  1.9053e-14  2.3476e-16
coj0m403-kb24-20210522-0088-e91.fits.fz  59356.372157188  59356.372275660  7670  2.3837e-14  2.2530e-16
cpt0m407-kb84-20210522-0107-e91.fits.fz  59356.748584387  59356.748703415  7670  2.1898e-14  3.6265e-16
lsc0m409-kb29-20210522-0073-e91.fits.fz  59356.970809885  59356.970928843  7670  2.4102e-14  4.4592e-16
cpt0m407-kb84-20210523-0088-e91.fits.fz  59357.724882269  59357.725001262  7670  2.2707e-14  3.8925e-16
lsc0m409-kb29-20210523-0058-e91.fits.fz  59357.951039977  59357.951159040  7670  2.3514e-14  4.2426e-16
coj0m403-kb24-20210524-0152-e91.fits.fz  59358.493435915  59358.493554329  7670  2.3928e-14  2.9846e-16
lsc0m409-kb29-20210524-0076-e91.fits.fz  59358.969367767  59358.969486725  7670  2.8724e-14  4.1502e-16
cpt0m407-kb84-20210525-0131-e91.fits.fz  59359.814407674  59359.814526702  7670  2.7366e-14  3.7710e-16
lsc0m409-kb29-20210525-0063-e91.fits.fz  59359.958534202  59359.958653241  7670  2.9246e-14  4.2611e-16
lsc0m409-kb29-20210526-0061-e91.fits.fz  59360.953000128  59360.953119781  7670  2.8540e-14  4.2096e-16
coj0m403-kb24-20210527-0196-e91.fits.fz  59361.514479781  59361.514598172  7670  3.1732e-14  3.3076e-16
coj0m403-kb24-20210528-0123-e91.fits.fz  59362.377080811  59362.377199271  7670  2.2605e-14  3.1628e-16
lsc0m409-kb29-20210528-0065-e91.fits.fz  59362.950037559  59362.950156609  7670  2.1494e-14  3.7790e-16
lsc0m409-kb29-20210528-0068-e91.fits.fz  59362.955506690  59362.955625730  7670  1.9894e-14  3.9353e-16
lsc0m409-kb29-20210528-0097-e91.fits.fz  59363.036122165  59363.036241285  7670  2.0830e-14  3.6593e-16
lsc0m409-kb29-20210528-0103-e91.fits.fz  59363.042357894  59363.042476876  7670  2.1191e-14  3.8333e-16
lsc0m409-kb29-20210528-0110-e91.fits.fz  59363.055199480  59363.055318623  7670  2.1414e-14  3.7265e-16
lsc0m409-kb29-20210528-0117-e91.fits.fz  59363.063189271  59363.063308357  7670  2.0512e-14  3.7307e-16
lsc0m409-kb29-20210528-0128-e91.fits.fz  59363.073566424  59363.073685498  7670  2.1631e-14  3.7459e-16
lsc0m409-kb29-20210528-0139-e91.fits.fz  59363.101263438  59363.101382477  7670  2.1939e-14  3.9693e-16
lsc0m409-kb29-20210528-0145-e91.fits.fz  59363.107961459  59363.108080475  7670  2.1927e-14  3.9759e-16
lsc0m409-kb29-20210528-0151-e91.fits.fz  59363.120044769  59363.120163820  7670  2.2208e-14  4.4564e-16
lsc0m409-kb29-20210528-0163-e91.fits.fz  59363.128014711  59363.128133681  7670  2.1357e-14  4.0419e-16
lsc0m409-kb29-20210528-0176-e91.fits.fz  59363.142951783  59363.143070787  7670  2.0969e-14  3.7425e-16
lsc0m409-kb29-20210528-0193-e91.fits.fz  59363.148733207  59363.148852200  7670  2.1893e-14  3.6904e-16
lsc0m409-kb29-20210528-0199-e91.fits.fz  59363.159967454  59363.160086540  7670  2.1455e-14  4.0682e-16
coj0m403-kb24-20210529-0065-e91.fits.fz  59363.338064399  59363.338182813  7670  1.9759e-14  2.7570e-16
coj0m405-kb88-20210529-0049-e91.fits.fz  59363.345937663  59363.346056737  7670  1.8862e-14  3.0001e-16
coj0m403-kb24-20210529-0073-e91.fits.fz  59363.347620186  59363.347738612  7670  2.0005e-14  2.5344e-16
coj0m403-kb24-20210529-0085-e91.fits.fz  59363.362608103  59363.362726552  7670  2.0121e-14  2.3573e-16
coj0m405-kb88-20210529-0063-e91.fits.fz  59363.368577304  59363.368696285  7670  2.0008e-14  2.3786e-16
coj0m405-kb88-20210529-0065-e91.fits.fz  59363.377648878  59363.377767929  7670  2.0007e-14  2.3251e-16
coj0m403-kb24-20210529-0098-e91.fits.fz  59363.392746656  59363.392865174  7670  2.0138e-14  2.1697e-16
coj0m405-kb88-20210529-0080-e91.fits.fz  59363.398597153  59363.398716274  7670  2.0321e-14  2.2916e-16
coj0m403-kb24-20210529-0106-e91.fits.fz  59363.413825660  59363.413944098  7670  1.9453e-14  2.4723e-16
coj0m403-kb24-20210529-0111-e91.fits.fz  59363.419408357  59363.419526829  7670  2.0155e-14  2.2477e-16
coj0m403-kb24-20210529-0117-e91.fits.fz  59363.430942269  59363.431060718  7670  2.0036e-14  2.1092e-16
coj0m405-kb88-20210529-0103-e91.fits.fz  59363.445143669  59363.445262813  7670  1.9359e-14  2.3537e-16
coj0m405-kb88-20210529-0110-e91.fits.fz  59363.455497639  59363.455616667  7670  1.9832e-14  2.2903e-16
coj0m405-kb88-20210529-0112-e91.fits.fz  59363.460983461  59363.461102477  7670  1.9615e-14  2.4091e-16
lsc0m409-kb29-20210529-0064-e91.fits.fz  59363.957731343  59363.957850348  7670  2.0208e-14  7.3509e-16
lsc0m409-kb29-20210529-0069-e91.fits.fz  59363.962300660  59363.962419665  7670  2.1872e-14  1.1356e-15
lsc0m409-kb29-20210529-0096-e91.fits.fz  59364.026405186  59364.026524306  7670  1.8833e-14  7.4625e-16
lsc0m409-kb29-20210529-0102-e91.fits.fz  59364.032661077  59364.032780151  7670  1.7481e-14  7.2378e-16
lsc0m409-kb29-20210529-0108-e91.fits.fz  59364.043073229  59364.043192257  7670  1.9919e-14  6.5207e-16
lsc0m409-kb29-20210529-0118-e91.fits.fz  59364.057481552  59364.057600533  7670  1.8312e-14  4.7296e-16
lsc0m409-kb29-20210529-0123-e91.fits.fz  59364.063820255  59364.063939306  7670  1.8984e-14  4.5569e-16
lsc0m409-kb29-20210529-0126-e91.fits.fz  59364.068777327  59364.068896355  7670  1.9668e-14  3.7665e-16
lsc0m409-kb29-20210529-0128-e91.fits.fz  59364.074249133  59364.074368172  7670  1.8976e-14  3.6557e-16
lsc0m409-kb29-20210529-0135-e91.fits.fz  59364.084732373  59364.084851343  7670  2.4472e-14  2.2136e-15
lsc0m409-kb29-20210529-0151-e91.fits.fz  59364.097465521  59364.097584514  7670  1.9858e-14  7.2914e-16
lsc0m409-kb29-20210529-0158-e91.fits.fz  59364.105543577  59364.105662605  7670  1.8605e-14  4.2759e-16
lsc0m409-kb29-20210529-0164-e91.fits.fz  59364.120059410  59364.120178392  7670  1.8673e-14  3.6404e-16
lsc0m409-kb29-20210529-0170-e91.fits.fz  59364.132560602  59364.132679619  7670  2.1535e-14  1.1128e-15
lsc0m409-kb29-20210529-0172-e91.fits.fz  59364.136680510  59364.136799549  7670  1.8364e-14  1.4701e-15
lsc0m409-kb29-20210529-0183-e91.fits.fz  59364.147353589  59364.147472640  7670  2.2740e-14  1.4933e-15
lsc0m409-kb29-20210529-0189-e91.fits.fz  59364.157626262  59364.157745301  7670  2.0107e-14  3.6428e-16
coj0m405-kb88-20210530-0090-e91.fits.fz  59364.362877188  59364.362996239  7670  1.9276e-14  3.1492e-16
lsc0m409-kb29-20210530-0066-e91.fits.fz  59364.958193612  59364.958312697  7670  2.7597e-14  4.2589e-16
lsc0m409-kb29-20210530-0118-e91.fits.fz  59365.090273403  59365.090392489  7670  2.9938e-14  4.1952e-16
lsc0m409-kb29-20210530-0130-e91.fits.fz  59365.101376412  59365.101495429  7670  2.9408e-14  4.2110e-16
lsc0m409-kb29-20210530-0136-e91.fits.fz  59365.111565174  59365.111684202  7670  2.8633e-14  4.2584e-16
lsc0m409-kb29-20210530-0142-e91.fits.fz  59365.118749352  59365.118868415  7670  2.7233e-14  4.0110e-16
lsc0m409-kb29-20210530-0148-e91.fits.fz  59365.131587883  59365.131706899  7670  2.8525e-14  3.9967e-16
coj0m405-kb88-20210531-0065-e91.fits.fz  59365.337852802  59365.337971876  7670  3.0705e-14  2.7743e-16
coj0m405-kb88-20210531-0085-e91.fits.fz  59365.365199908  59365.365318924  7670  3.1449e-14  2.5001e-16
lsc0m409-kb29-20210531-0060-e91.fits.fz  59365.951980302  59365.952099364  7670  3.0111e-14  4.1089e-16
lsc0m409-kb29-20210531-0095-e91.fits.fz  59366.038823392  59366.038942431  7670  3.1558e-14  4.3780e-16
lsc0m409-kb29-20210601-0047-e91.fits.fz  59366.951490035  59366.951609086  7670  2.4703e-14  4.2604e-16
lsc0m409-kb29-20210601-0055-e91.fits.fz  59366.965884283  59366.966003346  7670  2.3579e-14  3.6504e-16
coj0m405-kb88-20210602-0067-e91.fits.fz  59367.345440255  59367.345559260  7670  2.6728e-14  1.4728e-15
lsc0m409-kb29-20210602-0058-e91.fits.fz  59367.949414873  59367.949533901  7670  2.9569e-14  4.1934e-16
lsc0m409-kb29-20210602-0066-e91.fits.fz  59367.958927315  59367.959046355  7670  2.8242e-14  3.8105e-16
lsc0m409-kb29-20210603-0077-e91.fits.fz  59368.963739665  59368.963858774  7670  2.8302e-14  4.0301e-16
lsc0m409-kb29-20210604-0153-e91.fits.fz  59370.081842199  59370.081961216  7670  2.2742e-14  9.3231e-16
lsc0m409-kb29-20210604-0155-e91.fits.fz  59370.084038866  59370.084157882  7670  2.3249e-14  2.7976e-15
coj0m405-kb88-20210605-0067-e91.fits.fz  59370.340984688  59370.341103693  7670  2.1844e-14  2.6967e-16
coj0m405-kb88-20210605-0078-e91.fits.fz  59370.352305220  59370.352424295  7670  2.2279e-14  2.7087e-16
coj0m405-kb88-20210605-0080-e91.fits.fz  59370.354759700  59370.354878681  7670  2.3219e-14  2.5085e-16
coj0m405-kb88-20210605-0082-e91.fits.fz  59370.359046227  59370.359165244  7670  2.3014e-14  2.5961e-16
coj0m405-kb88-20210605-0088-e91.fits.fz  59370.369551077  59370.369670140  7670  2.3799e-14  3.2013e-16
coj0m405-kb88-20210605-0094-e91.fits.fz  59370.384872200  59370.384991204  7670  2.6140e-14  4.2199e-16
coj0m405-kb88-20210605-0096-e91.fits.fz  59370.390276563  59370.390395544  7670  2.5702e-14  4.6045e-16
coj0m405-kb88-20210605-0110-e91.fits.fz  59370.403589850  59370.403708901  7670  2.6103e-14  9.3740e-16
coj0m405-kb88-20210606-0065-e91.fits.fz  59371.337265023  59371.337384028  7670  2.2910e-14  2.6116e-16
coj0m405-kb88-20210606-0076-e91.fits.fz  59371.348030915  59371.348149978  7670  2.1348e-14  2.9086e-16
lsc0m409-kb29-20210606-0082-e91.fits.fz  59371.963651459  59371.963770498  7670  2.1029e-14  3.7346e-16
coj0m405-kb88-20210607-0077-e91.fits.fz  59372.347814144  59372.347933183  7670  2.9661e-14  2.8144e-16
lsc0m409-kb29-20210607-0058-e91.fits.fz  59372.949209271  59372.949328392  7670  2.5739e-14  3.9873e-16
lsc0m409-kb29-20210607-0062-e91.fits.fz  59372.955086748  59372.955205799  7670  2.5195e-14  4.1068e-16
lsc0m412-kb26-20210608-0033-e91.fits.fz  59373.949186436  59373.949305452  7670  2.4357e-14  7.3043e-16
lsc0m409-kb29-20210608-0060-e91.fits.fz  59373.951989700  59373.952108716  7670  2.7186e-14  4.7426e-16
coj0m405-kb88-20210613-0045-e91.fits.fz  59378.410150464  59378.410269445  7670  1.9599e-14  2.5455e-16
coj0m405-kb88-20210613-0055-e91.fits.fz  59378.425727593  59378.425846644  7670  1.8403e-14  2.7467e-16
lsc0m412-kb26-20210613-0091-e91.fits.fz  59379.043792801  59379.043911829  7670  1.9687e-14  4.3562e-16
lsc0m409-kb29-20210723-0058-e91.fits.fz  59418.959175325  59418.959294352  7670  3.0988e-14  4.3238e-16
lsc0m412-kb26-20210723-0058-e91.fits.fz  59418.959183843  59418.959302836  7670  3.1613e-14  5.5826e-16
lsc0m412-kb26-20210724-0074-e91.fits.fz  59419.983285857  59419.983404827  7670  2.6933e-14  5.7132e-16
lsc0m412-kb26-20210724-0076-e91.fits.fz  59419.986783369  59419.986902396  7670  2.8816e-14  7.9702e-16
coj0m405-kb88-20210726-0038-e91.fits.fz  59421.388133403  59421.388252408  7670  2.3365e-14  3.3798e-16
lsc0m409-kb29-20210726-0060-e91.fits.fz  59421.962289966  59421.962409028  7670  2.9766e-14  4.8014e-16
coj0m403-kb24-20210727-0039-e91.fits.fz  59422.356004040  59422.356122489  7670  2.8274e-14  3.3882e-16
lsc0m409-kb29-20210728-0058-e91.fits.fz  59423.961008079  59423.961127072  7670  2.8034e-14  4.3876e-16
lsc0m409-kb29-20210728-0070-e91.fits.fz  59423.973354110  59423.973473160  7670  2.6933e-14  4.2397e-16
coj0m403-kb24-20210729-0058-e91.fits.fz  59424.349320718  59424.349439121  7670  2.7298e-14  2.8898e-16
coj0m403-kb24-20210730-0067-e91.fits.fz  59425.352257547  59425.352376008  7670  2.0653e-14  2.1734e-16
coj0m405-kb88-20210731-0080-e91.fits.fz  59426.363837443  59426.363956471  7670  1.7342e-14  5.4525e-16
coj0m405-kb88-20210731-0086-e91.fits.fz  59426.369556007  59426.369675047  7670  1.9619e-14  5.5094e-16
cpt0m407-kb87-20211110-0103-e91.fits.fz  59529.091046748  59529.091223623  7670  4.0990e-14  2.1459e-16
lsc0m409-kb29-20211111-0231-e91.fits.fz  59530.333605776  59530.333782686  7670  3.6571e-14  3.4413e-16
lsc0m409-kb29-20211112-0178-e91.fits.fz  59531.330817408  59531.330994295  7670  2.9608e-14  3.8602e-16
lsc0m409-kb29-20211113-0169-e91.fits.fz  59532.328145475  59532.328322385  7670  2.5110e-14  3.0990e-16
lsc0m409-kb29-20211114-0181-e91.fits.fz  59533.325331297  59533.325508218  7670  2.3750e-14  3.0873e-16
cpt0m407-kb87-20211115-0098-e91.fits.fz  59534.074290614  59534.074467512  7670  3.2288e-14  3.1337e-15
cpt0m407-kb87-20211116-0127-e91.fits.fz  59535.072157824  59535.072334723  7670  2.8131e-14  2.0068e-16
lsc0m412-kb26-20211117-0208-e91.fits.fz  59536.329981737  59536.330158635  7670  2.2442e-14  3.8735e-16
cpt0m407-kb87-20211118-0180-e91.fits.fz  59537.067268195  59537.067445093  7670  2.5273e-14  2.2482e-16
cpt0m407-kb87-20211119-0210-e91.fits.fz  59538.070299144  59538.070476042  7670  2.1198e-14  2.6105e-16
coj0m405-kb88-20220420-0228-e91.fits.fz  59689.524379665  59689.524556563  7670  2.7078e-14  4.0266e-16
coj0m403-kb24-20220421-0177-e91.fits.fz  59690.503395278  59690.503571633  7670  3.4050e-14  2.2047e-16
lsc0m412-kb26-20220422-0062-e91.fits.fz  59691.970298368  59691.970475255  7670  2.1271e-14  3.0666e-16
coj0m405-kb88-20220423-0081-e91.fits.fz  59692.504300626  59692.504477512  7670  2.0342e-14  2.9605e-16
coj0m405-kb88-20220424-0189-e91.fits.fz  59693.503366355  59693.503543288  7670  2.0631e-14  1.5944e-15
cpt0m407-kb87-20220427-0077-e91.fits.fz  59696.893810383  59696.893987281  7670  2.3148e-14  2.2700e-16
cpt0m407-kb87-20220428-0040-e91.fits.fz  59697.705903357  59697.706080267  7670  3.3970e-14  2.6180e-16
coj0m403-kb24-20220429-0092-e91.fits.fz  59698.536560186  59698.536736470  7670  3.5964e-14  2.9119e-16
cpt0m407-kb87-20220430-0083-e91.fits.fz  59699.722808473  59699.723043241  7670  2.4543e-14  1.7623e-16
lsc0m409-kb29-20220430-0124-e91.fits.fz  59700.065411332  59700.065588276  7670  2.1956e-14  2.4267e-16
cpt0m407-kb87-20220501-0062-e91.fits.fz  59700.708013508  59700.708190429  7670  1.5630e-14  5.4555e-16
cpt0m407-kb87-20220501-0261-e91.fits.fz  59700.903961528  59700.904196308  7670  2.6960e-14  1.8075e-16
cpt0m407-kb87-20220502-0065-e91.fits.fz  59701.703450903  59701.703627801  7670  1.7695e-14  2.2525e-16
cpt0m407-kb87-20220503-0060-e91.fits.fz  59702.702759920  59702.702994688  7670  1.8300e-14  1.9301e-16
cpt0m407-kb87-20220503-0066-e91.fits.fz  59702.708867801  59702.709044699  7670  1.8078e-14  2.1587e-16
lsc0m412-kb26-20220503-0152-e91.fits.fz  59703.101536100  59703.101712975  7670  2.6663e-14  2.8793e-16
cpt0m407-kb87-20220504-0116-e91.fits.fz  59703.757654618  59703.757831493  7670  3.3676e-14  2.3587e-16
cpt0m407-kb87-20220504-0122-e91.fits.fz  59703.763880174  59703.764057072  7670  3.4426e-14  2.3499e-16
cpt0m407-kb87-20220504-0133-e91.fits.fz  59703.774316899  59703.774493774  7670  3.4714e-14  2.3606e-16
cpt0m407-kb87-20220504-0139-e91.fits.fz  59703.785194885  59703.785371783  7670  3.3655e-14  2.4085e-16
cpt0m407-kb87-20220504-0155-e91.fits.fz  59703.796733889  59703.796910787  7670  3.4074e-14  2.4146e-16
cpt0m407-kb87-20220504-0163-e91.fits.fz  59703.806314896  59703.806491806  7670  3.3803e-14  2.3690e-16
cpt0m407-kb87-20220504-0174-e91.fits.fz  59703.816626251  59703.816803149  7670  3.3370e-14  2.3636e-16
cpt0m407-kb87-20220504-0180-e91.fits.fz  59703.824455672  59703.824690417  7670  3.4581e-14  1.9908e-16
cpt0m407-kb87-20220504-0184-e91.fits.fz  59703.829837466  59703.830014410  7670  3.4529e-14  2.4405e-16
cpt0m407-kb87-20220504-0188-e91.fits.fz  59703.836823832  59703.837000718  7670  3.4668e-14  2.3724e-16
cpt0m407-kb87-20220504-0196-e91.fits.fz  59703.847887593  59703.848064491  7670  3.4126e-14  2.4318e-16
cpt0m407-kb87-20220504-0207-e91.fits.fz  59703.858352767  59703.858529665  7670  3.2821e-14  2.4644e-16
cpt0m407-kb87-20220504-0214-e91.fits.fz  59703.869682234  59703.869859167  7670  3.2807e-14  2.4288e-16
cpt0m407-kb87-20220504-0231-e91.fits.fz  59703.880177211  59703.880354074  7670  3.4234e-14  2.3935e-16
cpt0m407-kb87-20220504-0245-e91.fits.fz  59703.892884341  59703.893061250  7670  3.1730e-14  2.6224e-16
cpt0m407-kb87-20220504-0251-e91.fits.fz  59703.899341991  59703.899518889  7670  3.3473e-14  2.4081e-16
cpt0m407-kb87-20220504-0262-e91.fits.fz  59703.911141748  59703.911318646  7670  3.4137e-14  2.3309e-16
cpt0m407-kb87-20220504-0267-e91.fits.fz  59703.917358901  59703.917535776  7670  3.3762e-14  2.3731e-16
cpt0m407-kb87-20220504-0281-e91.fits.fz  59703.930012883  59703.930189862  7670  3.4167e-14  2.3556e-16
cpt0m407-kb87-20220504-0285-e91.fits.fz  59703.938229457  59703.938406366  7670  3.4388e-14  2.4351e-16
cpt0m407-kb87-20220504-0294-e91.fits.fz  59703.951321586  59703.951498484  7670  3.4647e-14  2.4790e-16
lsc0m409-kb29-20220504-0058-e91.fits.fz  59703.960534838  59703.960711737  7670  3.4192e-14  2.6323e-16
lsc0m412-kb26-20220504-0071-e91.fits.fz  59703.971132269  59703.971309144  7670  3.3573e-14  3.1384e-16
lsc0m412-kb26-20220504-0075-e91.fits.fz  59703.975795614  59703.975972454  7670  3.2513e-14  2.9226e-16
lsc0m409-kb29-20220504-0076-e91.fits.fz  59703.979658774  59703.979835625  7670  3.3919e-14  2.6113e-16
lsc0m409-kb29-20220504-0081-e91.fits.fz  59703.987536297  59703.987713311  7670  3.4686e-14  2.5789e-16
lsc0m409-kb29-20220504-0087-e91.fits.fz  59703.998065209  59703.998242107  7670  3.3746e-14  2.5299e-16
lsc0m409-kb29-20220504-0098-e91.fits.fz  59704.010596737  59704.010773635  7670  3.4082e-14  2.4657e-16
lsc0m409-kb29-20220504-0103-e91.fits.fz  59704.018841633  59704.019018577  7670  3.3419e-14  2.4880e-16
lsc0m409-kb29-20220504-0114-e91.fits.fz  59704.029872096  59704.030049052  7670  3.2287e-14  2.4842e-16
lsc0m409-kb29-20220504-0120-e91.fits.fz  59704.041402119  59704.041579005  7670  3.3907e-14  2.6930e-16
lsc0m409-kb29-20220504-0124-e91.fits.fz  59704.050077315  59704.050254248  7670  3.3627e-14  2.6628e-16
lsc0m409-kb29-20220504-0135-e91.fits.fz  59704.060869109  59704.061046100  7670  3.3962e-14  2.6143e-16
lsc0m409-kb29-20220504-0137-e91.fits.fz  59704.070816274  59704.070993218  7670  3.2665e-14  2.6073e-16
lsc0m409-kb29-20220504-0139-e91.fits.fz  59704.081247940  59704.081424896  7670  3.2591e-14  2.4674e-16
lsc0m409-kb29-20220504-0152-e91.fits.fz  59704.094936656  59704.095113519  7670  3.2741e-14  2.6441e-16
lsc0m409-kb29-20220504-0154-e91.fits.fz  59704.111739052  59704.111973762  7670  3.4116e-14  2.3375e-16
lsc0m409-kb29-20220504-0156-e91.fits.fz  59704.117915035  59704.118149781  7670  3.3337e-14  2.1851e-16
lsc0m409-kb29-20220504-0163-e91.fits.fz  59704.130177605  59704.130412361  7670  3.3812e-14  2.3127e-16
lsc0m409-kb29-20220504-0171-e91.fits.fz  59704.138864433  59704.139099144  7670  3.4366e-14  2.5350e-16
cpt0m407-kb87-20220505-0160-e91.fits.fz  59704.813845961  59704.814080684  7670  3.9643e-14  2.1016e-16
cpt0m407-kb87-20220505-0164-e91.fits.fz  59704.820094422  59704.820329167  7670  3.9415e-14  2.0854e-16
cpt0m407-kb87-20220505-0170-e91.fits.fz  59704.830500417  59704.830735186  7670  3.9190e-14  2.0834e-16
cpt0m407-kb87-20220505-0176-e91.fits.fz  59704.840897755  59704.841132524  7670  3.9421e-14  2.1646e-16
cpt0m407-kb87-20220505-0178-e91.fits.fz  59704.844419329  59704.844596170  7670  3.7878e-14  2.6498e-16
cpt0m407-kb87-20220505-0180-e91.fits.fz  59704.851227836  59704.851462605  7670  3.9025e-14  2.1491e-16
cpt0m407-kb87-20220505-0185-e91.fits.fz  59704.861617188  59704.861851957  7670  3.9088e-14  2.1244e-16
cpt0m407-kb87-20220505-0190-e91.fits.fz  59704.872172154  59704.872406945  7670  3.9325e-14  2.1349e-16
cpt0m407-kb87-20220505-0194-e91.fits.fz  59704.882521100  59704.882755868  7670  3.7067e-14  2.0001e-16
cpt0m407-kb87-20220505-0205-e91.fits.fz  59704.893012292  59704.893247061  7670  3.6870e-14  2.0013e-16
cpt0m407-kb87-20220505-0211-e91.fits.fz  59704.903486007  59704.903720776  7670  3.6445e-14  2.0455e-16
cpt0m407-kb87-20220505-0213-e91.fits.fz  59704.913683681  59704.913918461  7670  3.6283e-14  2.1268e-16
cpt0m407-kb87-20220505-0220-e91.fits.fz  59704.924189236  59704.924424005  7670  3.5978e-14  2.0521e-16
cpt0m407-kb87-20220505-0226-e91.fits.fz  59704.934662373  59704.934897130  7670  3.6787e-14  2.1166e-16
cpt0m407-kb87-20220505-0242-e91.fits.fz  59704.945104746  59704.945339526  7670  3.5615e-14  2.0122e-16
cpt0m407-kb87-20220505-0244-e91.fits.fz  59704.955359630  59704.955594341  7670  3.5358e-14  2.0353e-16
lsc0m409-kb29-20220505-0077-e91.fits.fz  59704.968197327  59704.968432084  7670  3.4594e-14  3.3598e-16
lsc0m409-kb29-20220505-0081-e91.fits.fz  59704.976362616  59704.976597466  7670  3.5218e-14  4.2338e-16
lsc0m409-kb29-20220505-0097-e91.fits.fz  59705.011823751  59705.012058589  7670  3.5518e-14  2.3802e-16
lsc0m409-kb29-20220505-0102-e91.fits.fz  59705.018061088  59705.018295845  7670  3.6688e-14  2.2899e-16
lsc0m409-kb29-20220505-0110-e91.fits.fz  59705.028423022  59705.028657860  7670  3.6028e-14  2.7349e-16
lsc0m409-kb29-20220505-0115-e91.fits.fz  59705.038751760  59705.038986540  7670  3.6392e-14  2.4986e-16
lsc0m409-kb29-20220505-0125-e91.fits.fz  59705.049293507  59705.049528299  7670  3.4410e-14  2.3612e-16
lsc0m409-kb29-20220505-0136-e91.fits.fz  59705.060981679  59705.061216447  7670  3.6747e-14  2.2303e-16
lsc0m409-kb29-20220505-0142-e91.fits.fz  59705.070124260  59705.070359017  7670  3.6856e-14  2.5601e-16
lsc0m409-kb29-20220505-0152-e91.fits.fz  59705.080560799  59705.080795556  7670  3.6689e-14  2.3997e-16
lsc0m409-kb29-20220505-0156-e91.fits.fz  59705.090938079  59705.091172859  7670  3.6855e-14  2.3256e-16
lsc0m409-kb29-20220505-0159-e91.fits.fz  59705.101429341  59705.101664144  7670  3.7478e-14  2.5744e-16
lsc0m409-kb29-20220505-0161-e91.fits.fz  59705.111699815  59705.111934630  7670  3.6717e-14  3.3386e-16
lsc0m409-kb29-20220505-0172-e91.fits.fz  59705.122452443  59705.122687223  7670  3.8081e-14  3.0457e-16
lsc0m409-kb29-20220505-0182-e91.fits.fz  59705.132662258  59705.132897038  7670  3.8583e-14  3.2294e-16
lsc0m409-kb29-20220505-0193-e91.fits.fz  59705.143044896  59705.143279607  7670  3.8739e-14  3.5821e-16
lsc0m409-kb29-20220505-0201-e91.fits.fz  59705.155881667  59705.156116424  7670  3.8297e-14  2.7338e-16
lsc0m409-kb29-20220505-0203-e91.fits.fz  59705.163767408  59705.164002165  7670  3.7186e-14  2.4082e-16
lsc0m409-kb29-20220505-0207-e91.fits.fz  59705.174323473  59705.174558253  7670  3.7880e-14  3.1288e-16
cpt0m407-kb87-20220506-0062-e91.fits.fz  59705.787879572  59705.788114375  7670  3.9105e-14  3.1875e-16
cpt0m407-kb87-20220506-0075-e91.fits.fz  59705.797802605  59705.798037339  7670  3.7858e-14  3.0955e-16
cpt0m407-kb87-20220506-0092-e91.fits.fz  59705.808378345  59705.808613114  7670  3.4839e-14  2.1134e-16
cpt0m407-kb87-20220506-0102-e91.fits.fz  59705.821115325  59705.821350093  7670  3.3198e-14  2.1357e-16
lsc0m409-kb29-20220506-0058-e91.fits.fz  59705.957135510  59705.957370301  7670  3.3442e-14  3.4436e-16
lsc0m412-kb26-20220506-0067-e91.fits.fz  59705.965307987  59705.965542767  7670  3.3782e-14  2.8129e-16
lsc0m412-kb26-20220506-0088-e91.fits.fz  59705.988724653  59705.988959433  7670  3.4385e-14  3.7784e-16
lsc0m412-kb26-20220506-0090-e91.fits.fz  59705.990881378  59705.991058311  7670  3.1345e-14  7.9869e-16
lsc0m412-kb26-20220506-0105-e91.fits.fz  59706.004059457  59706.004294191  7670  3.5555e-14  9.3765e-16
lsc0m412-kb26-20220506-0107-e91.fits.fz  59706.010223704  59706.010458427  7670  3.6054e-14  3.8010e-16
lsc0m412-kb26-20220506-0120-e91.fits.fz  59706.023213149  59706.023447917  7670  3.2510e-14  1.1230e-15
lsc0m412-kb26-20220506-0132-e91.fits.fz  59706.044847593  59706.045082339  7670  3.1221e-14  3.7623e-16
lsc0m412-kb26-20220506-0134-e91.fits.fz  59706.051882998  59706.052117755  7670  3.2644e-14  2.4256e-16
lsc0m412-kb26-20220506-0140-e91.fits.fz  59706.062447130  59706.062681899  7670  3.1775e-14  2.3660e-16
lsc0m412-kb26-20220506-0151-e91.fits.fz  59706.074792558  59706.075027408  7670  3.2057e-14  2.4954e-16
lsc0m412-kb26-20220506-0158-e91.fits.fz  59706.086977859  59706.087212605  7670  3.1313e-14  2.3734e-16
lsc0m412-kb26-20220506-0162-e91.fits.fz  59706.093656320  59706.093891089  7670  3.1171e-14  2.3642e-16
lsc0m412-kb26-20220506-0179-e91.fits.fz  59706.108275209  59706.108509978  7670  3.3288e-14  2.6780e-16
lsc0m412-kb26-20220506-0181-e91.fits.fz  59706.114390961  59706.114625730  7670  3.3820e-14  2.7298e-16
lsc0m412-kb26-20220506-0186-e91.fits.fz  59706.124931864  59706.125166609  7670  3.4109e-14  3.0555e-16
lsc0m412-kb26-20220506-0200-e91.fits.fz  59706.137405001  59706.137639769  7670  3.3336e-14  2.5113e-16
lsc0m412-kb26-20220506-0204-e91.fits.fz  59706.145708253  59706.145943021  7670  3.3556e-14  2.5655e-16
lsc0m412-kb26-20220506-0217-e91.fits.fz  59706.157974040  59706.158208773  7670  2.9979e-14  2.4224e-16
lsc0m409-kb29-20220506-0122-e91.fits.fz  59706.167219109  59706.167453808  7670  2.9258e-14  2.0530e-16
cpt0m407-kb87-20220508-0069-e91.fits.fz  59707.705026690  59707.705203577  7670  3.2221e-14  2.4858e-16
cpt0m407-kb87-20220508-0127-e91.fits.fz  59707.794978172  59707.795155024  7670  2.8669e-14  3.6472e-16
lsc0m409-kb29-20220508-0149-e91.fits.fz  59708.160164353  59708.160399190  7670  2.8465e-14  2.1980e-16
cpt0m407-kb87-20220509-0114-e91.fits.fz  59708.792390614  59708.792567500  7670  2.2842e-14  2.1264e-16
cpt0m407-kb87-20220510-0072-e91.fits.fz  59709.806460707  59709.806695475  7670  3.4440e-14  2.0281e-16
cpt0m407-kb87-20220510-0100-e91.fits.fz  59709.831411204  59709.831588102  7670  3.5905e-14  2.5296e-16
cpt0m407-kb87-20220511-0136-e91.fits.fz  59710.796773797  59710.796950695  7670  3.8844e-14  2.6022e-16
lsc0m409-kb29-20220511-0068-e91.fits.fz  59710.959789028  59710.960023774  7670  3.4386e-14  3.7549e-16
cpt0m407-kb87-20220512-0114-e91.fits.fz  59711.788882095  59711.789116829  7670  2.7210e-14  1.9022e-16
cpt0m407-kb87-20220512-0134-e91.fits.fz  59711.827139086  59711.827315984  7670  2.8948e-14  2.3805e-16
cpt0m407-kb87-20220513-0075-e91.fits.fz  59712.705474376  59712.705709144  7670  2.1478e-14  1.7157e-16
cpt0m407-kb87-20220513-0132-e91.fits.fz  59712.799358102  59712.799535001  7670  2.1250e-14  6.5325e-16
lsc0m412-kb26-20220515-0065-e91.fits.fz  59714.953330302  59714.953565070  7670  2.4571e-14  3.3258e-16
lsc0m409-kb29-20220515-0058-e91.fits.fz  59714.953484271  59714.953661169  7670  2.4180e-14  3.1910e-16
cpt0m407-kb87-20220516-0065-e91.fits.fz  59715.704123901  59715.704358658  7670  2.2040e-14  1.9303e-16
cpt0m407-kb87-20220516-0141-e91.fits.fz  59715.822350336  59715.822527200  7670  2.3838e-14  2.3298e-16
lsc0m412-kb26-20220517-0058-e91.fits.fz  59716.952757929  59716.952934839  7670  2.8237e-14  3.6425e-16
lsc0m412-kb26-20220517-0066-e91.fits.fz  59716.961250082  59716.961484839  7670  3.2343e-14  2.9984e-16
lsc0m409-kb29-20220518-0072-e91.fits.fz  59717.958489549  59717.958724353  7670  2.6721e-14  1.2875e-15
lsc0m409-kb29-20220519-0058-e91.fits.fz  59718.952095903  59718.952330660  7670  2.2081e-14  2.4314e-16
lsc0m409-kb29-20220520-0098-e91.fits.fz  59720.101261285  59720.101496077  7670  2.9026e-14  6.4740e-16
cpt0m407-kb87-20220521-0064-e91.fits.fz  59720.699950394  59720.700185151  7670  2.5722e-14  1.8925e-16
coj0m405-kb88-20220724-0083-e91.fits.fz  59784.382659781  59784.382836633  7670  2.4529e-14  1.9145e-16
lsc1m009-fa04-20220725-0006-e91.fits.fz  59785.985280857  59785.985326829  7670  2.3954e-14  8.9268e-17
lsc1m005-fa15-20220726-0059-e91.fits.fz  59786.960393114  59786.960439133  7670  2.3951e-14  1.2967e-16
lsc1m009-fa04-20220728-0061-e91.fits.fz  59788.973267315  59788.973313334  7670  3.0379e-14  2.1790e-16
lsc1m009-fa04-20220729-0067-e91.fits.fz  59789.991891181  59789.991937200  7670  3.4165e-14  1.4085e-16
cpt1m012-fa06-20220730-0067-e91.fits.fz  59790.725803056  59790.725849075  7670  3.0185e-14  1.5798e-16
lsc1m009-fa04-20220731-0059-e91.fits.fz  59791.986866806  59791.986912778  7670  3.1360e-14  1.0287e-16
lsc1m005-fa15-20220802-0059-e91.fits.fz  59793.962872223  59793.962918195  7670  2.2729e-14  1.5032e-16
lsc1m009-fa04-20220803-0059-e91.fits.fz  59794.963271794  59794.963317767  7670  2.3708e-14  1.0799e-16
