       0.7080824351421953
       0.7088325523853918
       0.7095826703258483
       0.7103327889635640
       0.7110829082985406
       0.7118330283307763
       0.7125831490602703
       0.7133332704870261
       0.7140833926110393
       0.7148335154323124
       0.7155836389508456
       0.7163337631666380
       0.7170838880796904
       0.7178340136900037
       0.7185841399975743
       0.7193342670024059
       0.7200843947044957
       0.7208345231038464
       0.7215846522004563
       0.7223347819943253
       0.7230849124854544
       0.7238350436738417
       0.7245851755594899
       0.7253353081423972
       0.7260854414225646
       0.7268355753999929
       0.7275857100746785
       0.7283358454466242
       0.7290859815158290
       0.7298361182822948
       0.7305862557460188
       0.7313363939070028
       0.7320865327652459
       0.7328366723207509
       0.7335868125735123
       0.7343369535235356
       0.7350870951708171
       0.7358372375153586
       0.7365873805571601
       0.7373375242962199
       0.7380876687325406
       0.7388378138661196
       0.7395879596969595
       0.7403381062250585
       0.7410882534504175
       0.7418384013730357
       0.7425885499929130
       0.7433386993100495
       0.7440888493244469
       0.7448390000361025
       0.7455891514450190
       0.7463393035511947
       0.7470894563546286
       0.7478396098553235
       0.7485897640532784
       0.7493399189484924
       0.7500900745409647
       0.7508402308306978
       0.7515903878176902
       0.7523405455019425
       0.7530907038834540
       0.7538408629622246
       0.7545910227382553
       0.7553411832115451
       0.7560913443820958
       0.7568415062499056
       0.7575916688149746
       0.7583418320773028
       0.7590919960368909
       0.7598421606937382
       0.7605923260478455
       0.7613424920992120
       0.7620926588478394
       0.7628428262937259
       0.7635929944368698
       0.7643431632772764
       0.7650933328149403
       0.7658435030498643
       0.7665936739820474
       0.7673438456114914
       0.7680940179381945
       0.7688441909621568
       0.7695943646833783
       0.7703445391018606
       0.7710947142176021
       0.7718448900306019
       0.7725950665408625
       0.7733452437483823
       0.7740954216531621
       0.7748456002552011
       0.7755957795545001
       0.7763459595510573
       0.7770961402448764
       0.7778463216359537
       0.7785965037242901
       0.7793466865098866
       0.7800968699927413
       0.7808470541728578
       0.7815972390502326
       0.7823474246248674
       0.7830976108967613
       0.7838477978659162
       0.7845979855323293
       0.7853481738960015
       0.7860983629569338
       0.7868485527151270
       0.7875987431705775
       0.7883489343232890
       0.7890991261732605
       0.7898493187204911
       0.7905995119649800
       0.7913497059067298
       0.7920999005457396
       0.7928500958820077
       0.7936002919155358
       0.7943504886463240
       0.7951006860743712
       0.7958508841996785
       0.7966010830222450
       0.7973512825420705
       0.7981014827591562
       0.7988516836735018
       0.7996018852851057
       0.8003520875939705
       0.8011022906000953
       0.8018524943034784
       0.8026026987041206
       0.8033529038020237
       0.8041031095971860
       0.8048533160896074
       0.8056035232792889
       0.8063537311662294
       0.8071039397504300
       0.8078541490318907
       0.8086043590106105
       0.8093545696865885
       0.8101047810598274
       0.8108549931303255
       0.8116052058980836
       0.8123554193631009
       0.8131056335253772
       0.8138558483849154
       0.8146060639417101
       0.8153562801957666
       0.8161064971470813
       0.8168567147956560
       0.8176069331414917
       0.8183571521845838
       0.8191073719249378
       0.8198575923625508
       0.8206078134974240
       0.8213580353295553
       0.8221082578589476
       0.8228584810855999
       0.8236087050095104
       0.8243589296306810
       0.8251091549491099
       0.8258593809647996
       0.8266096076777485
       0.8273598350879583
       0.8281100631954263
       0.8288602920001544
       0.8296105215021417
       0.8303607517013889
       0.8311109825978953
       0.8318612141916608
       0.8326114464826873
       0.8333616794709719
       0.8341119131565176
       0.8348621475393214
       0.8356123826193853
       0.8363626183967092
       0.8371128548712932
       0.8378630920431354
       0.8386133299122376
       0.8393635684785989
       0.8401138077422212
       0.8408640477031009
       0.8416142883612423
       0.8423645297166420
       0.8431147717693017
       0.8438650145192215
       0.8446152579664004
       0.8453655021108393
       0.8461157469525364
       0.8468659924914945
       0.8476162387277109
       0.8483664856611872
       0.8491167332919236
       0.8498669816199191
       0.8506172306451738
       0.8513674803676894
       0.8521177307874641
       0.8528679819044980
       0.8536182337187910
       0.8543684862303458
       0.8551187394391571
       0.8558689933452301
       0.8566192479485615
       0.8573695032491528
       0.8581197592470042
       0.8588700159421156
       0.8596202733344853
       0.8603705314241150
       0.8611207902110047
       0.8618710496951527
       0.8626213098765616
       0.8633715707552296
       0.8641218323311568
       0.8648720946043440
       0.8656223575747912
       0.8663726212424967
       0.8671228856074631
       0.8678731506696886
       0.8686234164291733
       0.8693736828859180
       0.8701239500399227
       0.8708742178911848
       0.8716244864397096
       0.8723747556854908
       0.8731250256285348
       0.8738752962688361
       0.8746255676063974
       0.8753758396412188
       0.8761261123732993
       0.8768763858026389
       0.8776266599292395
       0.8783769347530983
       0.8791272102742171
       0.8798774864925960
       0.8806277634082340
       0.8813780410211312
       0.8821283193312883
       0.8828785983387055
       0.8836288780433819
       0.8843791584453182
       0.8851294395445128
       0.8858797213409675
       0.8866300038346822
       0.8873802870256569
       0.8881305709138907
       0.8888808554993846
       0.8896311407821367
       0.8903814267621497
       0.8911317134394210
       0.8918820008139523
       0.8926322888857436
       0.8933825776547950
       0.8941328671211046
       0.8948831572846743
       0.8956334481455039
       0.8963837397035928
       0.8971340319589425
       0.8978843249115505
       0.8986346185614176
       0.8993849129085447
       0.9001352079529319
       0.9008855036945773
       0.9016358001334837
       0.9023860972696491
       0.9031363951030755
       0.9038866936337593
       0.9046369928617031
       0.9053872927869078
       0.9061375934093698
       0.9068878947290937
       0.9076381967460758
       0.9083884994603180
       0.9091388028718193
       0.9098891069805806
       0.9106394117866019
       0.9113897172898806
       0.9121400234904211
       0.9128903303882208
       0.9136406379832795
       0.9143909462755984
       0.9151412552651763
       0.9158915649520143
       0.9166418753361114
       0.9173921864174677
       0.9181424981960848
       0.9188928106719612
       0.9196431238450966
       0.9203934377154921
       0.9211437522831467
       0.9218940675480605
       0.9226443835102343
       0.9233947001696681
       0.9241450175263610
       0.9248953355803131
       0.9256456543315261
       0.9263959737799974
       0.9271462939257287
       0.9278966147687191
       0.9286469363089704
       0.9293972585464800
       0.9301475814812488
       0.9308979051132775
       0.9316482294425663
       0.9323985544691142
       0.9331488801929231
       0.9338992066139902
       0.9346495337323173
       0.9353998615479044
       0.9361501900607498
       0.9369005192708553
       0.9376508491782207
       0.9384011797828453
       0.9391515110847291
       0.9399018430838737
       0.9406521757802766
       0.9414025091739404
       0.9421528432648625
       0.9429031780530446
       0.9436535135384867
       0.9444038497211880
       0.9451541866011484
       0.9459045241783688
       0.9466548624528484
       0.9474052014245880
       0.9481555410935876
       0.9489058814598472
       0.9496562225233642
       0.9504065642841422
       0.9511569067421801
       0.9519072498974763
       0.9526575937500334
       0.9534079382998497
       0.9541582835469251
       0.9549086294912605
       0.9556589761328551
       0.9564093234717097
       0.9571596715078234
       0.9579100202411972
       0.9586603696718292
       0.9594107197997230
       0.9601610706248751
       0.9609114221472863
       0.9616617743669575
       0.9624121272838888
       0.9631624808980792
       0.9639128352095296
       0.9646631902182392
       0.9654135459242088
       0.9661639023274375
       0.9669142594279254
       0.9676646172256733
       0.9684149757206804
       0.9691653349129465
       0.9699156948024745
       0.9706660553892608
       0.9714164166733070
       0.9721667786546115
       0.9729171413331761
       0.9736675047090007
       0.9744178687820853
       0.9751682335524281
       0.9759185990200310
       0.9766689651848939
       0.9774193320470159
       0.9781696996063980
       0.9789200678630401
       0.9796704368169395
       0.9804208064681017
       0.9811711768165212
       0.9819215478622008
       0.9826719196051394
       0.9834222920453382
       0.9841726651827969
       0.9849230390175157
       0.9856734135494927
       0.9864237887787306
       0.9871741647052268
       0.9879245413289830
       0.9886749186499983
       0.9894252966682737
       0.9901756753838082
       0.9909260547966028
       0.9916764349066565
       0.9924268157139702
       0.9931771972185439
       0.9939275794203768
       0.9946779623194688
       0.9954283459158209
       0.9961787302094320
       0.9969291152003033
       0.9976795008884336
       0.9984298872738240
       0.9991802743564744
       0.9999306621363839
       1.0000000000000000
       1.0000000000000000
       1.0000000000000000
       1.0000000000000000
       1.0000000000000000
       1.0000000000000000
       1.0000000000000000
       1.0000000000000000
       1.0000000000000000
       1.0000000000000000
       1.0000000000000000
       1.0000000000000000
       1.0000000000000000
       1.0000000000000000
       1.0000000000000000
       1.0000000000000000
       1.0000000000000000
       1.0000000000000000
       1.0000000000000000
       1.0000000000000000
       1.0000000000000000
       1.0000000000000000
       1.0000000000000000
       1.0000000000000000
       1.0000000000000000
       1.0000000000000000
       1.0000000000000000
       1.0000000000000000
       1.0000000000000000
       1.0000000000000000
       1.0000000000000000
       1.0000000000000000
       1.0000000000000000
       1.0000000000000000
       1.0000000000000000
       1.0000000000000000
       1.0000000000000000
       1.0000000000000000
       1.0000000000000000
       1.0000000000000000
       1.0000000000000000
       1.0000000000000000
       1.0000000000000000
       1.0000000000000000
       1.0000000000000000
       1.0000000000000000
       1.0000000000000000
       1.0000000000000000
       1.0000000000000000
       1.0000000000000000
       1.0000000000000000
       1.0000000000000000
       1.0000000000000000
       1.0000000000000000
       1.0000000000000000
       1.0000000000000000
       1.0000000000000000
       1.0000000000000000
       1.0000000000000000
       1.0000000000000000
       1.0000000000000000
       1.0000000000000000
       1.0000000000000000
       1.0000000000000000
       1.0000000000000000
       1.0000000000000000
       1.0000000000000000
       1.0000000000000000
       1.0000000000000000
       1.0000000000000000
       1.0000000000000000
       1.0000000000000000
       1.0000000000000000
       1.0000000000000000
       1.0000000000000000
       1.0000000000000000
       1.0000000000000000
       1.0000000000000000
       1.0000000000000000
       1.0000000000000000
       1.0000000000000000
       1.0000000000000000
       1.0000000000000000
       1.0000000000000000
       1.0000000000000000
       1.0000000000000000
       1.0000000000000000
       1.0000000000000000
       1.0000000000000000
       1.0000000000000000
       1.0000000000000000
       1.0000000000000000
       1.0000000000000000
       1.0000000000000000
       1.0000000000000000
       1.0000000000000000
       1.0000000000000000
       1.0000000000000000
       1.0000000000000000
       1.0000000000000000
       1.0000000000000000
       1.0000000000000000
       1.0000000000000000
       1.0000000000000000
       1.0000000000000000
       1.0000000000000000
       1.0000000000000000
       1.0000000000000000
       1.0000000000000000
       1.0000000000000000
       1.0000000000000000
       1.0000000000000000
       1.0000000000000000
       1.0000000000000000
       1.0000000000000000
       1.0000000000000000
       1.0000000000000000
       1.0000000000000000
       1.0000000000000000
       1.0000000000000000
       1.0000000000000000
       1.0000000000000000
       1.0000000000000000
       1.0000000000000000
       1.0000000000000000
       1.0000000000000000
       1.0000000000000000
       1.0000000000000000
       1.0000000000000000
       1.0000000000000000
       1.0000000000000000
       1.0000000000000000
       1.0000000000000000
       1.0000000000000000
       1.0000000000000000
       1.0000000000000000
       1.0000000000000000
       1.0000000000000000
       1.0000000000000000
       1.0000000000000000
       1.0000000000000000
       1.0000000000000000
       1.0000000000000000
       1.0000000000000000
       1.0000000000000000
       1.0000000000000000
       1.0000000000000000
       1.0000000000000000
       1.0000000000000000
       1.0000000000000000
       1.0000000000000000
       1.0000000000000000
       1.0000000000000000
       1.0000000000000000
       1.0000000000000000
       1.0000000000000000
       1.0000000000000000
       1.0000000000000000
       1.0000000000000000
       1.0000000000000000
       1.0000000000000000
       1.0000000000000000
       1.0000000000000000
       1.0000000000000000
       1.0000000000000000
       1.0000000000000000
       1.0000000000000000
       1.0000000000000000
       1.0000000000000000
       1.0000000000000000
       1.0000000000000000
       1.0000000000000000
       1.0000000000000000
       1.0000000000000000
       1.0000000000000000
       1.0000000000000000
       1.0000000000000000
       1.0000000000000000
       1.0000000000000000
       1.0000000000000000
       1.0000000000000000
       1.0000000000000000
       1.0000000000000000
       1.0000000000000000
       1.0000000000000000
       1.0000000000000000
       1.0000000000000000
       1.0000000000000000
       1.0000000000000000
       1.0000000000000000
       1.0000000000000000
       1.0000000000000000
       1.0000000000000000
       1.0000000000000000
       1.0000000000000000
       1.0000000000000000
       1.0000000000000000
       1.0000000000000000
       1.0000000000000000
       1.0000000000000000
       1.0000000000000000
       1.0000000000000000
       1.0000000000000000
       1.0000000000000000
       1.0000000000000000
       1.0000000000000000
       1.0000000000000000
       1.0000000000000000
       1.0000000000000000
       1.0000000000000000
       1.0000000000000000
       1.0000000000000000
       1.0000000000000000
       1.0000000000000000
       1.0000000000000000
       1.0000000000000000
       1.0000000000000000
       1.0000000000000000
       1.0000000000000000
       1.0000000000000000
       1.0000000000000000
       1.0000000000000000
       1.0000000000000000
       1.0000000000000000
       1.0000000000000000
       1.0000000000000000
       1.0000000000000000
       1.0000000000000000
       1.0000000000000000
       1.0000000000000000
       1.0000000000000000
       1.0000000000000000
       1.0000000000000000
       1.0000000000000000
       1.0000000000000000
       1.0000000000000000
       1.0000000000000000
       1.0000000000000000
       1.0000000000000000
       1.0000000000000000
       1.0000000000000000
       1.0000000000000000
       1.0000000000000000
       1.0000000000000000
       1.0000000000000000
       1.0000000000000000
       1.0000000000000000
       1.0000000000000000
       1.0000000000000000
       1.0000000000000000
       1.0000000000000000
       1.0000000000000000
       1.0000000000000000
       1.0000000000000000
       1.0000000000000000
       1.0000000000000000
       1.0000000000000000
       1.0000000000000000
       1.0000000000000000
       1.0000000000000000
       1.0000000000000000
       1.0000000000000000
       1.0000000000000000
       1.0000000000000000
       1.0000000000000000
       1.0000000000000000
       1.0000000000000000
       1.0000000000000000
       1.0000000000000000
       1.0000000000000000
       1.0000000000000000
       1.0000000000000000
       1.0000000000000000
       1.0000000000000000
       1.0000000000000000
       1.0000000000000000
       1.0000000000000000
       1.0000000000000000
       1.0000000000000000
       1.0000000000000000
       1.0000000000000000
       1.0000000000000000
       1.0000000000000000
       1.0000000000000000
       1.0000000000000000
       1.0000000000000000
       1.0000000000000000
       1.0000000000000000
       1.0000000000000000
       1.0000000000000000
       1.0000000000000000
       1.0000000000000000
       1.0000000000000000
       1.0000000000000000
       1.0000000000000000
       1.0000000000000000
       1.0000000000000000
       1.0000000000000000
       1.0000000000000000
       1.0000000000000000
       1.0000000000000000
       1.0000000000000000
       1.0000000000000000
       1.0000000000000000
       1.0000000000000000
       1.0000000000000000
       1.0000000000000000
       1.0000000000000000
       1.0000000000000000
       1.0000000000000000
       1.0000000000000000
       1.0000000000000000
       1.0000000000000000
       1.0000000000000000
       1.0000000000000000
       1.0000000000000000
       1.0000000000000000
       1.0000000000000000
       1.0000000000000000
       1.0000000000000000
       1.0000000000000000
       1.0000000000000000
       1.0000000000000000
       1.0000000000000000
       1.0000000000000000
       1.0000000000000000
       1.0000000000000000
       1.0000000000000000
       1.0000000000000000
       1.0000000000000000
       1.0000000000000000
       1.0000000000000000
       1.0000000000000000
       1.0000000000000000
       1.0000000000000000
       1.0000000000000000
       1.0000000000000000
       1.0000000000000000
       1.0000000000000000
       1.0000000000000000
       1.0000000000000000
       1.0000000000000000
       1.0000000000000000
       1.0000000000000000
       1.0000000000000000
       1.0000000000000000
       1.0000000000000000
       1.0000000000000000
       1.0000000000000000
       1.0000000000000000
       1.0000000000000000
       1.0000000000000000
       1.0000000000000000
       1.0000000000000000
       1.0000000000000000
       1.0000000000000000
       1.0000000000000000
       1.0000000000000000
       1.0000000000000000
       1.0000000000000000
       1.0000000000000000
       1.0000000000000000
       1.0000000000000000
       1.0000000000000000
       1.0000000000000000
       1.0000000000000000
       1.0000000000000000
       1.0000000000000000
       1.0000000000000000
       1.0000000000000000
       1.0000000000000000
       1.0000000000000000
       1.0000000000000000
       1.0000000000000000
       1.0000000000000000
       1.0000000000000000
       1.0000000000000000
       1.0000000000000000
       1.0000000000000000
       1.0000000000000000
       1.0000000000000000
       1.0000000000000000
       1.0000000000000000
       1.0000000000000000
       1.0000000000000000
       1.0000000000000000
       1.0000000000000000
       1.0000000000000000
       1.0000000000000000
       1.0000000000000000
       1.0000000000000000
       1.0000000000000000
       1.0000000000000000
       1.0000000000000000
       1.0000000000000000
       1.0000000000000000
       1.0000000000000000
       1.0000000000000000
       1.0000000000000000
       1.0000000000000000
       1.0000000000000000
       1.0000000000000000
       1.0000000000000000
       1.0000000000000000
       1.0000000000000000
       1.0000000000000000
       1.0000000000000000
       1.0000000000000000
       1.0000000000000000
       1.0000000000000000
       1.0000000000000000
       1.0000000000000000
       1.0000000000000000
       1.0000000000000000
       1.0000000000000000
       1.0000000000000000
       1.0000000000000000
       1.0000000000000000
       1.0000000000000000
       1.0000000000000000
       1.0000000000000000
       1.0000000000000000
       1.0000000000000000
       1.0000000000000000
       1.0000000000000000
       1.0000000000000000
       1.0000000000000000
       1.0000000000000000
       1.0000000000000000
       1.0000000000000000
       1.0000000000000000
       1.0000000000000000
       1.0000000000000000
       1.0000000000000000
       1.0000000000000000
       1.0000000000000000
       1.0000000000000000
       1.0000000000000000
       1.0000000000000000
       1.0000000000000000
       1.0000000000000000
       1.0000000000000000
       1.0000000000000000
       1.0000000000000000
       1.0000000000000000
       1.0000000000000000
       1.0000000000000000
       1.0000000000000000
       1.0000000000000000
       1.0000000000000000
       1.0000000000000000
       1.0000000000000000
       1.0000000000000000
       1.0000000000000000
       1.0000000000000000
       1.0000000000000000
       1.0000000000000000
       1.0000000000000000
       1.0000000000000000
       1.0000000000000000
       1.0000000000000000
       1.0000000000000000
       1.0000000000000000
       1.0000000000000000
       1.0000000000000000
       1.0000000000000000
       1.0000000000000000
       1.0000000000000000
       1.0000000000000000
       1.0000000000000000
       1.0000000000000000
       1.0000000000000000
       1.0000000000000000
       1.0000000000000000
       1.0000000000000000
       1.0000000000000000
       1.0000000000000000
       1.0000000000000000
       1.0000000000000000
       1.0000000000000000
       1.0000000000000000
       1.0000000000000000
       1.0000000000000000
       1.0000000000000000
       1.0000000000000000
       1.0000000000000000
       1.0000000000000000
       1.0000000000000000
       1.0000000000000000
       1.0000000000000000
       1.0000000000000000
       1.0000000000000000
       1.0000000000000000
       1.0000000000000000
       1.0000000000000000
       1.0000000000000000
       1.0000000000000000
       1.0000000000000000
       1.0000000000000000
       1.0000000000000000
       1.0000000000000000
       1.0000000000000000
       1.0000000000000000
       1.0000000000000000
       1.0000000000000000
       1.0000000000000000
       1.0000000000000000
       1.0000000000000000
       1.0000000000000000
       1.0000000000000000
       1.0000000000000000
       1.0000000000000000
       1.0000000000000000
       1.0000000000000000
       1.0000000000000000
       1.0000000000000000
       1.0000000000000000
       1.0000000000000000
       1.0000000000000000
       1.0000000000000000
       1.0000000000000000
       1.0000000000000000
       1.0000000000000000
       1.0000000000000000
       1.0000000000000000
       1.0000000000000000
       1.0000000000000000
       1.0000000000000000
       1.0000000000000000
       1.0000000000000000
       1.0000000000000000
       1.0000000000000000
       1.0000000000000000
       1.0000000000000000
       1.0000000000000000
       1.0000000000000000
       1.0000000000000000
       1.0000000000000000
       1.0000000000000000
       1.0000000000000000
       1.0000000000000000
       1.0000000000000000
       1.0000000000000000
       1.0000000000000000
       1.0000000000000000
       1.0000000000000000
       1.0000000000000000
       1.0000000000000000
       1.0000000000000000
       1.0000000000000000
       1.0000000000000000
       1.0000000000000000
       1.0000000000000000
       1.0000000000000000
       1.0000000000000000
       1.0000000000000000
       1.0000000000000000
       1.0000000000000000
       1.0000000000000000
       1.0000000000000000
       1.0000000000000000
       1.0000000000000000
       1.0000000000000000
       1.0000000000000000
       1.0000000000000000
       1.0000000000000000
       1.0000000000000000
       1.0000000000000000
       1.0000000000000000
       1.0000000000000000
       1.0000000000000000
       1.0000000000000000
       1.0000000000000000
       1.0000000000000000
       1.0000000000000000
       1.0000000000000000
       1.0000000000000000
       1.0000000000000000
       1.0000000000000000
       1.0000000000000000
       1.0000000000000000
       1.0000000000000000
       1.0000000000000000
       1.0000000000000000
       1.0000000000000000
       1.0000000000000000
       1.0000000000000000
       1.0000000000000000
       1.0000000000000000
       1.0000000000000000
       1.0000000000000000
       1.0000000000000000
       1.0000000000000000
       1.0000000000000000
       1.0000000000000000
       1.0000000000000000
       1.0000000000000000
       1.0000000000000000
       1.0000000000000000
       1.0000000000000000
       1.0000000000000000
       1.0000000000000000
       1.0000000000000000
       1.0000000000000000
       1.0000000000000000
       1.0000000000000000
       1.0000000000000000
       1.0000000000000000
       1.0000000000000000
       1.0000000000000000
       1.0000000000000000
       1.0000000000000000
       1.0000000000000000
       1.0000000000000000
       1.0000000000000000
       1.0000000000000000
       1.0000000000000000
       1.0000000000000000
       1.0000000000000000
       1.0000000000000000
       1.0000000000000000
       1.0000000000000000
       1.0000000000000000
       1.0000000000000000
       1.0000000000000000
       1.0000000000000000
       1.0000000000000000
       1.0000000000000000
       1.0000000000000000
       1.0000000000000000
       1.0000000000000000
       1.0000000000000000
       1.0000000000000000
       1.0000000000000000
       1.0000000000000000
       1.0000000000000000
       1.0000000000000000
       1.0000000000000000
       1.0000000000000000
       1.0000000000000000
       1.0000000000000000
       1.0000000000000000
       1.0000000000000000
       1.0000000000000000
       1.0000000000000000
       1.0000000000000000
       1.0000000000000000
       1.0000000000000000
       1.0000000000000000
       1.0000000000000000
       1.0000000000000000
       1.0000000000000000
       1.0000000000000000
       1.0000000000000000
       1.0000000000000000
       1.0000000000000000
       1.0000000000000000
       1.0000000000000000
       1.0000000000000000
       1.0000000000000000
       1.0000000000000000
       1.0000000000000000
       1.0000000000000000
       1.0000000000000000
       1.0000000000000000
       1.0000000000000000
       1.0000000000000000
       1.0000000000000000
       1.0000000000000000
       1.0000000000000000
       1.0000000000000000
       1.0000000000000000
       1.0000000000000000
       1.0000000000000000
       1.0000000000000000
       1.0000000000000000
       1.0000000000000000
       1.0000000000000000
       1.0000000000000000
       1.0000000000000000
       1.0000000000000000
       1.0000000000000000
       1.0000000000000000
       1.0000000000000000
       1.0000000000000000
       1.0000000000000000
       1.0000000000000000
       1.0000000000000000
       1.0000000000000000
       1.0000000000000000
       1.0000000000000000
       1.0000000000000000
       1.0000000000000000
       1.0000000000000000
       1.0000000000000000
       1.0000000000000000
       1.0000000000000000
       1.0000000000000000
       1.0000000000000000
       1.0000000000000000
       1.0000000000000000
       1.0000000000000000
       1.0000000000000000
       1.0000000000000000
       1.0000000000000000
       1.0000000000000000
       1.0000000000000000
       1.0000000000000000
       1.0000000000000000
       1.0000000000000000
       1.0000000000000000
       1.0000000000000000
       1.0000000000000000
       1.0000000000000000
       1.0000000000000000
       1.0000000000000000
       1.0000000000000000
       1.0000000000000000
       1.0000000000000000
       1.0000000000000000
       1.0000000000000000
       1.0000000000000000
       1.0000000000000000
       1.0000000000000000
       1.0000000000000000
       1.0000000000000000
       1.0000000000000000
       1.0000000000000000
       1.0000000000000000
       1.0000000000000000
       1.0000000000000000
       1.0000000000000000
       1.0000000000000000
       1.0000000000000000
       1.0000000000000000
       1.0000000000000000
       1.0000000000000000
       1.0000000000000000
       1.0000000000000000
       1.0000000000000000
       1.0000000000000000
       1.0000000000000000
       1.0000000000000000
       1.0000000000000000
       1.0000000000000000
       1.0000000000000000
       1.0000000000000000
       1.0000000000000000
       1.0000000000000000
       1.0000000000000000
       1.0000000000000000
       1.0000000000000000
       1.0000000000000000
       1.0000000000000000
       1.0000000000000000
       1.0000000000000000
       1.0000000000000000
       1.0000000000000000
       1.0000000000000000
       1.0000000000000000
       1.0000000000000000
       1.0000000000000000
       1.0000000000000000
       1.0000000000000000
       1.0000000000000000
       1.0000000000000000
       1.0000000000000000
       1.0000000000000000
       1.0000000000000000
       1.0000000000000000
       1.0000000000000000
       1.0000000000000000
       1.0000000000000000
       1.0000000000000000
       1.0000000000000000
       1.0000000000000000
       1.0000000000000000
       1.0000000000000000
       1.0000000000000000
       1.0000000000000000
       1.0000000000000000
       1.0000000000000000
       1.0000000000000000
       1.0000000000000000
       1.0000000000000000
       1.0000000000000000
       1.0000000000000000
       1.0000000000000000
       1.0000000000000000
       1.0000000000000000
       1.0000000000000000
       1.0000000000000000
       1.0000000000000000
       1.0000000000000000
       1.0000000000000000
       1.0000000000000000
       1.0000000000000000
       1.0000000000000000
       1.0000000000000000
       1.0000000000000000
       1.0000000000000000
       1.0000000000000000
       1.0000000000000000
       1.0000000000000000
       1.0000000000000000
       1.0000000000000000
       1.0000000000000000
       1.0000000000000000
       1.0000000000000000
       1.0000000000000000
       1.0000000000000000
       1.0000000000000000
       1.0000000000000000
       1.0000000000000000
       1.0000000000000000
       1.0000000000000000
       1.0000000000000000
       1.0000000000000000
       1.0000000000000000
       1.0000000000000000
       1.0000000000000000
       1.0000000000000000
       1.0000000000000000
       1.0000000000000000
       1.0000000000000000
       1.0000000000000000
       1.0000000000000000
       1.0000000000000000
       1.0000000000000000
       1.0000000000000000
       1.0000000000000000
       1.0000000000000000
       1.0000000000000000
       1.0000000000000000
       1.0000000000000000
       1.0000000000000000
       1.0000000000000000
       1.0000000000000000
       1.0000000000000000
       1.0000000000000000
       1.0000000000000000
       1.0000000000000000
       1.0000000000000000
       1.0000000000000000
       1.0000000000000000
       1.0000000000000000
       1.0000000000000000
       1.0000000000000000
       1.0000000000000000
       1.0000000000000000
       1.0000000000000000
       1.0000000000000000
       1.0000000000000000
       1.0000000000000000
       1.0000000000000000
       1.0000000000000000
       1.0000000000000000
       1.0000000000000000
       1.0000000000000000
       1.0000000000000000
       1.0000000000000000
       1.0000000000000000
       1.0000000000000000
       1.0000000000000000
       1.0000000000000000
       1.0000000000000000
       1.0000000000000000
       1.0000000000000000
       1.0000000000000000
       1.0000000000000000
       1.0000000000000000
       1.0000000000000000
       1.0000000000000000
       1.0000000000000000
       1.0000000000000000
       1.0000000000000000
       1.0000000000000000
       1.0000000000000000
       1.0000000000000000
       1.0000000000000000
       1.0000000000000000
       1.0000000000000000
       1.0000000000000000
       1.0000000000000000
