radeg,raerr("),decdeg,decerr("),Johnson_V (V),Verr,Vnobs,Johnson_B (B),Berr,Bnobs,Sloan_u (SU),SUerr,SUnobs,Sloan_g (SG),SGerr,SGnobs,Sloan_r (SR),SRerr,SRnobs,Sloan_i (SI),SIerr,SInobs,Sloan_z (SZ),SZerr,SZnobs,PanSTARRS_Y (Y),Yerr,Ynobs
84.812817,0.19,-0.50736,0.167,13.841,0.104,17,14.352,0.045,17,NA,NA,0,14.021,0.03,17,13.669,0.121,16,13.554,0.152,17,13.336,0.059,2,NA,NA,0
84.816237,0.57,-0.51138,0.503,17.055,0.187,4,17.686,0.181,4,NA,NA,0,17.368,0.054,6,16.838,0.15,6,NA,NA,0,NA,NA,0,NA,NA,0
84.820446,0.688,-0.448228,0.558,16.291,0.113,15,17.013,0.094,15,NA,NA,0,16.589,0.056,16,16.051,0.168,16,15.729,0.126,11,NA,NA,0,NA,NA,0
84.822261,0.606,-0.593418,0.668,17.189,0.099,2,18.105,0.086,2,NA,NA,0,17.751,0.172,8,16.962,0.131,8,16.415,0.084,4,NA,NA,0,NA,NA,0
84.824218,0.269,-0.557874,0.338,NA,NA,0,NA,NA,0,NA,NA,0,18.254,0.082,3,17.163,0.22,3,NA,NA,0,NA,NA,0,NA,NA,0
84.827837,0.775,-0.582444,0.518,17.021,0.235,10,17.651,0.165,10,NA,NA,0,17.281,0.069,9,16.683,0.116,9,16.44,0.236,1,NA,NA,0,NA,NA,0
84.827992,0.85,-0.614225,0.491,17.634,0.057,2,18.213,0.149,2,NA,NA,0,17.989,0.156,7,17.19,0.162,7,16.594,0.197,2,NA,NA,0,NA,NA,0
84.828803,0.228,-0.4643,0.184,14.616,0.096,18,15.184,0.052,18,NA,NA,0,14.827,0.032,18,14.412,0.123,16,14.231,0.142,18,NA,NA,0,NA,NA,0
84.831034,0.563,-0.446441,0.58,17.225,0.142,7,17.942,0.114,7,NA,NA,0,17.557,0.087,10,16.908,0.073,10,16.384,0.05,2,NA,NA,0,NA,NA,0
84.832034,0.71,-0.539698,0.632,16.663,0.125,12,17.352,0.16,12,NA,NA,0,16.927,0.045,12,16.44,0.083,12,16.18,0.099,8,NA,NA,0,NA,NA,0
84.832144,0.595,-0.600037,0.649,17.484,0.228,1,18.76,0.512,1,NA,NA,0,17.811,0.063,6,16.847,0.192,6,16.38,0.124,4,NA,NA,0,NA,NA,0
84.83383,0.44,-0.435027,0.359,15.533,0.106,16,16.199,0.083,16,NA,NA,0,15.815,0.055,16,15.287,0.133,16,15.068,0.175,16,NA,NA,0,NA,NA,0
84.838772,0.626,-0.578906,0.449,16.052,0.134,16,16.671,0.08,16,NA,NA,0,16.268,0.05,16,15.81,0.133,15,15.676,0.138,13,NA,NA,0,NA,NA,0
84.840069,0.636,-0.482366,0.661,17.563,0.009,3,18.125,0.129,3,NA,NA,0,17.777,0.083,7,17.26,0.231,7,NA,NA,0,NA,NA,0,NA,NA,0
84.840811,0.72,-0.50687,0.666,16.666,0.104,13,17.44,0.166,13,NA,NA,0,17.003,0.087,14,16.379,0.132,14,16.048,0.174,10,NA,NA,0,NA,NA,0
84.84127,0.288,-0.417876,0.31,15.119,0.111,18,15.744,0.051,18,NA,NA,0,15.378,0.046,18,14.887,0.14,16,14.673,0.146,16,NA,NA,0,NA,NA,0
84.842524,0.313,-0.449939,0.273,14.973,0.102,17,15.454,0.067,17,NA,NA,0,15.136,0.04,17,14.815,0.123,17,14.61,0.131,15,NA,NA,0,NA,NA,0
84.843171,0.743,-0.573568,0.935,17.227,0.047,2,18.079,0.026,2,NA,NA,0,17.854,0.098,8,16.927,0.292,8,16.386,0.07,2,NA,NA,0,NA,NA,0
84.845109,0.724,-0.618,0.703,NA,NA,0,NA,NA,0,NA,NA,0,17.613,0.153,11,16.635,0.169,11,16.076,0.128,8,NA,NA,0,NA,NA,0
84.846097,0.732,-0.441611,0.408,NA,NA,0,NA,NA,0,NA,NA,0,18.261,0.24,3,16.812,0.065,3,15.951,0.04,3,NA,NA,0,NA,NA,0
84.84622,0.766,-0.594369,0.585,15.469,0.104,13,16.22,0.064,13,NA,NA,0,15.783,0.055,12,15.137,0.115,12,14.811,0.097,11,NA,NA,0,NA,NA,0
84.847045,0.308,-0.474891,0.245,14.916,0.099,18,15.552,0.128,18,NA,NA,0,15.174,0.028,18,14.681,0.13,17,14.455,0.134,16,13.854,0.221,1,NA,NA,0
84.847137,0.607,-0.558856,0.526,16.092,0.104,16,17.085,0.146,16,NA,NA,0,16.508,0.053,16,15.695,0.152,15,15.351,0.197,14,NA,NA,0,NA,NA,0
84.847409,0.696,-0.659601,0.566,16.324,0.123,14,16.934,0.092,14,NA,NA,0,16.547,0.055,15,16.113,0.122,15,15.949,0.186,10,NA,NA,0,NA,NA,0
84.847628,0.891,-0.489691,0.708,16.602,0.108,13,17.455,0.133,13,NA,NA,0,17.05,0.091,13,16.302,0.178,13,15.9,0.12,9,NA,NA,0,NA,NA,0
84.848973,1.157,-0.612552,1.277,16.882,0.134,2,17.698,0.145,2,NA,NA,0,17.23,0.052,4,16.219,0.049,4,15.153,0.017,2,NA,NA,0,NA,NA,0
84.849042,0.44,-0.529493,0.324,15.491,0.096,18,16.472,0.091,18,NA,NA,0,15.901,0.034,18,15.104,0.134,18,14.763,0.127,16,NA,NA,0,NA,NA,0
84.849283,0.551,-0.611279,0.187,16.855,0.119,1,17.518,0.151,1,NA,NA,0,NA,NA,0,NA,NA,0,NA,NA,0,NA,NA,0,NA,NA,0
84.851584,0.702,-0.378091,0.585,17.668,0.143,2,17.847,0.094,2,NA,NA,0,17.924,0.094,3,17.226,0.171,3,NA,NA,0,NA,NA,0,NA,NA,0
84.851851,0.183,-0.654941,0.189,NA,NA,0,NA,NA,0,NA,NA,0,18.356,0.21,1,17.506,0.198,1,NA,NA,0,NA,NA,0,NA,NA,0
84.852335,0.538,-0.580815,0.553,16.439,0.137,14,17.63,0.178,14,NA,NA,0,16.993,0.098,16,15.919,0.145,16,15.515,0.196,11,NA,NA,0,NA,NA,0
84.853677,0.681,-0.548911,0.478,17.331,0.163,1,17.929,0.216,1,NA,NA,0,17.83,0.126,7,16.916,0.108,7,16.53,0.056,2,NA,NA,0,NA,NA,0
84.855937,0.283,-0.520581,0.265,14.916,0.112,17,15.816,0.044,17,NA,NA,0,15.282,0.037,17,14.609,0.128,16,14.353,0.145,16,NA,NA,0,NA,NA,0
84.856098,0.245,-0.463969,0.237,16.743,0.122,1,17.215,0.118,1,NA,NA,0,NA,NA,0,NA,NA,0,NA,NA,0,NA,NA,0,NA,NA,0
84.856217,1.593,-0.608128,1.145,16.629,0.12,10,17.384,0.157,10,NA,NA,0,16.898,0.052,7,16.231,0.061,5,15.752,0.094,4,NA,NA,0,NA,NA,0
84.858238,0.525,-0.67185,0.686,17.274,0.124,9,17.662,0.099,9,NA,NA,0,17.359,0.068,8,17.126,0.135,8,NA,NA,0,NA,NA,0,NA,NA,0
84.86046,0.342,-0.445404,0.425,15.661,0.107,18,16.702,0.069,18,NA,NA,0,16.105,0.044,18,15.306,0.135,18,14.92,0.15,16,NA,NA,0,NA,NA,0
84.86226,0.147,-0.578198,0.095,12.213,0.104,18,12.692,0.032,18,NA,NA,0,12.371,0.03,18,12.049,0.14,17,11.964,0.146,18,11.894,0.042,3,NA,NA,0
84.865038,0.643,-0.548582,0.829,17.401,0.312,4,17.921,0.107,4,NA,NA,0,17.504,0.058,7,16.933,0.079,7,16.535,0.045,2,NA,NA,0,NA,NA,0
84.866099,0.381,-0.402533,0.233,14.242,0.106,17,14.812,0.046,17,NA,NA,0,14.465,0.029,17,14.059,0.129,17,13.871,0.138,17,13.659,0.186,1,NA,NA,0
84.866723,0.309,-0.416099,0.219,14.795,0.1,18,15.915,0.069,18,NA,NA,0,15.31,0.042,18,14.286,0.146,18,13.832,0.133,18,13.824,0.018,2,NA,NA,0
84.866931,0.645,-0.395124,0.57,16.822,0.146,11,17.503,0.094,11,NA,NA,0,17.147,0.096,13,16.562,0.154,13,16.297,0.203,7,NA,NA,0,NA,NA,0
84.867199,0.7,-0.683605,0.713,16.919,0.154,13,17.45,0.154,13,NA,NA,0,17.158,0.106,12,16.729,0.165,12,16.426,0.08,3,NA,NA,0,NA,NA,0
84.867338,0.62,-0.55671,0.595,16.072,0.127,16,16.812,0.077,16,NA,NA,0,16.373,0.05,17,15.807,0.136,17,15.534,0.173,10,NA,NA,0,NA,NA,0
84.868885,0.592,-0.593219,0.572,16.48,0.113,14,17.437,0.174,14,NA,NA,0,16.897,0.072,13,16.129,0.16,13,15.754,0.108,10,NA,NA,0,NA,NA,0
84.869116,0.778,-0.539417,0.541,16.555,0.185,15,17.32,0.156,15,NA,NA,0,16.841,0.074,15,16.282,0.149,15,15.971,0.133,9,NA,NA,0,NA,NA,0
84.869728,0.235,-0.649663,0.225,14.709,0.105,18,15.405,0.027,18,NA,NA,0,14.989,0.048,17,14.459,0.142,16,14.286,0.166,17,NA,NA,0,NA,NA,0
84.870006,0.755,-0.458255,0.848,17.58,0.005,2,17.977,0.009,2,NA,NA,0,17.835,0.108,7,17.187,0.098,7,NA,NA,0,NA,NA,0,NA,NA,0
84.870413,0.31,-0.373814,0.65,15.976,0.046,1,16.624,0.054,1,NA,NA,0,16.205,0.024,1,15.674,0.039,1,15.389,0.077,1,NA,NA,0,NA,NA,0
84.870497,0.436,-0.559675,0.391,17.302,0.176,1,18.079,0.249,1,NA,NA,0,17.643,0.109,5,17.066,0.128,5,NA,NA,0,NA,NA,0,NA,NA,0
84.870717,0.475,-0.581975,0.344,15.89,0.091,15,16.707,0.068,15,NA,NA,0,16.224,0.036,16,15.624,0.117,16,15.348,0.188,12,NA,NA,0,NA,NA,0
84.872091,0.649,-0.656229,0.487,16.165,0.102,15,17.556,0.201,15,NA,NA,0,16.828,0.081,15,15.477,0.184,14,14.799,0.184,12,NA,NA,0,NA,NA,0
84.872868,0.47,-0.554516,1.04,14.582,0.109,18,15.211,0.052,18,NA,NA,0,14.814,0.033,18,14.342,0.15,18,14.121,0.135,16,NA,NA,0,NA,NA,0
84.873094,0.111,-0.528063,0.091,11.489,0.1,18,11.687,0.038,18,NA,NA,0,11.497,0.029,18,11.489,0.117,18,11.539,0.135,18,11.58,0.059,3,NA,NA,0
84.873677,0.388,-0.551563,0.326,15.74,0.062,7,16.526,0.098,7,NA,NA,0,16.096,0.039,6,15.503,0.096,6,15.29,0.154,6,NA,NA,0,NA,NA,0
84.874752,0.629,-0.493338,0.461,16.904,0.137,9,17.848,0.17,9,NA,NA,0,17.37,0.091,12,16.444,0.21,11,16.019,0.178,8,NA,NA,0,NA,NA,0
84.874924,0.576,-0.47312,0.588,16.665,0.164,13,17.454,0.098,13,NA,NA,0,17.009,0.099,15,16.411,0.143,15,15.981,0.112,8,NA,NA,0,NA,NA,0
84.875661,0.649,-0.343031,0.54,17.324,0.112,7,18.064,0.127,7,NA,NA,0,17.722,0.157,8,17.06,0.184,8,16.196,0.202,1,NA,NA,0,NA,NA,0
84.876091,0.53,-0.569956,0.581,16.158,0.096,15,16.789,0.1,15,NA,NA,0,16.387,0.078,14,15.913,0.16,14,15.727,0.2,10,NA,NA,0,NA,NA,0
84.87769,0.891,-0.674021,0.578,16.57,0.164,15,17.215,0.13,15,NA,NA,0,16.855,0.071,14,16.284,0.195,14,15.974,0.25,9,NA,NA,0,NA,NA,0
84.878461,0.13,-0.6308,0.124,12.893,0.113,17,13.523,0.028,17,NA,NA,0,13.141,0.032,17,12.646,0.15,17,12.46,0.166,17,12.289,0.123,3,NA,NA,0
84.879621,0.854,-0.610633,0.686,17.249,0.1,4,18.082,0.233,4,NA,NA,0,17.661,0.062,9,16.905,0.17,9,16.505,0.079,4,NA,NA,0,NA,NA,0
84.880165,0.843,-0.560752,0.659,16.506,0.07,9,17.145,0.159,9,NA,NA,0,16.744,0.086,9,16.219,0.08,9,16.009,0.235,6,NA,NA,0,NA,NA,0
84.880204,0.558,-0.355229,0.548,16.794,0.103,11,17.769,0.151,11,NA,NA,0,17.264,0.088,14,16.503,0.129,14,16.169,0.097,9,NA,NA,0,NA,NA,0
84.883054,0.113,-0.467631,0.145,13.31,0.096,18,13.845,0.044,18,NA,NA,0,13.511,0.027,18,13.137,0.131,17,12.954,0.131,18,12.801,0.04,2,NA,NA,0
84.88319,0.142,-0.423974,0.135,12.206,0.091,18,12.656,0.041,18,NA,NA,0,12.359,0.028,18,12.063,0.118,18,11.927,0.131,18,11.837,0.059,3,NA,NA,0
84.884038,0.116,-0.648813,0.112,11.728,0.106,18,11.869,0.032,18,NA,NA,0,11.694,0.036,18,11.744,0.128,18,11.857,0.143,18,11.833,0.069,3,NA,NA,0
84.884429,0.553,-0.667637,0.643,16.688,0.104,14,17.647,0.184,14,NA,NA,0,17.061,0.099,14,16.21,0.187,14,15.843,0.13,8,NA,NA,0,NA,NA,0
84.884608,1.086,-0.561499,0.645,16.816,0.256,3,17.946,0.111,3,NA,NA,0,17.264,0.105,5,16.481,0.107,5,16.389,0.03,2,NA,NA,0,NA,NA,0
84.885307,0.787,-0.334043,0.304,15.68,0.11,17,16.687,0.119,17,NA,NA,0,16.127,0.041,17,15.252,0.142,17,14.493,0.148,16,NA,NA,0,NA,NA,0
84.885376,0.107,-0.602644,0.616,17.398,0.174,1,16.922,0.093,1,NA,NA,0,NA,NA,0,NA,NA,0,NA,NA,0,NA,NA,0,NA,NA,0
84.885932,0.365,-0.71665,0.262,14.879,0.118,17,15.713,0.047,17,NA,NA,0,15.224,0.043,17,14.564,0.147,16,14.269,0.157,16,NA,NA,0,NA,NA,0
84.886625,0.206,-0.621417,0.223,NA,NA,0,NA,NA,0,NA,NA,0,18.336,0.216,1,17.144,0.167,1,NA,NA,0,NA,NA,0,NA,NA,0
84.887561,0.335,-0.495026,0.315,15.322,0.085,16,15.934,0.077,16,NA,NA,0,15.539,0.038,16,15.112,0.125,16,14.885,0.135,13,NA,NA,0,NA,NA,0
84.887837,0.546,-0.394734,0.352,16.297,0.122,15,16.864,0.095,15,NA,NA,0,16.475,0.056,10,16.235,0.227,10,15.83,0.083,4,NA,NA,0,NA,NA,0
84.888034,0.124,-0.406852,0.081,11.713,0.101,18,12.84,0.028,18,NA,NA,0,12.202,0.029,18,11.306,0.136,18,10.855,0.142,21,10.596,0.049,3,NA,NA,0
84.888843,0.525,-0.633845,0.557,17.179,0.116,6,17.936,0.171,6,NA,NA,0,17.544,0.126,9,16.981,0.168,9,NA,NA,0,NA,NA,0,NA,NA,0
84.891044,0.822,-0.470079,0.546,16.873,0.047,2,18.023,0.069,2,NA,NA,0,17.541,0.103,7,16.32,0.066,7,15.861,0.105,6,NA,NA,0,NA,NA,0
84.891458,0.616,-0.564256,0.596,17.362,0.034,2,18.245,0.123,2,NA,NA,0,17.873,0.101,5,17.062,0.136,5,NA,NA,0,NA,NA,0,NA,NA,0
84.892355,0.333,-0.704778,0.297,15.017,0.103,17,15.622,0.059,17,NA,NA,0,15.269,0.038,17,14.812,0.14,17,14.564,0.16,15,NA,NA,0,NA,NA,0
84.892382,0.435,-0.713818,0.351,15.637,0.125,16,16.237,0.067,16,NA,NA,0,15.858,0.041,16,15.381,0.136,15,15.148,0.169,13,NA,NA,0,NA,NA,0
84.892574,0.28,-0.53505,0.22,14.978,0.095,18,15.713,0.045,18,NA,NA,0,15.274,0.035,17,14.73,0.136,17,14.498,0.141,15,NA,NA,0,NA,NA,0
84.892672,0.536,-0.328708,0.461,NA,NA,0,NA,NA,0,NA,NA,0,17.886,0.132,7,16.941,0.125,7,16.434,0.082,4,NA,NA,0,NA,NA,0
84.893522,0.609,-0.472221,0.488,NA,NA,0,NA,NA,0,NA,NA,0,17.835,0.145,5,16.872,0.031,5,16.341,0.198,3,NA,NA,0,NA,NA,0
84.895644,0.684,-0.49162,0.596,15.747,0.124,16,16.591,0.104,16,NA,NA,0,16.109,0.063,16,15.487,0.149,16,15.171,0.193,16,NA,NA,0,NA,NA,0
84.896197,0.197,-0.599758,0.604,NA,NA,0,NA,NA,0,NA,NA,0,17.956,0.156,1,17.57,0.216,1,NA,NA,0,NA,NA,0,NA,NA,0
84.896494,0.238,-0.418186,0.513,14.75,0.1,18,15.381,0.055,18,NA,NA,0,14.991,0.029,18,14.526,0.124,18,14.243,0.116,16,NA,NA,0,NA,NA,0
84.897274,0.117,-0.415483,0.47,16.453,0.095,1,17.369,0.157,1,NA,NA,0,NA,NA,0,NA,NA,0,NA,NA,0,NA,NA,0,NA,NA,0
84.897339,0.305,-0.383095,0.43,NA,NA,0,NA,NA,0,NA,NA,0,17.761,0.083,3,16.838,0.105,3,16.436,0.246,1,NA,NA,0,NA,NA,0
84.89791,0.376,-0.380193,0.4,NA,NA,0,NA,NA,0,NA,NA,0,18.554,0.315,1,17.083,0.17,1,16.157,0.201,1,NA,NA,0,NA,NA,0
84.898052,0.501,-0.621228,0.459,15.976,0.123,16,16.718,0.094,16,NA,NA,0,16.263,0.064,15,15.676,0.161,14,15.384,0.139,12,NA,NA,0,NA,NA,0
84.898151,0.748,-0.315556,0.637,16.862,0.141,11,17.694,0.215,11,NA,NA,0,17.213,0.086,14,16.555,0.119,14,16.084,0.168,8,NA,NA,0,NA,NA,0
84.898204,0.794,-0.464978,0.781,17.358,0.173,3,18.23,0.158,3,NA,NA,0,17.765,0.109,9,16.768,0.175,9,16.529,0.206,6,NA,NA,0,NA,NA,0
84.898238,0.526,-0.488082,0.491,15.854,0.082,15,16.84,0.119,15,NA,NA,0,16.318,0.04,15,15.506,0.121,15,15.155,0.132,14,NA,NA,0,NA,NA,0
84.89836,0.119,-0.396629,0.11,10.243,0.082,18,10.321,0.049,18,NA,NA,0,10.324,0.119,17,10.318,0.111,17,10.426,0.131,17,10.515,0.053,3,NA,NA,0
84.900011,0.678,-0.502177,0.828,17.222,0.252,7,17.687,0.149,7,NA,NA,0,17.456,0.094,10,16.873,0.139,10,16.583,0.162,2,NA,NA,0,NA,NA,0
84.900021,0.363,-0.627701,0.307,15.32,0.085,16,15.699,0.051,16,NA,NA,0,15.434,0.039,15,15.241,0.121,15,15.247,0.14,13,NA,NA,0,NA,NA,0
84.900436,0.581,-0.478557,0.512,NA,NA,0,NA,NA,0,NA,NA,0,18.268,0.075,2,17.689,0.079,2,NA,NA,0,NA,NA,0,NA,NA,0
84.902726,0.475,-0.654221,0.379,15.783,0.101,17,16.33,0.074,17,NA,NA,0,15.982,0.053,16,15.59,0.136,16,15.429,0.187,14,NA,NA,0,NA,NA,0
84.902768,0.529,-0.408823,0.455,16.216,0.14,14,17.148,0.141,14,NA,NA,0,16.596,0.077,14,15.855,0.131,13,15.56,0.235,12,NA,NA,0,NA,NA,0
84.90373,0.867,-0.334674,0.565,16.923,0.048,3,17.948,0.055,3,NA,NA,0,17.551,0.143,8,16.602,0.084,8,16.314,0.117,5,NA,NA,0,NA,NA,0
84.904731,0.639,-0.320973,0.707,17.068,0.112,5,17.982,0.133,5,NA,NA,0,17.522,0.115,11,16.639,0.16,11,16.21,0.188,6,NA,NA,0,NA,NA,0
84.904879,0.537,-0.698385,0.339,16.585,0.105,5,17.365,0.12,5,NA,NA,0,16.957,0.008,3,16.283,0.049,3,16.005,0.195,3,NA,NA,0,NA,NA,0
84.90706,0.347,-0.546727,0.262,15.13,0.115,18,16.473,0.077,18,NA,NA,0,15.734,0.033,18,14.614,0.16,18,14.062,0.159,17,13.444,0.149,2,NA,NA,0
84.907956,1.276,-0.33484,0.495,16.649,0.119,11,17.428,0.129,11,NA,NA,0,16.993,0.07,14,16.394,0.125,14,16.015,0.1,8,NA,NA,0,NA,NA,0
84.908134,0.641,-0.485023,0.615,16.359,0.147,14,17.327,0.157,14,NA,NA,0,16.753,0.068,17,16.003,0.141,16,15.707,0.242,11,NA,NA,0,NA,NA,0
84.908535,0.538,-0.68941,0.35,NA,NA,0,NA,NA,0,NA,NA,0,18.676,0.319,1,17.25,0.193,1,16.247,0.192,1,NA,NA,0,NA,NA,0
84.908614,0.267,-0.470682,0.24,14.546,0.098,17,15.196,0.051,17,NA,NA,0,14.816,0.036,17,14.309,0.128,17,14.033,0.136,17,13.623,0.189,1,NA,NA,0
84.909172,0.67,-0.350817,0.501,16.73,0.129,14,17.273,0.123,14,NA,NA,0,16.992,0.069,15,16.471,0.142,15,16.167,0.266,8,NA,NA,0,NA,NA,0
84.90968,0.846,-0.318659,0.658,17.278,0.07,3,18.25,0.303,3,NA,NA,0,17.765,0.113,8,16.85,0.077,8,16.413,0.256,2,NA,NA,0,NA,NA,0
84.909696,0.403,-0.69865,0.16,13.817,0.121,18,15.005,0.04,18,NA,NA,0,14.382,0.042,18,13.25,0.175,17,12.764,0.177,18,12.403,0.011,3,NA,NA,0
84.909829,0.826,-0.60121,0.55,16.915,0.147,8,17.842,0.235,8,NA,NA,0,17.4,0.084,10,16.659,0.106,10,16.176,0.084,8,NA,NA,0,NA,NA,0
84.910538,0.88,-0.53333,0.54,17.501,0.201,1,18.06,0.269,1,NA,NA,0,17.999,0.043,4,17.42,0.07,3,16.334,0.185,1,NA,NA,0,NA,NA,0
84.91117,0.673,-0.634357,0.627,16.623,0.144,13,17.313,0.156,13,NA,NA,0,16.909,0.05,13,16.38,0.127,13,16.244,0.149,7,NA,NA,0,NA,NA,0
84.911316,0.392,-0.362344,0.55,NA,NA,0,NA,NA,0,NA,NA,0,18.037,0.13,5,16.993,0.262,5,16.596,0.267,1,NA,NA,0,NA,NA,0
84.912266,0.599,-0.495688,0.496,16.444,0.103,14,17.398,0.139,14,NA,NA,0,16.861,0.056,16,16.114,0.133,16,15.695,0.187,11,NA,NA,0,NA,NA,0
84.912269,0.323,-0.481182,0.3,14.816,0.107,17,15.416,0.087,17,NA,NA,0,15.044,0.033,17,14.575,0.14,17,14.315,0.095,15,NA,NA,0,NA,NA,0
84.912299,0.496,-0.705577,0.499,16.297,0.103,13,16.989,0.167,13,NA,NA,0,16.582,0.095,14,16.037,0.144,14,15.769,0.134,9,NA,NA,0,NA,NA,0
84.91292,0.149,-0.37056,0.177,12.968,0.1,18,14.245,0.034,18,NA,NA,0,13.53,0.027,18,12.498,0.137,18,11.976,0.142,18,11.652,0.073,3,NA,NA,0
84.912984,0.172,-0.66124,0.224,13.85,0.114,16,14.594,0.031,16,NA,NA,0,14.147,0.036,16,13.55,0.147,16,13.333,0.153,16,13.249,0.01,2,NA,NA,0
84.914077,0.551,-0.376747,0.493,16.717,0.111,11,17.444,0.206,11,NA,NA,0,16.978,0.063,11,16.408,0.102,11,16.063,0.099,4,NA,NA,0,NA,NA,0
84.916621,0.522,-0.404678,0.452,15.941,0.178,17,16.915,0.118,17,NA,NA,0,16.336,0.063,16,15.573,0.133,16,15.226,0.153,16,NA,NA,0,NA,NA,0
84.917796,0.737,-0.319497,0.606,17.226,0.18,7,18.163,0.305,7,NA,NA,0,17.62,0.135,9,16.844,0.063,9,16.389,0.041,4,NA,NA,0,NA,NA,0
84.917842,0.173,-0.481475,0.068,NA,NA,0,NA,NA,0,NA,NA,0,17.785,0.022,2,17.101,0.017,2,NA,NA,0,NA,NA,0,NA,NA,0
84.920472,0.608,-0.301443,0.449,16.338,0.128,14,17.62,0.178,14,NA,NA,0,16.998,0.067,16,15.736,0.155,16,15.111,0.165,16,NA,NA,0,NA,NA,0
84.92048,0.278,-0.734965,0.289,14.827,0.123,18,15.397,0.054,18,NA,NA,0,15.035,0.034,18,14.628,0.14,18,14.449,0.186,16,NA,NA,0,NA,NA,0
84.920865,0.566,-0.643648,0.601,16.995,0.1,4,17.955,0.202,4,NA,NA,0,17.536,0.079,7,17.04,0.103,7,16.322,0.186,1,NA,NA,0,NA,NA,0
84.921432,0.672,-0.517999,0.565,16.354,0.129,14,17.331,0.176,14,NA,NA,0,16.773,0.053,15,16.002,0.132,14,15.577,0.227,14,NA,NA,0,NA,NA,0
84.921495,0.336,-0.340712,0.221,15.244,0.096,18,16.145,0.068,18,NA,NA,0,15.638,0.043,18,14.883,0.127,17,14.571,0.139,18,NA,NA,0,NA,NA,0
84.924235,0.905,-0.324275,0.566,17.482,0.155,3,18.228,0.31,3,NA,NA,0,17.863,0.112,7,17.241,0.147,7,NA,NA,0,NA,NA,0,NA,NA,0
84.92455,0.277,-0.689068,0.347,11.967,0.094,17,12.575,0.029,17,NA,NA,0,12.189,0.04,17,11.741,0.132,17,11.614,0.151,17,11.519,0.046,3,NA,NA,0
84.924567,0.621,-0.602918,0.467,16.998,0.049,4,18.079,0.184,4,NA,NA,0,17.56,0.106,9,16.587,0.11,9,16.175,0.127,7,NA,NA,0,NA,NA,0
84.925578,0.189,-0.447748,0.125,13.306,0.092,17,13.774,0.041,17,NA,NA,0,13.47,0.028,17,13.153,0.115,17,13.013,0.126,17,13.109,0.114,3,NA,NA,0
84.92575,0.18,-0.69426,0.234,11.691,0.124,18,12.765,0.029,18,NA,NA,0,12.144,0.043,18,11.275,0.156,18,10.904,0.168,21,10.624,0.037,3,NA,NA,0
84.926586,0.797,-0.431278,0.696,16.924,0.086,9,17.823,0.213,9,NA,NA,0,17.369,0.1,12,16.662,0.173,12,16.27,0.138,7,NA,NA,0,NA,NA,0
84.926805,0.648,-0.421174,0.796,NA,NA,0,NA,NA,0,NA,NA,0,18.096,0.176,5,17.293,0.13,5,NA,NA,0,NA,NA,0,NA,NA,0
84.926947,0.357,-0.465164,0.257,15.462,0.073,17,16.305,0.092,17,NA,NA,0,15.818,0.032,16,15.134,0.107,15,14.835,0.128,16,NA,NA,0,NA,NA,0
84.927308,0.802,-0.331831,0.515,16.283,0.114,16,17.137,0.114,16,NA,NA,0,16.654,0.063,17,15.935,0.138,16,15.632,0.169,13,NA,NA,0,NA,NA,0
84.92788,0.705,-0.524116,0.744,16.932,0.157,3,18.147,0.087,3,NA,NA,0,17.778,0.201,10,16.616,0.098,10,15.987,0.092,8,NA,NA,0,NA,NA,0
84.929419,0.245,-0.674551,0.499,NA,NA,0,NA,NA,0,NA,NA,0,18.438,0.252,1,16.93,0.142,1,15.832,0.137,1,NA,NA,0,NA,NA,0
84.929673,0.473,-0.339181,0.532,16.004,0.081,17,16.644,0.111,17,NA,NA,0,16.253,0.046,16,15.811,0.094,16,15.529,0.108,12,NA,NA,0,NA,NA,0
84.929839,0.865,-0.531717,0.632,17.017,0.111,9,17.787,0.169,9,NA,NA,0,17.359,0.086,11,16.627,0.111,11,16.284,0.181,7,NA,NA,0,NA,NA,0
84.93108,0.435,-0.334998,0.658,NA,NA,0,NA,NA,0,NA,NA,0,17.849,0.047,4,17.282,0.11,4,NA,NA,0,NA,NA,0,NA,NA,0
84.9317,0.409,-0.629676,0.385,15.549,0.095,17,16.343,0.055,17,NA,NA,0,15.893,0.047,17,15.296,0.13,17,15.047,0.125,15,NA,NA,0,NA,NA,0
84.932114,0.941,-0.311288,0.526,16.071,0.122,14,16.88,0.095,14,NA,NA,0,16.466,0.045,14,15.864,0.087,14,15.589,0.096,10,NA,NA,0,NA,NA,0
84.933641,0.695,-0.356762,0.621,16.957,0.144,12,17.395,0.141,12,NA,NA,0,17.178,0.083,10,16.704,0.127,10,16.367,0.017,2,NA,NA,0,NA,NA,0
84.93401,0.457,-0.352461,0.571,16.687,0.099,14,17.161,0.139,14,NA,NA,0,16.894,0.066,13,16.496,0.12,13,16.25,0.145,7,NA,NA,0,NA,NA,0
84.934207,0.987,-0.371354,0.247,NA,NA,0,NA,NA,0,NA,NA,0,18.144,0.178,1,17.466,0.218,1,NA,NA,0,NA,NA,0,NA,NA,0
84.936248,0.758,-0.367949,0.498,17.52,0.022,4,18.023,0.253,4,NA,NA,0,17.952,0.086,4,17.442,0.138,4,NA,NA,0,NA,NA,0,NA,NA,0
84.936665,0.268,-0.385043,0.152,14.338,0.097,18,14.871,0.049,18,NA,NA,0,14.535,0.029,18,14.158,0.113,17,13.979,0.117,18,NA,NA,0,NA,NA,0
84.937374,0.472,-0.311236,0.249,14.55,0.093,17,14.999,0.054,17,NA,NA,0,14.706,0.033,17,14.41,0.098,16,14.293,0.101,16,NA,NA,0,NA,NA,0
84.938309,1.263,-0.683016,0.587,16.449,0.12,10,17.059,0.141,10,NA,NA,0,16.641,0.078,9,16.195,0.181,8,15.975,0.251,6,NA,NA,0,NA,NA,0
84.938959,0.854,-0.660593,0.714,16.919,0.156,7,17.888,0.119,7,NA,NA,0,17.378,0.114,12,16.413,0.122,12,16.072,0.186,7,NA,NA,0,NA,NA,0
84.939063,0.76,-0.751853,0.558,16.463,0.213,16,17.31,0.091,16,NA,NA,0,16.831,0.062,15,16.146,0.139,15,15.796,0.093,10,NA,NA,0,NA,NA,0
84.939107,0.167,-0.456381,0.132,10.275,0.098,21,11.338,0.029,18,NA,NA,0,10.758,0.036,18,9.978,0.142,7,9.421,0.017,3,9.258,0.056,3,NA,NA,0
84.940178,0.245,-0.599218,0.211,14.26,0.117,17,15.55,0.096,17,NA,NA,0,14.869,0.079,17,13.66,0.154,17,12.981,0.135,16,12.577,0.152,3,NA,NA,0
84.940938,0.634,-0.666796,0.739,16.905,0.141,10,17.595,0.192,10,NA,NA,0,17.254,0.053,9,16.605,0.125,9,16.389,0.127,5,NA,NA,0,NA,NA,0
84.941429,0.539,-0.326709,0.483,15.788,0.111,17,16.532,0.127,17,NA,NA,0,16.098,0.039,16,15.561,0.121,16,15.332,0.158,16,NA,NA,0,NA,NA,0
84.944582,0.728,-0.404559,0.565,16.395,0.149,17,16.975,0.132,17,NA,NA,0,16.684,0.042,16,16.241,0.183,16,15.98,0.142,6,NA,NA,0,NA,NA,0
84.945136,0.898,-0.679731,0.678,17.585,0.212,1,17.804,0.19,1,NA,NA,0,17.776,0.121,4,17.256,0.09,3,16.417,0.23,1,NA,NA,0,NA,NA,0
84.945159,0.756,-0.539759,0.543,16.491,0.234,16,17.144,0.149,16,NA,NA,0,16.742,0.07,14,16.198,0.146,14,15.929,0.134,8,NA,NA,0,NA,NA,0
84.946062,0.79,-0.468849,0.606,16.455,0.112,13,17.32,0.135,13,NA,NA,0,16.802,0.066,14,16.167,0.118,14,15.773,0.159,10,NA,NA,0,NA,NA,0
84.947182,0.727,-0.430172,0.515,16.688,0.143,8,17.884,0.322,8,NA,NA,0,17.243,0.101,13,16.244,0.171,13,15.397,0.168,13,NA,NA,0,NA,NA,0
84.949304,0.614,-0.496909,0.509,16.348,0.106,15,17.076,0.124,15,NA,NA,0,16.648,0.049,16,16.096,0.129,16,15.806,0.126,11,NA,NA,0,NA,NA,0
84.950465,0.374,-0.633437,0.298,15.494,0.165,18,16.839,0.1,18,NA,NA,0,16.142,0.059,18,14.81,0.171,17,14.098,0.191,18,NA,NA,0,NA,NA,0
84.950689,0.401,-0.461278,0.36,15.826,0.09,15,16.445,0.099,15,NA,NA,0,16.063,0.063,15,15.64,0.098,15,15.489,0.178,13,NA,NA,0,NA,NA,0
84.951592,0.673,-0.689488,0.749,NA,NA,0,NA,NA,0,NA,NA,0,18.027,0.105,8,16.96,0.111,8,16.419,0.148,5,NA,NA,0,NA,NA,0
84.95189,0.376,-0.679185,0.308,NA,NA,0,NA,NA,0,NA,NA,0,18.215,0.194,1,17.598,0.224,1,NA,NA,0,NA,NA,0,NA,NA,0
84.952082,0.542,-0.416076,0.433,17.708,0.235,1,18.207,0.241,1,NA,NA,0,18.527,0.249,4,16.952,0.161,4,16.019,0.167,1,NA,NA,0,NA,NA,0
84.952101,0.332,-0.536844,0.273,15.087,0.101,18,16.271,0.079,18,NA,NA,0,15.598,0.04,18,14.648,0.135,18,14.12,0.091,16,13.65,0.197,1,NA,NA,0
84.953065,0.524,-0.345041,0.688,NA,NA,0,NA,NA,0,NA,NA,0,18.002,0.129,5,17.304,0.226,5,NA,NA,0,NA,NA,0,NA,NA,0
84.953204,0.673,-0.366471,0.611,16.707,0.115,13,17.477,0.159,13,NA,NA,0,17.053,0.09,13,16.453,0.157,13,16.194,0.135,8,NA,NA,0,NA,NA,0
84.953699,0.797,-0.442132,0.491,17.316,0.287,5,18.04,0.161,5,NA,NA,0,17.712,0.136,10,16.854,0.163,10,16.457,0.104,4,NA,NA,0,NA,NA,0
84.954344,0.789,-0.555729,0.675,NA,NA,0,NA,NA,0,NA,NA,0,17.904,0.148,8,17.024,0.128,8,16.313,0.136,3,NA,NA,0,NA,NA,0
84.954526,0.682,-0.360025,0.604,NA,NA,0,NA,NA,0,NA,NA,0,18.537,0.045,2,17.21,0.003,2,16.279,0.038,2,NA,NA,0,NA,NA,0
84.954532,0.634,-0.528869,0.578,NA,NA,0,NA,NA,0,NA,NA,0,17.948,0.093,7,16.703,0.11,7,16.114,0.156,7,NA,NA,0,NA,NA,0
84.954646,0.554,-0.508176,0.52,16.886,0.076,4,17.848,0.196,4,NA,NA,0,17.324,0.118,10,16.511,0.129,10,16.2,0.267,6,NA,NA,0,NA,NA,0
84.955898,0.128,-0.297473,0.093,12.604,0.089,18,13.762,0.032,18,NA,NA,0,13.108,0.025,18,12.184,0.128,18,11.795,0.13,18,11.603,0.039,3,NA,NA,0
84.95614,0.521,-0.522329,0.323,NA,NA,0,NA,NA,0,NA,NA,0,18.121,0.153,4,16.875,0.145,4,14.946,0.062,4,NA,NA,0,NA,NA,0
84.956194,0.428,-0.484648,0.23,14.95,0.094,18,15.605,0.055,18,NA,NA,0,15.208,0.026,18,14.716,0.126,17,14.473,0.146,17,NA,NA,0,NA,NA,0
84.95829,0.534,-0.62476,0.461,16.581,0.106,7,17.897,0.162,8,NA,NA,0,17.2,0.083,14,15.884,0.166,14,15.128,0.168,14,NA,NA,0,NA,NA,0
84.959126,0.878,-0.685398,0.87,NA,NA,0,NA,NA,0,NA,NA,0,18.183,0.066,3,17.482,0.163,3,NA,NA,0,NA,NA,0,NA,NA,0
84.960674,0.522,-0.411357,0.364,15.82,0.09,16,16.755,0.136,16,NA,NA,0,16.243,0.05,16,15.437,0.115,15,15.083,0.172,16,NA,NA,0,NA,NA,0
84.960857,0.406,-0.511579,0.227,14.932,0.108,18,15.675,0.038,18,NA,NA,0,15.217,0.032,18,14.649,0.127,18,14.398,0.137,17,NA,NA,0,NA,NA,0
84.961416,0.338,-0.396904,0.284,15.459,0.093,17,16.199,0.098,17,NA,NA,0,15.739,0.036,17,15.195,0.115,17,14.921,0.12,16,NA,NA,0,NA,NA,0
84.961935,0.801,-0.2935,0.279,17.401,0.199,1,18.064,0.271,1,NA,NA,0,17.78,0.137,5,17.187,0.072,5,NA,NA,0,NA,NA,0,NA,NA,0
84.962168,0.672,-0.468204,0.779,17.54,0.171,5,17.786,0.099,5,NA,NA,0,17.716,0.095,7,17.356,0.151,7,NA,NA,0,NA,NA,0,NA,NA,0
84.963339,0.137,-0.731912,0.107,13.252,0.119,17,14.483,0.074,17,NA,NA,0,13.825,0.072,17,12.716,0.17,17,12.034,0.164,16,11.577,0.043,3,NA,NA,0
84.964437,0.454,-0.442472,0.304,15.456,0.085,18,16.228,0.056,18,NA,NA,0,15.77,0.034,18,15.197,0.105,17,14.894,0.122,17,NA,NA,0,NA,NA,0
84.966107,0.532,-0.293382,0.819,NA,NA,0,NA,NA,0,NA,NA,0,17.925,0.135,3,16.958,0.232,3,NA,NA,0,NA,NA,0,NA,NA,0
84.96624,0.844,-0.487592,0.607,17.474,0.082,2,18.151,0.219,2,NA,NA,0,17.758,0.122,6,17.173,0.183,6,NA,NA,0,NA,NA,0,NA,NA,0
84.966481,0.258,-0.72503,0.568,NA,NA,0,NA,NA,0,NA,NA,0,18.078,0.167,1,17.415,0.186,1,NA,NA,0,NA,NA,0,NA,NA,0
84.967149,0.389,-0.363743,0.638,17.662,0.239,1,17.958,0.218,1,NA,NA,0,17.841,0.11,5,17.326,0.115,5,16.584,0.248,1,NA,NA,0,NA,NA,0
84.967491,0.525,-0.27563,0.219,NA,NA,0,NA,NA,0,NA,NA,0,17.867,0.156,3,17.515,0.206,3,NA,NA,0,NA,NA,0,NA,NA,0
84.967659,0.188,-0.286875,0.222,13.784,0.075,17,14.511,0.046,17,NA,NA,0,14.081,0.032,17,13.549,0.113,17,13.355,0.128,17,13.126,0.045,2,NA,NA,0
84.968405,0.829,-0.424423,0.777,17.472,0.073,3,18.078,0.263,3,NA,NA,0,17.776,0.109,8,17.021,0.21,8,16.424,0.161,3,NA,NA,0,NA,NA,0
84.968868,0.741,-0.269901,0.648,17.456,0.186,4,18.08,0.13,4,NA,NA,0,17.738,0.148,8,17.304,0.123,8,NA,NA,0,NA,NA,0,NA,NA,0
84.969305,0.56,-0.395504,0.456,NA,NA,0,NA,NA,0,NA,NA,0,18.64,0.104,2,16.905,0.056,2,16.272,0.194,1,NA,NA,0,NA,NA,0
84.969768,0.281,-0.301952,0.336,17.344,0.2,1,18.363,0.377,1,NA,NA,0,18.214,0.261,2,17.706,0.105,2,NA,NA,0,NA,NA,0,NA,NA,0
84.97078,0.656,-0.75303,0.608,16.639,0.09,12,17.433,0.134,12,NA,NA,0,17.03,0.103,13,16.435,0.13,12,15.96,0.122,10,NA,NA,0,NA,NA,0
84.972317,0.131,-0.552305,0.346,NA,NA,0,NA,NA,0,NA,NA,0,18.472,0.221,1,17.097,0.146,1,16.025,0.153,1,NA,NA,0,NA,NA,0
84.973953,0.484,-0.363232,0.301,15.887,0.083,18,16.885,0.136,18,NA,NA,0,16.325,0.043,17,15.572,0.122,17,15.132,0.178,16,NA,NA,0,NA,NA,0
84.974794,0.124,-0.326795,0.102,12.278,0.083,18,13.002,0.036,18,NA,NA,0,12.575,0.025,18,12.038,0.113,18,11.824,0.116,18,11.762,0.108,3,NA,NA,0
84.975066,0.469,-0.288991,0.389,16.206,0.105,16,16.795,0.101,16,NA,NA,0,16.414,0.037,16,15.998,0.132,16,15.732,0.117,11,NA,NA,0,NA,NA,0
84.977171,0.546,-0.47742,0.565,16.032,0.087,16,16.597,0.095,16,NA,NA,0,16.305,0.054,15,15.878,0.123,15,15.637,0.236,12,NA,NA,0,NA,NA,0
84.977332,0.669,-0.267784,0.647,NA,NA,0,NA,NA,0,NA,NA,0,17.99,0.08,3,17.208,0.032,3,NA,NA,0,NA,NA,0,NA,NA,0
84.977428,0.463,-0.516832,0.314,15.746,0.101,16,16.819,0.094,16,NA,NA,0,16.215,0.049,16,15.328,0.134,16,14.909,0.165,15,NA,NA,0,NA,NA,0
84.977935,0.597,-0.272895,0.49,16.587,0.152,15,17.123,0.11,15,NA,NA,0,16.763,0.089,14,16.419,0.119,14,16.124,0.157,8,NA,NA,0,NA,NA,0
84.981594,0.745,-0.276675,0.571,17.16,0.147,6,17.933,0.28,6,NA,NA,0,17.483,0.114,8,16.727,0.083,8,16.13,0.124,4,NA,NA,0,NA,NA,0
84.982869,0.895,-0.780588,0.801,NA,NA,0,NA,NA,0,NA,NA,0,17.907,0.17,5,17.19,0.213,5,16.254,0.175,1,NA,NA,0,NA,NA,0
84.983308,0.724,-0.333744,0.479,16.764,0.142,13,17.46,0.196,13,NA,NA,0,17.065,0.078,12,16.519,0.145,12,16.238,0.235,6,NA,NA,0,NA,NA,0
84.983604,0.43,-0.737826,0.525,16.021,0.132,17,16.843,0.075,17,NA,NA,0,16.341,0.071,17,15.659,0.167,17,15.274,0.181,14,NA,NA,0,NA,NA,0
84.985056,0.832,-0.406996,0.63,17.254,0.096,4,18.002,0.192,4,NA,NA,0,17.655,0.078,8,17.021,0.115,8,16.307,0.241,3,NA,NA,0,NA,NA,0
84.985573,0.528,-0.340711,0.497,16.083,0.091,17,16.863,0.121,17,NA,NA,0,16.41,0.041,17,15.818,0.108,17,15.521,0.149,12,NA,NA,0,NA,NA,0
84.986278,0.671,-0.465151,0.461,16.909,0.075,3,18.479,0.069,3,NA,NA,0,17.801,0.124,10,16.446,0.155,10,15.836,0.161,8,NA,NA,0,NA,NA,0
84.986893,0.548,-0.476839,0.601,16.442,0.089,14,17.378,0.134,14,NA,NA,0,16.857,0.077,16,16.109,0.151,16,15.707,0.141,13,NA,NA,0,NA,NA,0
84.990207,0.837,-0.363591,0.562,16.895,0.151,9,17.712,0.191,9,NA,NA,0,17.269,0.077,11,16.703,0.126,11,16.284,0.059,4,NA,NA,0,NA,NA,0
84.990595,0.508,-0.518303,0.558,16.543,0.118,14,17.501,0.154,14,NA,NA,0,16.95,0.058,16,16.153,0.145,15,15.638,0.157,11,NA,NA,0,NA,NA,0
84.991931,0.452,-0.469157,0.396,16.171,0.091,15,17.074,0.093,15,NA,NA,0,16.551,0.074,16,15.848,0.136,16,15.488,0.134,14,NA,NA,0,NA,NA,0
84.993158,0.817,-0.743663,0.663,16.745,0.114,6,18.061,0.275,6,NA,NA,0,17.351,0.131,14,16.18,0.155,13,15.541,0.218,13,NA,NA,0,NA,NA,0
84.993477,0.494,-0.77796,0.792,17.638,0.24,1,18.169,0.28,1,NA,NA,0,17.96,0.106,7,17.255,0.109,7,NA,NA,0,NA,NA,0,NA,NA,0
84.994179,0.47,-0.790331,0.565,NA,NA,0,NA,NA,0,NA,NA,0,18.082,0.112,5,17.045,0.058,5,16.618,0.07,2,NA,NA,0,NA,NA,0
84.994294,0.763,-0.401915,0.549,17.432,0.194,1,18.175,0.3,1,NA,NA,0,17.871,0.05,7,17.238,0.204,7,16.269,0.171,1,NA,NA,0,NA,NA,0
84.994594,0.49,-0.557915,0.403,16.021,0.098,14,17.307,0.122,14,NA,NA,0,16.623,0.069,16,15.457,0.139,15,14.867,0.173,15,NA,NA,0,NA,NA,0
84.994878,0.616,-0.327152,0.774,NA,NA,0,NA,NA,0,NA,NA,0,17.676,0.117,1,17.281,0.17,1,NA,NA,0,NA,NA,0,NA,NA,0
84.99597,0.732,-0.484967,0.494,16.629,0.057,12,17.696,0.131,12,NA,NA,0,17.087,0.08,14,16.268,0.128,14,15.819,0.221,11,NA,NA,0,NA,NA,0
84.996846,0.323,-0.399044,0.146,NA,NA,0,NA,NA,0,NA,NA,0,18.316,0.201,1,17.292,0.178,1,NA,NA,0,NA,NA,0,NA,NA,0
84.997477,0.446,-0.508353,0.415,16.154,0.06,16,17.119,0.09,16,NA,NA,0,16.552,0.066,17,15.793,0.127,17,15.349,0.11,13,NA,NA,0,NA,NA,0
84.997477,0.692,-0.36096,0.51,16.542,0.172,14,17.597,0.201,14,NA,NA,0,16.982,0.075,14,16.096,0.121,14,15.629,0.15,14,NA,NA,0,NA,NA,0
84.997714,0.507,-0.766222,0.404,15.382,0.069,13,16.175,0.1,13,NA,NA,0,15.755,0.049,12,15.066,0.075,10,14.761,0.166,12,NA,NA,0,NA,NA,0
84.998347,0.822,-0.576177,0.619,17.179,0.026,2,18.06,0.107,2,NA,NA,0,17.781,0.155,12,16.925,0.137,11,16.394,0.302,6,NA,NA,0,NA,NA,0
84.998657,0.166,-0.319716,0.17,13.834,0.083,18,14.431,0.041,18,NA,NA,0,14.078,0.029,18,13.631,0.107,18,13.44,0.111,18,13.28,0.088,2,NA,NA,0
84.999004,0.194,-0.501156,0.222,14.323,0.1,18,15.202,0.048,18,NA,NA,0,14.697,0.034,18,13.982,0.127,18,13.703,0.146,18,13.306,0.14,1,NA,NA,0
85.001236,0.686,-0.405926,0.549,NA,NA,0,NA,NA,0,NA,NA,0,18.132,0.183,7,17.011,0.201,7,16.508,0.069,2,NA,NA,0,NA,NA,0
85.001483,0.625,-0.768762,0.566,16.046,0.072,12,16.873,0.109,12,NA,NA,0,16.413,0.071,11,15.702,0.104,10,15.408,0.109,11,NA,NA,0,NA,NA,0
85.002401,0.435,-0.466444,0.452,15.864,0.115,17,16.938,0.085,17,NA,NA,0,16.373,0.05,17,15.492,0.126,17,14.965,0.169,16,NA,NA,0,NA,NA,0
85.003034,0.107,-0.543017,0.085,10.943,0.087,20,11.393,0.031,17,NA,NA,0,11.107,0.029,14,10.842,0.121,17,10.762,0.133,17,10.705,0.055,3,NA,NA,0
85.004225,0.283,-0.755986,0.75,NA,NA,0,NA,NA,0,NA,NA,0,18.3,0.228,3,17.193,0.201,3,NA,NA,0,NA,NA,0,NA,NA,0
85.005091,0.537,-0.529547,0.504,16.483,0.11,15,17.418,0.148,15,NA,NA,0,16.846,0.067,15,16.099,0.099,15,15.658,0.179,12,NA,NA,0,NA,NA,0
85.005105,0.307,-0.772699,0.232,15.24,0.092,17,16.142,0.075,17,NA,NA,0,15.644,0.045,17,14.87,0.134,16,14.524,0.16,17,NA,NA,0,NA,NA,0
85.006299,0.413,-0.257512,0.473,NA,NA,0,NA,NA,0,NA,NA,0,18.042,0.002,2,17.411,0.011,2,NA,NA,0,NA,NA,0,NA,NA,0
85.006968,0.512,-0.350356,0.384,15.932,0.082,17,16.498,0.068,17,NA,NA,0,16.148,0.044,17,15.758,0.12,17,15.603,0.126,11,NA,NA,0,NA,NA,0
85.007898,0.835,-0.312028,0.349,17.417,0.166,2,17.858,0.036,2,NA,NA,0,17.895,0.145,1,17.336,0.195,1,NA,NA,0,NA,NA,0,NA,NA,0
85.0083,0.42,-0.285945,0.377,15.456,0.099,18,16.479,0.072,18,NA,NA,0,15.911,0.039,18,15.036,0.12,17,14.66,0.116,17,NA,NA,0,NA,NA,0
85.008785,0.98,-0.507375,0.694,NA,NA,0,NA,NA,0,NA,NA,0,17.862,0.108,9,17.066,0.135,9,16.482,0.112,4,NA,NA,0,NA,NA,0
85.008828,0.475,-0.761001,0.406,15.91,0.134,16,17.302,0.115,16,NA,NA,0,16.534,0.063,16,15.404,0.151,16,14.838,0.158,15,NA,NA,0,NA,NA,0
85.009617,0.785,-0.437933,0.706,16.902,0.12,11,17.627,0.175,11,NA,NA,0,17.248,0.087,13,16.622,0.117,13,16.352,0.148,6,NA,NA,0,NA,NA,0
85.010742,0.504,-0.656806,0.638,NA,NA,0,NA,NA,0,NA,NA,0,17.748,0.143,4,16.556,0.156,4,15.408,0.152,4,NA,NA,0,NA,NA,0
85.011299,0.304,-0.548654,0.253,15.222,0.088,17,15.935,0.068,17,NA,NA,0,15.523,0.026,17,14.933,0.123,17,14.642,0.126,17,13.673,0.203,1,NA,NA,0
85.012475,0.119,-0.601298,0.113,11.387,0.099,18,12.067,0.027,18,NA,NA,0,11.65,0.033,18,11.169,0.133,18,10.984,0.139,21,10.897,0.053,3,NA,NA,0
85.012976,0.638,-0.286026,0.32,NA,NA,0,NA,NA,0,NA,NA,0,17.997,0.069,3,16.802,0.176,3,NA,NA,0,NA,NA,0,NA,NA,0
85.014172,0.356,-0.434636,0.824,NA,NA,0,NA,NA,0,NA,NA,0,18.146,0.127,2,17.47,0.114,2,NA,NA,0,NA,NA,0,NA,NA,0
85.01495,0.301,-0.335139,0.34,15.372,0.086,17,15.981,0.063,17,NA,NA,0,15.622,0.021,17,15.149,0.11,17,14.939,0.116,16,NA,NA,0,NA,NA,0
85.015289,0.845,-0.251213,0.714,17.44,0.12,4,17.844,0.168,4,NA,NA,0,17.756,0.134,7,17.327,0.258,7,16.37,0.222,1,NA,NA,0,NA,NA,0
85.02121,0.118,-0.28023,0.123,13.127,0.08,18,13.81,0.043,18,NA,NA,0,13.414,0.026,18,12.887,0.106,18,12.642,0.105,18,12.521,0.029,3,NA,NA,0
85.022096,0.707,-0.365994,0.543,16.507,0.157,15,17.177,0.161,15,NA,NA,0,16.822,0.106,15,16.3,0.163,15,15.927,0.145,8,NA,NA,0,NA,NA,0
85.02276,0.302,-0.400841,0.224,15.107,0.08,17,15.917,0.067,17,NA,NA,0,15.447,0.039,18,14.84,0.12,18,14.554,0.135,17,NA,NA,0,NA,NA,0
85.023382,0.628,-0.513359,0.492,17.049,0.209,3,18.219,0.133,3,NA,NA,0,17.613,0.046,13,16.654,0.163,12,16.072,0.115,8,NA,NA,0,NA,NA,0
85.023616,0.564,-0.328624,0.471,17.021,0.127,8,17.558,0.174,8,NA,NA,0,17.323,0.089,7,16.753,0.147,7,16.529,0.311,2,NA,NA,0,NA,NA,0
85.023963,0.558,-0.32299,0.413,15.143,0.067,17,15.924,0.076,17,NA,NA,0,15.484,0.038,17,14.877,0.104,17,14.64,0.122,16,NA,NA,0,NA,NA,0
85.024166,0.247,-0.746954,0.222,14.556,0.113,17,15.398,0.047,17,NA,NA,0,14.914,0.056,17,14.199,0.15,17,13.85,0.169,16,13.229,0.187,3,NA,NA,0
85.025069,0.488,-0.298432,0.407,17.671,0.233,1,17.817,0.211,1,NA,NA,0,17.919,0.072,3,17.495,0.059,3,NA,NA,0,NA,NA,0,NA,NA,0
85.025173,0.484,-0.472765,0.575,NA,NA,0,NA,NA,0,NA,NA,0,18.271,0.075,3,17.326,0.204,3,NA,NA,0,NA,NA,0,NA,NA,0
85.025629,0.854,-0.496259,0.033,NA,NA,0,NA,NA,0,NA,NA,0,18.194,0.179,1,17.509,0.211,1,NA,NA,0,NA,NA,0,NA,NA,0
85.026571,0.133,-0.316987,0.185,12.675,0.094,18,13.724,0.038,18,NA,NA,0,13.138,0.024,18,12.29,0.118,18,11.923,0.123,18,11.691,0.033,3,NA,NA,0
85.028109,0.625,-0.643929,0.366,16.197,0.111,12,17.902,0.195,12,NA,NA,0,17.022,0.136,16,15.295,0.136,16,14.188,0.167,16,NA,NA,0,NA,NA,0
85.028687,0.397,-0.409479,0.301,15.082,0.083,17,15.888,0.046,17,NA,NA,0,15.433,0.028,17,14.766,0.114,17,14.402,0.126,17,14.291,0.327,1,NA,NA,0
85.028783,0.525,-0.392792,0.686,16.56,0.108,1,17.758,0.223,1,NA,NA,0,16.923,0.109,1,16.232,0.121,1,NA,NA,0,NA,NA,0,NA,NA,0
85.029052,0.54,-0.704861,0.488,7.406,0.073,2,7.816,0.004,2,NA,NA,0,7.65,0.128,2,7.259,0.067,2,7.066,0.011,2,7.056,0.035,2,NA,NA,0
85.03023,0.674,-0.254564,0.548,NA,NA,0,NA,NA,0,NA,NA,0,18.471,0.141,4,17.184,0.111,4,NA,NA,0,NA,NA,0,NA,NA,0
85.031539,0.646,-0.290286,0.477,16.202,0.115,17,16.927,0.128,17,NA,NA,0,16.544,0.057,17,15.99,0.142,17,15.703,0.163,14,NA,NA,0,NA,NA,0
85.03284,0.379,-0.414928,0.382,15.96,0.097,16,16.814,0.058,16,NA,NA,0,16.319,0.032,16,15.609,0.12,15,15.23,0.15,15,NA,NA,0,NA,NA,0
85.033174,0.267,-0.491939,0.181,14.699,0.085,17,15.404,0.047,17,NA,NA,0,15.001,0.028,17,14.438,0.12,17,14.148,0.117,16,NA,NA,0,NA,NA,0
85.033313,0.675,-0.364885,0.974,16.985,0.065,5,17.612,0.142,5,NA,NA,0,17.325,0.092,8,16.817,0.088,8,16.305,0.063,4,NA,NA,0,NA,NA,0
85.036328,0.117,-0.540825,0.076,12.154,0.095,18,12.704,0.027,18,NA,NA,0,12.358,0.03,18,12.001,0.123,17,11.873,0.13,18,11.824,0.057,3,NA,NA,0
85.036594,0.189,-0.397265,0.123,10.119,0.084,20,11.443,0.026,18,NA,NA,0,10.74,0.058,18,9.547,0.01,3,8.984,0.017,3,8.695,0.058,3,NA,NA,0
85.036665,0.837,-0.496905,0.242,NA,NA,0,NA,NA,0,NA,NA,0,18.365,0.243,1,17.588,0.232,1,NA,NA,0,NA,NA,0,NA,NA,0
85.036667,0.73,-0.310725,0.512,17.212,0.137,10,17.64,0.22,10,NA,NA,0,17.422,0.092,10,16.96,0.144,10,16.521,0.261,1,NA,NA,0,NA,NA,0
85.037695,0.574,-0.387103,0.435,16.719,0.115,11,17.626,0.15,11,NA,NA,0,17.153,0.08,10,16.395,0.092,8,15.845,0.069,4,NA,NA,0,NA,NA,0
85.039038,0.716,-0.568523,0.672,17.198,0.158,1,18.317,0.306,1,NA,NA,0,17.994,0.105,8,16.903,0.14,8,16.309,0.104,7,NA,NA,0,NA,NA,0
85.039269,0.659,-0.455834,0.561,16.776,0.119,9,17.47,0.118,9,NA,NA,0,17.022,0.076,10,16.474,0.201,10,15.991,0.084,3,NA,NA,0,NA,NA,0
85.039346,0.534,-0.322645,0.39,16.138,0.109,16,16.989,0.097,16,NA,NA,0,16.53,0.084,17,15.81,0.137,16,15.518,0.201,14,NA,NA,0,NA,NA,0
85.039433,0.598,-0.449458,0.531,16.479,0.134,15,17.326,0.132,15,NA,NA,0,16.856,0.087,16,16.131,0.122,16,15.799,0.176,13,NA,NA,0,NA,NA,0
85.041358,0.505,-0.801519,0.452,16.36,0.099,14,17.095,0.097,14,NA,NA,0,16.68,0.097,14,16.021,0.155,14,15.687,0.139,9,NA,NA,0,NA,NA,0
85.042229,0.633,-0.351558,0.473,NA,NA,0,NA,NA,0,NA,NA,0,18.126,0.023,3,17.285,0.116,3,NA,NA,0,NA,NA,0,NA,NA,0
85.043027,0.644,-0.381098,0.386,16.335,0.083,16,17.274,0.171,16,NA,NA,0,16.743,0.079,16,15.944,0.125,16,15.554,0.153,13,NA,NA,0,NA,NA,0
85.043209,0.675,-0.594508,0.741,NA,NA,0,NA,NA,0,NA,NA,0,17.224,0.089,14,15.517,0.19,14,14.471,0.133,11,NA,NA,0,NA,NA,0
85.043621,0.474,-0.685674,0.158,NA,NA,0,NA,NA,0,NA,NA,0,17.701,0.167,1,16.601,0.121,1,15.952,0.15,1,NA,NA,0,NA,NA,0
85.044923,1.024,-0.591399,0.677,16.267,0.169,16,17.538,0.166,16,NA,NA,0,16.855,0.079,16,15.639,0.141,16,14.779,0.217,14,NA,NA,0,NA,NA,0
85.045641,0.523,-0.420329,0.397,16.162,0.091,17,16.998,0.134,17,NA,NA,0,16.52,0.045,17,15.854,0.099,17,15.539,0.192,16,NA,NA,0,NA,NA,0
85.04677,0.865,-0.780158,0.652,17.707,0.218,1,17.92,0.177,1,NA,NA,0,NA,NA,0,NA,NA,0,NA,NA,0,NA,NA,0,NA,NA,0
85.04778,0.361,-0.697938,0.347,15.39,0.119,18,16.394,0.055,18,NA,NA,0,15.835,0.098,8,14.909,0.176,8,14.511,0.162,8,NA,NA,0,NA,NA,0
85.048242,0.243,-0.26124,0.199,14.855,0.072,17,15.808,0.058,17,NA,NA,0,15.312,0.034,17,14.495,0.097,17,14.065,0.086,16,NA,NA,0,NA,NA,0
85.048593,0.598,-0.793847,0.349,16.019,0.148,16,17.295,0.128,16,NA,NA,0,16.622,0.056,15,15.371,0.136,14,14.818,0.21,15,NA,NA,0,NA,NA,0
85.049022,0.914,-0.299038,0.34,NA,NA,0,NA,NA,0,NA,NA,0,18.074,0.057,2,17.163,0.233,2,NA,NA,0,NA,NA,0,NA,NA,0
85.049982,0.755,-0.28248,0.596,17.039,0.108,8,18.013,0.196,8,NA,NA,0,17.53,0.122,12,16.799,0.183,12,16.26,0.23,6,NA,NA,0,NA,NA,0
85.050149,0.755,-0.586085,0.471,NA,NA,0,NA,NA,0,NA,NA,0,18.237,0.132,4,17.155,0.173,4,16.172,0.113,2,NA,NA,0,NA,NA,0
85.050387,0.526,-0.559041,0.528,NA,NA,0,NA,NA,0,NA,NA,0,18.171,0.048,2,17.161,0.019,2,16.227,0.182,1,NA,NA,0,NA,NA,0
85.051192,0.601,-0.495304,0.366,16.008,0.118,17,16.684,0.083,17,NA,NA,0,16.282,0.048,16,15.737,0.128,16,15.509,0.122,14,NA,NA,0,NA,NA,0
85.052541,0.451,-0.508331,0.448,16.862,0.119,2,18.2,0.103,2,NA,NA,0,17.553,0.097,13,16.291,0.174,13,15.397,0.164,12,NA,NA,0,NA,NA,0
85.052776,0.537,-0.563786,0.542,16.522,0.104,12,17.679,0.169,12,NA,NA,0,17.08,0.071,15,16.173,0.14,15,15.577,0.121,10,NA,NA,0,NA,NA,0
85.053049,0.508,-0.764809,0.59,16.305,0.123,14,17.161,0.264,14,NA,NA,0,16.712,0.104,14,16.008,0.14,14,15.693,0.134,11,NA,NA,0,NA,NA,0
85.05311,0.455,-0.412633,0.379,15.904,0.095,15,17.331,0.107,15,NA,NA,0,16.561,0.063,16,15.279,0.136,16,14.563,0.135,16,NA,NA,0,NA,NA,0
85.053259,0.254,-0.267051,0.155,14.358,0.079,18,15.21,0.048,18,NA,NA,0,14.749,0.033,18,14.04,0.106,18,13.69,0.11,18,13.345,0.064,2,NA,NA,0
85.05528,0.75,-0.466828,0.602,16.463,0.123,16,17.263,0.16,16,NA,NA,0,16.833,0.068,14,16.185,0.128,14,15.826,0.147,10,NA,NA,0,NA,NA,0
85.055902,0.177,-0.320898,0.102,10.741,0.089,21,12.153,0.024,18,NA,NA,0,11.395,0.028,17,10.235,0.12,19,9.574,0.033,3,9.32,0.059,3,NA,NA,0
85.05674,0.761,-0.349598,0.646,16.989,0.101,5,17.955,0.173,5,NA,NA,0,17.544,0.127,10,16.738,0.156,10,16.299,0.085,7,NA,NA,0,NA,NA,0
85.057224,0.89,-0.480238,0.781,NA,NA,0,NA,NA,0,NA,NA,0,18.366,0.028,2,16.972,0.028,2,15.944,0.069,2,NA,NA,0,NA,NA,0
85.057421,0.428,-0.736805,0.473,15.637,0.15,15,16.701,0.084,15,NA,NA,0,16.142,0.07,12,15.156,0.166,12,14.627,0.124,11,NA,NA,0,NA,NA,0
85.058904,0.717,-0.645619,0.621,17.022,0.133,1,17.743,0.183,1,NA,NA,0,17.812,0.113,12,16.448,0.136,11,15.75,0.256,10,NA,NA,0,NA,NA,0
85.059067,0.808,-0.659016,0.819,NA,NA,0,NA,NA,0,NA,NA,0,17.91,0.136,6,17.122,0.238,6,16.57,0.248,1,NA,NA,0,NA,NA,0
85.063004,0.853,-0.803799,0.563,16.848,0.08,8,17.749,0.107,8,NA,NA,0,17.283,0.065,11,16.549,0.106,11,16.074,0.077,9,NA,NA,0,NA,NA,0
85.063499,0.824,-0.670261,0.239,17.309,0.173,1,18.352,0.34,1,NA,NA,0,17.875,0.001,2,17.027,0.008,2,NA,NA,0,NA,NA,0,NA,NA,0
85.064392,0.504,-0.414962,0.349,16.827,0.095,3,18.29,0.221,3,NA,NA,0,17.617,0.097,13,16.279,0.12,12,15.486,0.182,12,NA,NA,0,NA,NA,0
85.064799,0.649,-0.773176,0.733,NA,NA,0,NA,NA,0,NA,NA,0,17.849,0.114,8,16.706,0.086,8,16.315,0.199,5,NA,NA,0,NA,NA,0
85.066006,0.663,-0.396495,0.455,16.358,0.106,16,17.083,0.087,16,NA,NA,0,16.686,0.079,17,16.167,0.136,17,15.876,0.188,10,NA,NA,0,NA,NA,0
85.066376,0.852,-0.66845,0.539,NA,NA,0,NA,NA,0,NA,NA,0,17.919,0.039,2,16.828,0.139,2,16.275,0.188,1,NA,NA,0,NA,NA,0
85.067279,0.43,-0.430806,0.311,15.523,0.093,17,16.273,0.078,17,NA,NA,0,15.836,0.033,17,15.272,0.111,17,14.986,0.107,16,NA,NA,0,NA,NA,0
85.067756,0.659,-0.637264,0.622,16.682,0.112,10,17.78,0.191,10,NA,NA,0,17.268,0.086,13,16.242,0.154,13,15.672,0.22,11,NA,NA,0,NA,NA,0
85.068513,0.424,-0.406586,0.271,15.462,0.098,17,16.238,0.075,17,NA,NA,0,15.801,0.043,17,15.192,0.121,17,14.955,0.13,16,NA,NA,0,NA,NA,0
85.06863,0.216,-0.733526,0.619,NA,NA,0,NA,NA,0,NA,NA,0,17.983,0.113,3,17.158,0.057,3,NA,NA,0,NA,NA,0,NA,NA,0
85.069161,0.643,-0.281598,0.46,16.921,0.172,8,17.822,0.17,8,NA,NA,0,17.408,0.087,11,16.55,0.165,11,16.152,0.14,7,NA,NA,0,NA,NA,0
85.069781,0.929,-0.248625,0.449,NA,NA,0,NA,NA,0,NA,NA,0,18.217,0.057,2,17.033,0.073,2,16.067,0.171,1,NA,NA,0,NA,NA,0
85.069889,0.746,-0.485069,0.625,16.641,0.138,13,17.567,0.149,13,NA,NA,0,17.035,0.081,15,16.268,0.137,15,15.824,0.15,11,NA,NA,0,NA,NA,0
85.071152,0.14,-0.743757,0.091,10.425,0.097,20,10.732,0.028,20,NA,NA,0,10.546,0.05,17,10.343,0.127,17,10.317,0.15,17,10.195,0.012,3,NA,NA,0
85.071384,0.222,-0.754216,0.204,13.708,0.109,17,14.265,0.031,17,NA,NA,0,13.929,0.045,17,13.483,0.142,17,13.34,0.158,17,13.247,0.304,2,NA,NA,0
85.071416,0.856,-0.29674,0.571,17.526,0.196,1,17.771,0.196,1,NA,NA,0,18.125,0.092,4,17.155,0.067,4,16.563,0.269,1,NA,NA,0,NA,NA,0
85.071704,0.225,-0.475917,0.194,14.502,0.094,18,15.508,0.038,18,NA,NA,0,14.966,0.026,18,14.07,0.127,18,13.696,0.129,17,13.408,0.006,2,NA,NA,0
85.072563,0.336,-0.276024,0.295,15.59,0.097,17,16.497,0.081,17,NA,NA,0,16.006,0.033,17,15.224,0.117,17,14.784,0.102,16,NA,NA,0,NA,NA,0
85.072622,0.632,-0.455312,0.487,15.958,0.119,17,16.607,0.102,17,NA,NA,0,16.22,0.043,17,15.768,0.129,17,15.536,0.143,13,NA,NA,0,NA,NA,0
85.073418,0.684,-0.310641,0.533,17.165,0.026,4,18.267,0.274,4,NA,NA,0,17.795,0.18,11,16.492,0.148,11,16.035,0.129,10,NA,NA,0,NA,NA,0
85.073734,0.338,-0.651651,0.249,15.245,0.086,17,16.177,0.081,17,NA,NA,0,15.661,0.052,17,14.886,0.142,17,14.553,0.155,17,NA,NA,0,NA,NA,0
85.074258,0.746,-0.263522,0.428,NA,NA,0,NA,NA,0,NA,NA,0,18.006,0.149,7,17.022,0.067,7,16.435,0.238,1,NA,NA,0,NA,NA,0
85.074869,0.091,-0.535742,0.071,11.715,0.093,18,12.234,0.029,18,NA,NA,0,11.907,0.03,18,11.561,0.117,18,11.425,0.124,18,11.331,0.053,3,NA,NA,0
85.075491,0.574,-0.766833,0.466,16.043,0.139,17,16.814,0.086,17,NA,NA,0,16.369,0.088,16,15.722,0.134,15,15.408,0.167,15,NA,NA,0,NA,NA,0
85.077165,0.437,-0.737813,0.232,NA,NA,0,NA,NA,0,NA,NA,0,16.756,0.139,1,16.044,0.114,1,NA,NA,0,NA,NA,0,NA,NA,0
85.077751,0.211,-0.780217,0.207,13.901,0.118,18,15.175,0.044,18,NA,NA,0,14.475,0.06,18,13.399,0.156,18,12.875,0.165,18,12.57,0.094,3,NA,NA,0
85.077888,0.366,-0.414804,0.328,15.592,0.118,18,16.798,0.124,18,NA,NA,0,16.156,0.066,18,15.048,0.13,17,14.599,0.154,16,NA,NA,0,NA,NA,0
85.078944,0.751,-0.334064,0.696,17.266,0.087,2,18.065,0.068,2,NA,NA,0,17.956,0.14,6,17.249,0.138,6,NA,NA,0,NA,NA,0,NA,NA,0
85.079166,0.863,-0.792022,0.734,17.303,0.188,5,17.869,0.157,5,NA,NA,0,17.67,0.107,6,16.843,0.072,6,NA,NA,0,NA,NA,0,NA,NA,0
85.080015,0.098,-0.375059,0.088,12.613,0.08,18,13.258,0.036,18,NA,NA,0,12.891,0.026,18,12.388,0.105,18,12.179,0.11,18,12.003,0.096,3,NA,NA,0
85.080138,0.664,-0.582761,0.656,16.963,0.156,8,17.797,0.206,8,NA,NA,0,17.384,0.081,11,16.788,0.1,11,16.15,0.073,6,NA,NA,0,NA,NA,0
85.080242,0.72,-0.60269,0.684,17.056,0.149,7,17.793,0.195,7,NA,NA,0,17.499,0.108,12,16.801,0.165,12,16.152,0.118,6,NA,NA,0,NA,NA,0
85.08082,0.576,-0.407075,0.404,16.066,0.103,15,17.191,0.137,15,NA,NA,0,16.569,0.058,16,15.578,0.118,16,15.129,0.152,16,NA,NA,0,NA,NA,0
85.081238,0.445,-0.549959,0.409,15.871,0.098,17,16.705,0.13,17,NA,NA,0,16.258,0.046,17,15.59,0.142,16,15.272,0.171,15,NA,NA,0,NA,NA,0
85.081835,0.823,-0.669881,0.615,17.154,0.153,7,17.868,0.209,7,NA,NA,0,17.577,0.104,11,16.755,0.14,11,16.354,0.152,6,NA,NA,0,NA,NA,0
85.082111,0.925,-0.56474,0.585,16.484,0.113,14,17.534,0.125,14,NA,NA,0,16.961,0.067,15,16.171,0.202,15,15.614,0.111,12,NA,NA,0,NA,NA,0
85.084335,0.698,-0.614445,0.691,16.937,0.134,8,18.112,0.267,8,NA,NA,0,17.406,0.117,12,16.627,0.177,11,16.14,0.061,7,NA,NA,0,NA,NA,0
85.084613,0.208,-0.449812,0.193,14.682,0.076,18,15.41,0.039,18,NA,NA,0,15.007,0.03,18,14.413,0.112,17,14.121,0.099,16,NA,NA,0,NA,NA,0
85.084677,0.719,-0.520433,0.818,17.095,0.057,2,17.803,0.04,2,NA,NA,0,17.764,0.13,7,17.02,0.234,7,16.382,0.222,1,NA,NA,0,NA,NA,0
85.085319,0.611,-0.515866,0.566,16.58,0.158,13,17.612,0.116,13,NA,NA,0,16.997,0.062,13,16.219,0.164,13,15.745,0.097,8,NA,NA,0,NA,NA,0
85.085722,0.479,-0.759935,0.533,NA,NA,0,NA,NA,0,NA,NA,0,18.299,0.13,2,17.548,0.033,2,NA,NA,0,NA,NA,0,NA,NA,0
85.085771,0.432,-0.74883,0.383,15.698,0.103,18,16.652,0.106,18,NA,NA,0,16.098,0.056,18,15.277,0.142,17,14.963,0.169,17,NA,NA,0,NA,NA,0
85.086255,0.675,-0.443382,0.612,16.72,0.089,12,17.461,0.148,12,NA,NA,0,17.014,0.089,12,16.437,0.089,12,16.057,0.181,7,NA,NA,0,NA,NA,0
85.086685,0.686,-0.409184,0.601,16.651,0.17,15,17.285,0.091,15,NA,NA,0,16.862,0.084,15,16.327,0.102,15,16.182,0.153,8,NA,NA,0,NA,NA,0
85.087383,1.038,-0.499976,1.538,14.893,0.057,10,15.507,0.037,10,NA,NA,0,15.161,0.029,8,14.666,0.052,8,14.468,0.045,7,NA,NA,0,NA,NA,0
85.088968,0.686,-0.396664,1.16,15.981,0.078,16,16.772,0.12,16,NA,NA,0,16.342,0.065,12,15.745,0.1,11,15.425,0.184,9,NA,NA,0,NA,NA,0
85.088989,0.576,-0.681028,0.783,NA,NA,0,NA,NA,0,NA,NA,0,17.905,0.127,7,16.906,0.098,7,16.434,0.157,5,NA,NA,0,NA,NA,0
85.089077,0.539,-0.52604,0.262,NA,NA,0,NA,NA,0,NA,NA,0,18.693,0.327,3,17.706,0.32,3,NA,NA,0,NA,NA,0,NA,NA,0
85.089101,0.502,-0.502886,0.365,15.748,0.027,3,16.555,0.046,3,NA,NA,0,16.127,0.017,3,15.415,0.029,3,15.184,0.043,3,NA,NA,0,NA,NA,0
85.089425,0.22,-0.330697,0.132,13.852,0.089,18,15.682,0.042,18,NA,NA,0,14.704,0.03,18,13.111,0.138,18,12.269,0.138,18,11.735,0.069,3,NA,NA,0
85.089713,0.34,-0.399404,0.373,16.706,0.115,3,17.664,0.068,3,NA,NA,0,17.187,0.113,4,16.332,0.073,4,16.038,0.043,2,NA,NA,0,NA,NA,0
85.08986,0.703,-0.44591,0.643,16.667,0.115,11,17.521,0.125,11,NA,NA,0,17.031,0.057,13,16.345,0.098,12,16.032,0.153,9,NA,NA,0,NA,NA,0
85.091329,0.861,-0.318546,0.558,NA,NA,0,NA,NA,0,NA,NA,0,18.225,0.146,6,16.948,0.132,6,15.695,0.106,6,NA,NA,0,NA,NA,0
85.09157,0.701,-0.633303,0.849,NA,NA,0,NA,NA,0,NA,NA,0,18.129,0.045,3,17.292,0.254,3,NA,NA,0,NA,NA,0,NA,NA,0
85.092117,0.634,-0.597556,0.465,16.37,0.1,16,17.179,0.124,16,NA,NA,0,16.792,0.132,16,16.064,0.139,16,15.643,0.232,11,NA,NA,0,NA,NA,0
85.092806,0.105,-0.509732,0.222,12.334,0.084,18,12.793,0.045,18,NA,NA,0,12.508,0.048,18,12.193,0.108,18,12.052,0.115,18,11.95,0.055,3,NA,NA,0
85.09302,0.377,-0.505651,0.303,15.74,0.072,4,16.596,0.094,4,NA,NA,0,16.152,0.067,2,15.371,0.003,2,NA,NA,0,NA,NA,0,NA,NA,0
85.093427,0.568,-0.235094,0.518,16.563,0.125,14,17.368,0.145,14,NA,NA,0,16.928,0.084,16,16.28,0.132,16,15.879,0.1,9,NA,NA,0,NA,NA,0
85.09353,0.159,-0.459892,0.507,NA,NA,0,NA,NA,0,NA,NA,0,18.674,0.298,1,17.756,0.259,1,NA,NA,0,NA,NA,0,NA,NA,0
85.093625,0.714,-0.7071,0.627,16.722,0.17,14,17.443,0.137,14,NA,NA,0,17.028,0.062,12,16.349,0.164,12,16.014,0.123,8,NA,NA,0,NA,NA,0
85.093859,0.631,-0.434831,0.6,16.402,0.139,15,17.037,0.156,15,NA,NA,0,16.673,0.062,16,16.158,0.141,15,15.978,0.119,10,NA,NA,0,NA,NA,0
85.094412,0.783,-0.657637,0.475,NA,NA,0,NA,NA,0,NA,NA,0,18.441,0.177,3,16.958,0.095,3,15.684,0.06,3,NA,NA,0,NA,NA,0
85.095295,0.429,-0.604018,0.464,16.034,0.1,14,16.906,0.129,14,NA,NA,0,16.405,0.061,15,15.736,0.129,15,15.411,0.157,14,NA,NA,0,NA,NA,0
85.095469,0.414,-0.424287,0.315,15.809,0.093,16,17.001,0.106,16,NA,NA,0,16.36,0.056,17,15.376,0.122,17,14.912,0.109,15,NA,NA,0,NA,NA,0
85.095623,0.739,-0.664139,0.567,16.668,0.074,8,17.902,0.076,8,NA,NA,0,17.276,0.098,12,16.214,0.088,12,15.716,0.146,12,NA,NA,0,NA,NA,0
85.09583,0.437,-0.687423,0.396,16.103,0.143,14,17.163,0.142,14,NA,NA,0,16.597,0.084,15,15.668,0.127,15,15.241,0.189,15,NA,NA,0,NA,NA,0
85.096846,0.792,-0.641956,0.694,NA,NA,0,NA,NA,0,NA,NA,0,18.074,0.079,3,17.153,0.153,3,NA,NA,0,NA,NA,0,NA,NA,0
85.097819,1.016,-0.4009,0.614,17.345,0.392,2,17.825,0.083,2,NA,NA,0,17.854,0.104,8,16.906,0.194,8,16.362,0.215,1,NA,NA,0,NA,NA,0
85.098292,0.725,-0.494209,0.484,17.282,0.125,2,18.077,0.04,2,NA,NA,0,17.599,0.11,8,16.929,0.142,8,16.413,0.09,2,NA,NA,0,NA,NA,0
85.098342,0.625,-0.43294,0.555,16.379,0.134,15,17.047,0.119,15,NA,NA,0,16.675,0.065,15,16.144,0.144,15,15.876,0.179,8,NA,NA,0,NA,NA,0
85.09852,0.58,-0.329347,0.476,NA,NA,0,NA,NA,0,NA,NA,0,18.226,0.092,6,16.886,0.142,6,16.229,0.227,2,NA,NA,0,NA,NA,0
85.100613,0.343,-0.522609,0.333,15.895,0.352,14,17.143,0.473,14,NA,NA,0,16.556,0.538,15,15.321,0.418,15,14.192,0.401,15,NA,NA,0,NA,NA,0
85.1012,0.129,-0.771316,0.099,10.663,0.1,21,10.796,0.032,21,NA,NA,0,10.667,0.048,18,10.704,0.125,18,10.815,0.144,18,10.82,0.013,3,NA,NA,0
85.101242,0.173,-0.537882,0.093,11.595,0.092,18,12.078,0.03,18,NA,NA,0,11.77,0.029,18,11.463,0.115,18,11.368,0.123,18,11.299,0.058,3,NA,NA,0
85.102006,0.541,-0.596615,0.591,16.972,0.134,9,17.842,0.188,9,NA,NA,0,17.347,0.094,12,16.599,0.114,12,16.364,0.251,4,NA,NA,0,NA,NA,0
85.102531,0.603,-0.410898,0.427,16.334,0.089,15,17.099,0.117,15,NA,NA,0,16.664,0.053,16,16.118,0.135,16,15.805,0.17,13,NA,NA,0,NA,NA,0
85.10276,0.241,-0.455499,0.151,13.64,0.086,18,14.269,0.039,18,NA,NA,0,13.909,0.026,18,13.413,0.116,18,13.164,0.112,18,13.015,0.063,3,NA,NA,0
85.102811,0.44,-0.500605,0.185,13.543,0.094,18,14.794,0.036,18,NA,NA,0,14.123,0.054,13,13.072,0.095,13,12.551,0.113,13,12.228,0.097,3,NA,NA,0
85.102913,0.965,-0.610644,0.447,14.059,0.108,14,15.112,0.038,14,NA,NA,0,14.527,0.037,14,13.679,0.147,14,13.235,0.168,13,12.965,0.017,2,NA,NA,0
85.102914,0.467,-0.385209,0.447,15.904,0.116,17,16.863,0.078,17,NA,NA,0,16.368,0.046,16,15.558,0.105,16,15.192,0.146,16,NA,NA,0,NA,NA,0
85.102974,0.806,-0.797933,0.96,NA,NA,0,NA,NA,0,NA,NA,0,18.23,0.178,6,17.165,0.112,6,NA,NA,0,NA,NA,0,NA,NA,0
85.103509,0.709,-0.549748,0.417,17.299,0.194,1,18.232,0.337,1,NA,NA,0,17.854,0.085,4,17.084,0.277,4,NA,NA,0,NA,NA,0,NA,NA,0
85.104445,0.536,-0.650574,0.399,11.804,0.1,18,12.318,0.027,18,NA,NA,0,11.994,0.039,18,11.649,0.137,18,11.523,0.153,18,11.475,0.063,3,NA,NA,0
85.105609,0.528,-0.60536,0.636,17.178,0.056,2,17.828,0.066,2,NA,NA,0,17.587,0.031,7,16.892,0.158,7,16.426,0.157,2,NA,NA,0,NA,NA,0
85.105635,0.752,-0.514695,0.743,NA,NA,0,NA,NA,0,NA,NA,0,18.284,0.035,4,17.375,0.237,4,16.74,0.3,1,NA,NA,0,NA,NA,0
85.106611,0.477,-0.465885,0.394,15.978,0.119,16,17.136,0.133,16,NA,NA,0,16.481,0.061,17,15.55,0.136,16,15.076,0.167,16,NA,NA,0,NA,NA,0
85.107348,0.738,-0.611997,0.365,13.863,0.076,15,15.223,0.034,15,NA,NA,0,14.497,0.039,15,13.362,0.117,14,12.824,0.119,14,12.621,0.101,3,NA,NA,0
85.107699,0.82,-0.479754,0.896,17.54,0.093,2,17.977,0.166,2,NA,NA,0,18.059,0.187,6,17.219,0.195,6,16.31,0.208,1,NA,NA,0,NA,NA,0
85.107973,0.656,-0.647828,0.567,14.376,0.017,3,15.696,0.04,3,NA,NA,0,15.057,0.014,7,13.894,0.064,7,13.351,0.066,7,13.003,0.138,2,NA,NA,0
85.10949,0.293,-0.338582,0.193,14.412,0.081,18,15.301,0.054,18,NA,NA,0,14.809,0.036,18,14.083,0.114,18,13.753,0.121,18,13.429,0.004,2,NA,NA,0
85.110754,0.649,-0.745913,0.624,17.486,0.195,1,18.204,0.283,1,NA,NA,0,18.059,0.029,4,17.128,0.121,4,16.711,0.264,1,NA,NA,0,NA,NA,0
85.111211,0.855,-0.760571,0.582,17.459,0.209,1,18.548,0.413,1,NA,NA,0,17.927,0.196,2,17.283,0.019,2,NA,NA,0,NA,NA,0,NA,NA,0
85.111455,0.332,-0.418131,0.452,NA,NA,0,NA,NA,0,NA,NA,0,18.058,0.159,1,17.145,0.149,1,NA,NA,0,NA,NA,0,NA,NA,0
85.11237,0.221,-0.379455,0.276,NA,NA,0,NA,NA,0,NA,NA,0,18.254,0.204,1,17.7,0.269,1,NA,NA,0,NA,NA,0,NA,NA,0
85.112517,0.737,-0.316552,0.609,NA,NA,0,NA,NA,0,NA,NA,0,18.196,0.172,6,16.958,0.148,6,16.191,0.16,4,NA,NA,0,NA,NA,0
85.113269,0.663,-0.689392,0.647,17.139,0.21,4,18.071,0.113,4,NA,NA,0,17.585,0.081,10,16.813,0.097,10,16.239,0.188,7,NA,NA,0,NA,NA,0
85.114217,0.281,-0.546737,0.252,14.232,0.099,18,15.245,0.044,18,NA,NA,0,14.684,0.031,18,13.842,0.132,18,13.444,0.134,18,13.145,0.111,3,NA,NA,0
85.114282,0.595,-0.368731,0.809,NA,NA,0,NA,NA,0,NA,NA,0,17.997,0.119,4,17.187,0.132,4,16.307,0.201,1,NA,NA,0,NA,NA,0
85.116806,0.659,-0.676775,0.468,16.172,0.088,16,16.99,0.104,16,NA,NA,0,16.5,0.069,17,15.92,0.149,17,15.622,0.155,13,NA,NA,0,NA,NA,0
85.117357,0.507,-0.586817,0.598,17.347,0.169,2,18.074,0.096,2,NA,NA,0,17.651,0.123,8,17.043,0.191,8,16.202,0.178,1,NA,NA,0,NA,NA,0
85.117723,0.629,-0.252354,0.449,16.348,0.096,14,17.549,0.107,14,NA,NA,0,16.915,0.057,17,15.892,0.127,17,15.386,0.107,14,NA,NA,0,NA,NA,0
85.119563,0.092,-0.467782,0.068,12.286,0.089,18,12.91,0.03,18,NA,NA,0,12.546,0.027,18,12.059,0.112,18,11.829,0.112,18,11.753,0.05,3,NA,NA,0
85.121264,0.355,-0.256441,0.503,NA,NA,0,NA,NA,0,NA,NA,0,18.225,0.049,2,17.039,0.066,2,16.355,0.211,2,NA,NA,0,NA,NA,0
85.122157,0.531,-0.795681,0.381,15.489,0.13,18,16.386,0.068,18,NA,NA,0,15.876,0.063,18,15.137,0.145,18,14.719,0.133,16,NA,NA,0,NA,NA,0
85.122443,0.191,-0.665226,0.145,13.916,0.113,18,15.088,0.049,18,NA,NA,0,14.448,0.036,18,13.479,0.145,18,13.008,0.15,18,12.765,0.112,3,NA,NA,0
85.122994,0.722,-0.568066,0.656,16.934,0.076,10,17.894,0.202,10,NA,NA,0,17.364,0.125,12,16.565,0.118,12,15.999,0.15,8,NA,NA,0,NA,NA,0
85.123677,1.545,-0.608734,0.718,16.33,0.111,12,17.139,0.202,13,NA,NA,0,16.666,0.084,12,15.996,0.085,12,15.646,0.123,9,NA,NA,0,NA,NA,0
85.123926,0.475,-0.766319,0.566,15.711,0.089,16,16.493,0.071,16,NA,NA,0,16.031,0.044,17,15.398,0.129,16,15.159,0.143,16,NA,NA,0,NA,NA,0
85.123979,0.605,-0.616805,0.575,17.241,0.138,5,17.913,0.188,5,NA,NA,0,17.743,0.142,8,17.026,0.129,8,16.492,0.224,1,NA,NA,0,NA,NA,0
85.124781,0.197,-0.349084,0.262,NA,NA,0,NA,NA,0,NA,NA,0,17.943,0.15,1,17.26,0.169,1,NA,NA,0,NA,NA,0,NA,NA,0
85.12496,0.555,-0.761203,0.639,15.498,0.098,17,16.207,0.058,17,NA,NA,0,15.791,0.059,18,15.264,0.179,18,15.037,0.178,17,NA,NA,0,NA,NA,0
85.125584,0.188,-0.643223,0.196,14.541,0.103,18,15.235,0.04,18,NA,NA,0,14.838,0.037,18,14.279,0.128,18,14.018,0.143,18,NA,NA,0,NA,NA,0
85.125816,0.362,-0.609418,0.398,16.666,0.039,2,17.567,0.245,2,NA,NA,0,17.134,0.047,3,16.456,0.08,3,16.38,0.209,1,NA,NA,0,NA,NA,0
85.126209,0.256,-0.681904,0.211,14.482,0.109,18,15.694,0.061,18,NA,NA,0,15.028,0.04,18,13.994,0.145,18,13.49,0.148,18,13.083,0.126,3,NA,NA,0
85.127555,0.735,-0.452083,0.638,17.037,0.161,12,17.797,0.214,12,NA,NA,0,17.383,0.073,12,16.731,0.163,12,16.331,0.052,4,NA,NA,0,NA,NA,0
85.12773,0.621,-0.749235,0.624,16.505,0.134,11,17.481,0.14,11,NA,NA,0,17.001,0.052,15,16.175,0.162,15,15.792,0.189,12,NA,NA,0,NA,NA,0
85.127907,0.533,-0.797423,0.47,15.629,0.137,18,16.419,0.06,18,NA,NA,0,15.973,0.066,18,15.336,0.139,18,14.977,0.159,16,NA,NA,0,NA,NA,0
85.128138,0.566,-0.340704,0.563,17.251,0.142,2,18.183,0.188,2,NA,NA,0,17.989,0.138,6,17.186,0.076,6,NA,NA,0,NA,NA,0,NA,NA,0
85.128391,0.439,-0.355757,0.353,15.909,0.104,18,16.753,0.092,18,NA,NA,0,16.271,0.037,16,15.612,0.096,16,15.315,0.086,15,NA,NA,0,NA,NA,0
85.128681,0.131,-0.582122,0.096,12.132,0.089,18,12.382,0.028,18,NA,NA,0,12.191,0.037,18,12.111,0.114,18,12.127,0.12,18,12.118,0.019,3,NA,NA,0
85.131878,0.612,-0.334731,0.675,17.209,0.084,5,18.058,0.304,5,NA,NA,0,17.738,0.131,9,16.834,0.141,9,16.278,0.042,3,NA,NA,0,NA,NA,0
85.133486,0.823,-0.754996,0.585,16.85,0.125,10,17.639,0.151,10,NA,NA,0,17.248,0.095,13,16.543,0.123,13,16.231,0.183,8,NA,NA,0,NA,NA,0
85.133603,0.203,-0.380759,0.109,10.335,0.078,21,11.504,0.023,18,NA,NA,0,10.892,0.043,18,10.005,0.1,9,9.392,0.039,3,9.21,0.061,3,NA,NA,0
85.133613,0.629,-0.713318,0.711,17.041,0.126,1,17.935,0.216,1,NA,NA,0,17.629,0.123,12,16.532,0.152,12,15.969,0.18,9,NA,NA,0,NA,NA,0
85.134301,0.218,-0.588541,0.226,14.587,0.094,18,15.348,0.039,18,NA,NA,0,14.927,0.039,18,14.316,0.13,18,14.022,0.132,18,13.589,0.181,1,NA,NA,0
85.135996,0.336,-0.288215,0.248,15.287,0.105,17,17.22,0.17,17,NA,NA,0,16.19,0.052,18,14.489,0.134,18,13.587,0.124,18,13.077,0.118,1,NA,NA,0
85.136831,0.83,-0.439086,0.611,16.794,0.149,14,17.57,0.139,14,NA,NA,0,17.145,0.116,14,16.438,0.11,13,16.057,0.154,8,NA,NA,0,NA,NA,0
85.136927,0.607,-0.421603,0.666,17.198,0.208,5,17.791,0.134,5,NA,NA,0,17.483,0.055,8,16.795,0.145,8,16.436,0.215,4,NA,NA,0,NA,NA,0
85.137846,0.391,-0.739726,0.417,15.435,0.127,18,16.524,0.083,18,NA,NA,0,15.921,0.068,18,14.993,0.152,18,14.551,0.149,17,NA,NA,0,NA,NA,0
85.13787,0.763,-0.489872,0.511,16.594,0.099,16,17.5,0.178,16,NA,NA,0,17.039,0.078,16,16.25,0.123,16,15.809,0.119,10,NA,NA,0,NA,NA,0
85.138271,0.137,-0.257302,0.077,12.161,0.066,18,12.814,0.036,18,NA,NA,0,12.432,0.024,18,11.958,0.089,18,11.792,0.089,18,11.747,0.103,3,NA,NA,0
85.138518,0.489,-0.524547,0.435,15.777,0.106,18,16.62,0.079,18,NA,NA,0,16.131,0.046,18,15.456,0.113,18,15.136,0.104,15,NA,NA,0,NA,NA,0
85.139564,0.428,-0.562762,0.276,15.525,0.084,17,16.406,0.088,17,NA,NA,0,15.916,0.031,17,15.214,0.117,17,14.81,0.084,13,NA,NA,0,NA,NA,0
85.139574,0.553,-0.641186,0.519,16.663,0.133,12,17.761,0.255,12,NA,NA,0,17.223,0.078,15,16.255,0.166,15,15.767,0.146,10,NA,NA,0,NA,NA,0
85.147946,0.71,-0.584258,0.654,17.269,0.102,4,17.847,0.152,4,NA,NA,0,17.585,0.097,8,16.982,0.166,8,NA,NA,0,NA,NA,0,NA,NA,0
85.14845,0.692,-0.711145,0.779,17.06,0.099,3,18.118,0.147,3,NA,NA,0,17.872,0.119,10,16.682,0.128,10,16.109,0.163,8,NA,NA,0,NA,NA,0
85.148575,0.518,-0.537831,0.424,17.444,0.163,2,18.019,0.097,2,NA,NA,0,17.712,0.078,5,17.321,0.214,5,NA,NA,0,NA,NA,0,NA,NA,0
85.150015,0.778,-0.777139,0.531,15.689,0.121,18,16.513,0.09,18,NA,NA,0,16.014,0.068,16,15.282,0.133,15,15.008,0.154,15,NA,NA,0,NA,NA,0
85.150459,0.648,-0.39102,0.534,16.106,0.105,16,16.96,0.111,16,NA,NA,0,16.467,0.086,17,15.767,0.136,17,15.432,0.144,16,NA,NA,0,NA,NA,0
85.150929,0.279,-0.796301,0.219,NA,NA,0,NA,NA,0,NA,NA,0,18.296,0.046,3,17.56,0.157,3,NA,NA,0,NA,NA,0,NA,NA,0
85.151525,0.125,-0.301642,0.143,12.923,0.076,18,13.747,0.039,18,NA,NA,0,13.304,0.025,18,12.601,0.107,18,12.241,0.105,18,12.073,0.081,3,NA,NA,0
85.151968,0.444,-0.420878,0.5,15.567,0.129,18,16.412,0.082,18,NA,NA,0,15.896,0.063,18,15.23,0.123,18,14.945,0.116,17,NA,NA,0,NA,NA,0
85.152378,0.646,-0.348711,0.497,16.329,0.109,16,17.133,0.113,16,NA,NA,0,16.656,0.077,17,16.039,0.134,17,15.667,0.174,12,NA,NA,0,NA,NA,0
85.1538,0.314,-0.430435,0.217,NA,NA,0,NA,NA,0,NA,NA,0,17.948,0.04,2,16.974,0.08,2,NA,NA,0,NA,NA,0,NA,NA,0
85.155006,0.594,-0.778738,0.661,16.779,0.104,11,17.613,0.233,11,NA,NA,0,17.175,0.059,11,16.362,0.114,11,16.114,0.099,8,NA,NA,0,NA,NA,0
85.155516,0.688,-0.386311,0.509,16.7,0.116,8,17.655,0.171,8,NA,NA,0,17.249,0.081,16,16.318,0.138,16,15.856,0.181,11,NA,NA,0,NA,NA,0
85.157476,0.334,-0.264788,0.146,NA,NA,0,NA,NA,0,NA,NA,0,18.403,0.231,1,17.59,0.247,1,NA,NA,0,NA,NA,0,NA,NA,0
85.157715,0.455,-0.429635,0.312,15.454,0.098,18,16.232,0.077,18,NA,NA,0,15.813,0.037,17,15.163,0.097,17,14.816,0.12,17,NA,NA,0,NA,NA,0
85.158349,0.754,-0.755537,0.24,12.959,0.129,18,14.248,0.045,18,NA,NA,0,13.546,0.052,18,12.406,0.174,18,11.902,0.193,18,11.514,0.028,3,NA,NA,0
85.159381,0.844,-0.640321,0.594,17.179,0.143,9,17.721,0.085,9,NA,NA,0,17.504,0.128,9,16.943,0.099,9,16.555,0.217,1,NA,NA,0,NA,NA,0
85.161434,0.725,-0.78452,0.701,14.616,0.223,18,15.934,0.178,18,NA,NA,0,15.228,0.164,16,13.965,0.243,15,13.121,0.243,15,12.521,0.085,1,NA,NA,0
85.161481,1.109,-0.601657,0.787,NA,NA,0,NA,NA,0,NA,NA,0,18.354,0.093,2,17.511,0.051,2,NA,NA,0,NA,NA,0,NA,NA,0
85.163361,0.509,-0.753679,0.671,15.253,0.086,12,16.738,0.075,12,NA,NA,0,15.993,0.053,13,14.598,0.118,13,13.907,0.113,12,NA,NA,0,NA,NA,0
85.163511,0.588,-0.673313,1.114,17.329,0.297,5,17.975,0.14,5,NA,NA,0,17.633,0.116,5,16.879,0.119,5,NA,NA,0,NA,NA,0,NA,NA,0
85.163953,0.25,-0.291768,0.235,14.598,0.063,17,15.48,0.061,17,NA,NA,0,15.015,0.028,17,14.253,0.097,17,13.903,0.1,16,NA,NA,0,NA,NA,0
85.164237,0.789,-0.780118,0.653,16.099,0.125,9,17.428,0.162,9,NA,NA,0,16.76,0.073,16,15.422,0.172,16,14.287,0.178,16,NA,NA,0,NA,NA,0
85.164644,0.16,-0.29988,0.164,10.044,0.06,13,10.496,0.034,19,NA,NA,0,10.365,0.133,18,9.952,0.093,7,9.623,0.012,3,9.552,0.062,3,NA,NA,0
85.164942,0.461,-0.268084,0.421,16.006,0.104,16,17.048,0.16,16,NA,NA,0,16.491,0.054,17,15.593,0.108,17,15.169,0.144,17,NA,NA,0,NA,NA,0
85.165013,0.672,-0.26005,0.584,17.178,0.062,7,17.952,0.171,7,NA,NA,0,17.621,0.099,9,16.969,0.188,9,16.479,0.271,1,NA,NA,0,NA,NA,0
85.16617,0.558,-0.509274,0.371,15.719,0.072,17,16.495,0.073,17,NA,NA,0,16.053,0.054,18,15.433,0.108,17,15.106,0.154,17,NA,NA,0,NA,NA,0
85.166529,0.403,-0.530193,0.278,15.241,0.094,18,15.977,0.043,18,NA,NA,0,15.55,0.034,18,14.985,0.101,17,14.728,0.123,17,NA,NA,0,NA,NA,0
85.167738,0.585,-0.689243,0.706,NA,NA,0,NA,NA,0,NA,NA,0,18.104,0.261,4,17.266,0.039,4,NA,NA,0,NA,NA,0,NA,NA,0
85.167751,0.152,-0.248981,0.113,11.891,0.08,18,13.378,0.032,18,NA,NA,0,12.581,0.028,18,11.302,0.12,18,10.673,0.111,21,10.301,0.065,3,NA,NA,0
85.168374,0.777,-0.350357,0.523,16.664,0.108,14,17.357,0.111,14,NA,NA,0,16.992,0.079,14,16.489,0.168,14,16.211,0.136,6,NA,NA,0,NA,NA,0
85.168598,0.514,-0.372772,0.39,15.868,0.097,17,16.628,0.078,17,NA,NA,0,16.189,0.039,16,15.64,0.105,16,15.319,0.097,15,NA,NA,0,NA,NA,0
85.168845,0.681,-0.457408,0.583,17.065,0.138,7,18.038,0.124,7,NA,NA,0,17.461,0.132,11,16.7,0.117,11,16.217,0.166,8,NA,NA,0,NA,NA,0
85.169388,0.122,-0.42506,0.159,NA,NA,0,NA,NA,0,NA,NA,0,18.295,0.125,2,17.463,0.043,2,NA,NA,0,NA,NA,0,NA,NA,0
85.171247,0.486,-0.243707,0.712,NA,NA,0,NA,NA,0,NA,NA,0,17.633,0.162,1,16.476,0.117,1,NA,NA,0,NA,NA,0,NA,NA,0
85.171838,0.206,-0.342189,0.205,14.106,0.075,18,14.776,0.046,18,NA,NA,0,14.416,0.029,18,13.867,0.104,18,13.619,0.104,18,13.633,0.052,2,NA,NA,0
85.171848,0.532,-0.651349,0.54,16.139,0.106,16,17.228,0.173,16,NA,NA,0,16.63,0.086,17,15.706,0.115,16,15.309,0.179,17,NA,NA,0,NA,NA,0
85.172671,0.522,-0.608228,0.548,16.379,0.091,15,17.08,0.105,16,NA,NA,0,16.645,0.073,15,16.125,0.115,15,15.828,0.189,10,NA,NA,0,NA,NA,0
85.176544,0.793,-0.32538,0.677,17.413,0.178,4,18.212,0.11,4,NA,NA,0,18.003,0.094,7,17.187,0.131,7,16.399,0.228,1,NA,NA,0,NA,NA,0
85.177348,0.514,-0.759613,0.544,16.124,0.104,17,16.914,0.107,17,NA,NA,0,16.488,0.1,16,15.808,0.152,16,15.529,0.138,15,NA,NA,0,NA,NA,0
85.177351,0.249,-0.746192,0.247,14.748,0.111,17,15.543,0.046,17,NA,NA,0,15.099,0.048,17,14.436,0.141,17,14.154,0.136,17,14.002,0.248,1,NA,NA,0
85.178934,0.648,-0.402448,0.728,NA,NA,0,NA,NA,0,NA,NA,0,18,0.153,6,17.053,0.184,6,16.498,0.048,2,NA,NA,0,NA,NA,0
85.179449,0.683,-0.260984,0.56,17.042,0.144,13,17.688,0.171,13,NA,NA,0,17.31,0.091,15,16.65,0.141,15,16.292,0.074,6,NA,NA,0,NA,NA,0
85.179846,0.25,-0.367719,0.147,13.606,0.077,18,14.511,0.037,18,NA,NA,0,14.011,0.021,18,13.242,0.113,18,12.942,0.117,18,12.792,0.146,3,NA,NA,0
85.180079,0.673,-0.544267,0.737,17.117,0.088,7,17.983,0.224,7,NA,NA,0,17.491,0.12,11,16.746,0.122,11,16.252,0.254,6,NA,NA,0,NA,NA,0
85.180938,0.409,-0.453955,0.448,15.777,0.102,17,16.74,0.081,17,NA,NA,0,16.189,0.054,18,15.385,0.122,18,15.056,0.139,17,NA,NA,0,NA,NA,0
85.181117,0.455,-0.652078,0.453,16.091,0.122,16,17.046,0.107,16,NA,NA,0,16.518,0.088,17,15.742,0.144,16,15.402,0.149,16,NA,NA,0,NA,NA,0
85.181442,0.802,-0.764752,0.72,NA,NA,0,NA,NA,0,NA,NA,0,17.785,0.103,8,16.868,0.11,8,16.337,0.14,4,NA,NA,0,NA,NA,0
85.18159,0.678,-0.776407,0.614,16.68,0.187,10,18.059,0.208,10,NA,NA,0,17.311,0.1,15,16.152,0.155,15,15.6,0.199,11,NA,NA,0,NA,NA,0
85.182908,0.606,-0.671182,0.689,17.487,0.201,1,18.097,0.265,1,NA,NA,0,17.598,0.059,10,16.686,0.206,10,16.247,0.15,8,NA,NA,0,NA,NA,0
85.184575,0.589,-0.613147,0.622,NA,NA,0,NA,NA,0,NA,NA,0,18.151,0.208,5,17.221,0.116,5,16.458,0.229,1,NA,NA,0,NA,NA,0
85.184877,0.765,-0.771252,0.833,NA,NA,0,NA,NA,0,NA,NA,0,18.021,0.077,6,17.069,0.145,6,NA,NA,0,NA,NA,0,NA,NA,0
85.184979,0.583,-0.7129,0.545,16.522,0.121,14,17.182,0.111,14,NA,NA,0,16.818,0.099,15,16.201,0.149,15,15.897,0.215,11,NA,NA,0,NA,NA,0
85.184991,0.053,-0.441736,0.388,NA,NA,0,NA,NA,0,NA,NA,0,18.381,0.215,1,17.03,0.138,1,NA,NA,0,NA,NA,0,NA,NA,0
85.185148,0.381,-0.579203,0.368,15.854,0.103,16,16.829,0.122,16,NA,NA,0,16.355,0.064,16,15.491,0.138,16,15.116,0.172,16,NA,NA,0,NA,NA,0
85.185655,0.341,-0.390628,0.126,17.491,0.211,1,17.975,0.248,1,NA,NA,0,17.927,0.148,1,17.402,0.198,1,NA,NA,0,NA,NA,0,NA,NA,0
85.185718,0.608,-0.72919,0.653,17.51,0.041,3,17.944,0.221,3,NA,NA,0,17.862,0.147,7,17.135,0.124,7,16.3,0.188,1,NA,NA,0,NA,NA,0
85.18576,0.159,-0.565848,0.121,12.713,0.108,18,14.328,0.024,18,NA,NA,0,13.461,0.031,18,12.084,0.145,18,11.417,0.146,18,10.983,0.062,3,NA,NA,0
85.188096,0.53,-0.267092,0.548,17.23,0.17,1,17.623,0.175,1,NA,NA,0,17.727,0.133,7,16.872,0.075,7,NA,NA,0,NA,NA,0,NA,NA,0
85.188665,0.416,-0.637204,0.356,15.585,0.09,18,16.412,0.109,18,NA,NA,0,15.915,0.066,17,15.325,0.12,16,15.002,0.138,15,NA,NA,0,NA,NA,0
85.189147,0.371,-0.484549,0.34,15.147,0.068,18,15.878,0.067,18,NA,NA,0,15.467,0.03,18,14.889,0.109,18,14.598,0.128,18,NA,NA,0,NA,NA,0
85.189884,0.563,-0.432636,0.657,NA,NA,0,NA,NA,0,NA,NA,0,18.188,0.225,3,17.055,0.084,3,16.249,0.042,2,NA,NA,0,NA,NA,0
85.190216,0.365,-0.66539,0.419,15.944,0.096,16,16.854,0.114,16,NA,NA,0,16.32,0.053,17,15.642,0.109,17,15.276,0.133,13,NA,NA,0,NA,NA,0
85.190776,0.625,-0.646872,0.645,16.806,0.067,6,17.902,0.196,6,NA,NA,0,17.426,0.1,12,16.471,0.116,12,15.944,0.166,9,NA,NA,0,NA,NA,0
85.19281,0.657,-0.458656,0.619,17.125,0.154,1,18.219,0.298,1,NA,NA,0,18.119,0.179,4,17.413,0.266,4,NA,NA,0,NA,NA,0,NA,NA,0
85.194178,0.682,-0.492662,0.615,17.072,0.099,3,18.193,0.142,3,NA,NA,0,17.601,0.118,10,16.74,0.164,10,16.273,0.182,6,NA,NA,0,NA,NA,0
85.194195,0.232,-0.532435,0.184,14.552,0.083,17,15.303,0.049,17,NA,NA,0,14.884,0.038,17,14.278,0.117,17,14.008,0.124,17,NA,NA,0,NA,NA,0
85.194451,0.77,-0.410183,0.649,17.394,0.176,3,17.947,0.007,3,NA,NA,0,17.798,0.098,8,17.155,0.131,8,NA,NA,0,NA,NA,0,NA,NA,0
85.195262,0.736,-0.749444,0.525,NA,NA,0,NA,NA,0,NA,NA,0,18.303,0.241,3,17.1,0.147,3,16.49,0.232,1,NA,NA,0,NA,NA,0
85.196939,0.858,-0.2984,0.575,NA,NA,0,NA,NA,0,NA,NA,0,17.699,0.107,9,16.878,0.108,9,16.448,0.209,4,NA,NA,0,NA,NA,0
85.197074,0.802,-0.705395,0.72,NA,NA,0,NA,NA,0,NA,NA,0,18.169,0.132,7,17.036,0.113,7,16.562,0.177,5,NA,NA,0,NA,NA,0
85.197446,0.909,-0.327766,0.699,17.05,0.075,5,18.186,0.225,5,NA,NA,0,17.735,0.066,10,16.678,0.121,10,16.15,0.145,7,NA,NA,0,NA,NA,0
85.1979,0.185,-0.775366,0.205,NA,NA,0,NA,NA,0,NA,NA,0,18.131,0.178,1,17.781,0.262,1,NA,NA,0,NA,NA,0,NA,NA,0
85.198182,0.532,-0.604598,0.537,16.237,0.082,16,17.055,0.12,17,NA,NA,0,16.603,0.073,16,15.994,0.14,16,15.771,0.148,13,NA,NA,0,NA,NA,0
85.19907,0.26,-0.663326,0.245,15.154,0.111,18,16.297,0.07,18,NA,NA,0,15.658,0.039,18,14.729,0.138,18,14.274,0.129,18,14.185,0.29,1,NA,NA,0
85.199165,0.159,-0.621391,0.15,13.583,0.091,18,14.156,0.025,18,NA,NA,0,13.831,0.035,18,13.396,0.115,18,13.233,0.125,18,13.211,0.216,2,NA,NA,0
85.200016,0.471,-0.282292,0.442,16.11,0.087,17,16.991,0.11,17,NA,NA,0,16.549,0.055,16,15.798,0.091,16,15.406,0.156,16,NA,NA,0,NA,NA,0
85.200041,0.507,-0.268272,0.377,16.181,0.127,14,17.352,0.131,14,NA,NA,0,16.699,0.087,16,15.725,0.119,16,15.258,0.111,16,NA,NA,0,NA,NA,0
85.200163,0.135,-0.385431,0.154,12.95,0.083,18,13.869,0.034,18,NA,NA,0,13.368,0.026,18,12.575,0.107,18,12.283,0.108,18,12.153,0.079,3,NA,NA,0
85.200861,0.803,-0.584847,0.683,16.828,0.131,15,17.439,0.155,15,NA,NA,0,17.05,0.091,14,16.656,0.161,14,16.236,0.122,5,NA,NA,0,NA,NA,0
85.201292,0.745,-0.557278,0.672,17.593,0.228,1,17.826,0.224,1,NA,NA,0,17.72,0.082,6,17.225,0.191,6,NA,NA,0,NA,NA,0,NA,NA,0
85.203425,0.625,-0.544946,0.627,16.872,0.124,6,18.078,0.139,6,NA,NA,0,17.436,0.064,13,16.449,0.123,13,16.03,0.117,9,NA,NA,0,NA,NA,0
85.204414,0.225,-0.69237,0.226,15.064,0.084,16,16.057,0.065,16,NA,NA,0,15.525,0.055,16,14.71,0.126,16,14.353,0.153,16,NA,NA,0,NA,NA,0
85.204905,0.711,-0.434215,0.582,17.135,0.146,3,18.015,0.203,3,NA,NA,0,17.68,0.106,9,16.873,0.176,9,16.361,0.164,5,NA,NA,0,NA,NA,0
85.205672,0.773,-0.700829,0.708,16.891,0.251,10,17.619,0.17,10,NA,NA,0,17.26,0.083,11,16.658,0.166,11,16.332,0.167,6,NA,NA,0,NA,NA,0
85.205995,0.757,-0.316971,0.494,16.835,0.158,12,17.796,0.169,12,NA,NA,0,17.237,0.086,15,16.476,0.161,15,16.098,0.121,10,NA,NA,0,NA,NA,0
85.20624,0.76,-0.779174,0.587,15.039,0.115,7,15.946,0.059,7,NA,NA,0,15.482,0.038,7,14.709,0.144,7,14.38,0.119,4,NA,NA,0,NA,NA,0
85.206329,0.237,-0.26582,0.19,14.97,0.092,17,16.135,0.054,17,NA,NA,0,15.511,0.035,17,14.512,0.11,17,14.04,0.109,17,13.861,0.221,1,NA,NA,0
85.206501,0.627,-0.741402,0.507,15.866,0.13,17,16.698,0.1,17,NA,NA,0,16.238,0.066,18,15.518,0.164,18,15.18,0.184,17,NA,NA,0,NA,NA,0
85.208879,0.793,-0.589132,0.616,16.879,0.113,11,17.618,0.168,11,NA,NA,0,17.232,0.099,14,16.513,0.108,14,16.039,0.224,11,NA,NA,0,NA,NA,0
85.209887,1.112,-0.777804,0.527,13.843,0.112,10,14.539,0.02,10,NA,NA,0,14.156,0.034,9,13.568,0.113,9,13.295,0.157,6,12.962,0.023,2,NA,NA,0
85.210984,0.231,-0.388024,0.447,14.897,0.087,18,15.605,0.063,18,NA,NA,0,15.208,0.033,18,14.64,0.102,18,14.399,0.123,18,NA,NA,0,NA,NA,0
85.211409,0.488,-0.560002,0.349,15.278,0.087,15,16.452,0.065,15,NA,NA,0,15.835,0.037,14,14.83,0.115,14,14.326,0.1,14,13.899,0.231,1,NA,NA,0
85.211591,0.705,-0.342352,0.716,17.573,0.243,4,18.039,0.201,4,NA,NA,0,18.087,0.162,8,17.224,0.218,8,NA,NA,0,NA,NA,0,NA,NA,0
85.211616,0.448,-0.395176,0.624,16.048,0.116,16,16.883,0.094,16,NA,NA,0,16.445,0.052,17,15.753,0.112,17,15.466,0.165,15,NA,NA,0,NA,NA,0
85.212112,0.453,-0.694327,0.481,16.261,0.115,15,17.172,0.132,15,NA,NA,0,16.644,0.049,16,15.901,0.12,16,15.588,0.135,12,NA,NA,0,NA,NA,0
85.21261,0.469,-0.78947,0.411,15.966,0.101,16,16.968,0.129,16,NA,NA,0,16.425,0.09,17,15.531,0.144,17,15.149,0.152,17,NA,NA,0,NA,NA,0
85.21353,0.428,-0.293424,0.372,15.715,0.079,17,16.609,0.052,17,NA,NA,0,16.128,0.042,17,15.4,0.088,15,15.145,0.111,17,NA,NA,0,NA,NA,0
85.215315,0.133,-0.710843,0.099,11.141,0.107,18,12.328,0.034,18,NA,NA,0,11.674,0.043,18,10.687,0.133,21,10.262,0.143,21,9.984,0.029,3,NA,NA,0
85.21532,0.272,-0.603426,0.266,14.96,0.078,18,16.092,0.081,18,NA,NA,0,15.481,0.044,18,14.509,0.137,18,14.078,0.146,18,13.682,0.04,2,NA,NA,0
85.216268,0.685,-0.559451,0.522,16.037,0.08,14,16.873,0.15,14,NA,NA,0,16.451,0.052,13,15.756,0.095,13,15.385,0.138,12,NA,NA,0,NA,NA,0
85.21675,0.719,-0.353337,0.746,17.513,0.162,3,18.08,0.066,3,NA,NA,0,17.85,0.044,5,17.082,0.096,5,NA,NA,0,NA,NA,0,NA,NA,0
85.218203,0.628,-0.467335,0.567,NA,NA,0,NA,NA,0,NA,NA,0,18.451,0.133,3,17.611,0.103,3,NA,NA,0,NA,NA,0,NA,NA,0
85.218876,0.499,-0.450746,0.527,16.127,0.116,14,17.146,0.077,14,NA,NA,0,16.59,0.057,16,15.757,0.118,16,15.389,0.173,14,NA,NA,0,NA,NA,0
85.219049,0.259,-0.642744,0.356,NA,NA,0,NA,NA,0,NA,NA,0,18.436,0.159,3,17.346,0.034,3,NA,NA,0,NA,NA,0,NA,NA,0
85.219206,0.59,-0.294496,0.48,16.409,0.109,11,17.118,0.144,11,NA,NA,0,16.709,0.079,13,16.12,0.104,12,15.85,0.291,6,NA,NA,0,NA,NA,0
85.219221,0.433,-0.427864,0.615,NA,NA,0,NA,NA,0,NA,NA,0,18.632,0.175,3,17.102,0.031,3,16.391,0.227,1,NA,NA,0,NA,NA,0
85.219444,0.597,-0.554276,0.539,16.487,0.104,16,17.162,0.105,16,NA,NA,0,16.818,0.064,15,16.277,0.138,15,15.988,0.18,7,NA,NA,0,NA,NA,0
85.219662,0.11,-0.547028,0.139,12.771,0.114,18,13.874,0.049,18,NA,NA,0,13.286,0.039,18,12.328,0.149,18,11.862,0.147,18,11.606,0.067,3,NA,NA,0
85.219948,0.739,-0.657978,0.74,17.215,0.133,5,17.953,0.22,5,NA,NA,0,17.427,0.1,10,16.781,0.099,10,16.458,0.135,5,NA,NA,0,NA,NA,0
85.220313,0.597,-0.694158,0.557,16.219,0.105,16,17.047,0.108,16,NA,NA,0,16.609,0.066,17,15.923,0.15,17,15.634,0.166,13,NA,NA,0,NA,NA,0
85.220396,0.619,-0.328699,0.437,NA,NA,0,NA,NA,0,NA,NA,0,18.635,0.293,2,17.517,0.086,2,16.688,0.292,1,NA,NA,0,NA,NA,0
85.221493,0.805,-0.274565,0.561,17.027,0.08,10,17.826,0.137,10,NA,NA,0,17.378,0.107,13,16.686,0.178,13,16.414,0.211,5,NA,NA,0,NA,NA,0
85.221705,0.579,-0.380286,0.273,16.904,0.15,6,17.689,0.117,6,NA,NA,0,17.284,0.075,9,16.626,0.088,9,16.045,0.174,1,NA,NA,0,NA,NA,0
85.222222,0.424,-0.350919,0.356,15.833,0.095,17,16.719,0.11,17,NA,NA,0,16.268,0.047,17,15.472,0.105,17,15.049,0.131,16,NA,NA,0,NA,NA,0
85.223699,0.629,-0.612077,0.407,15.983,0.12,17,16.901,0.103,17,NA,NA,0,16.433,0.043,17,15.707,0.157,17,15.331,0.112,15,NA,NA,0,NA,NA,0
85.223867,0.691,-0.476976,0.618,17.389,0.204,6,17.928,0.171,6,NA,NA,0,17.727,0.058,11,17.048,0.185,11,16.433,0.008,2,NA,NA,0,NA,NA,0
85.224338,0.61,-0.505872,0.635,16.466,0.101,13,17.404,0.136,13,NA,NA,0,16.99,0.063,16,16.159,0.122,15,15.732,0.125,13,NA,NA,0,NA,NA,0
85.224379,0.412,-0.375119,0.245,13.493,0.079,18,14.211,0.039,18,NA,NA,0,13.814,0.021,18,13.235,0.11,18,12.993,0.106,18,12.831,0.115,3,NA,NA,0
85.224389,0.226,-0.291607,0.16,13.186,0.067,18,13.728,0.04,18,NA,NA,0,13.415,0.027,18,13.011,0.087,18,12.86,0.088,18,12.76,0.06,2,NA,NA,0
85.224715,0.745,-0.48981,0.779,17.359,0.076,2,18.286,0.127,2,NA,NA,0,17.81,0.104,9,16.853,0.123,9,16.175,0.081,4,NA,NA,0,NA,NA,0
85.226038,0.32,-0.282971,0.467,NA,NA,0,NA,NA,0,NA,NA,0,18.348,0.025,2,17.423,0.081,2,16.745,0.332,1,NA,NA,0,NA,NA,0
85.227523,0.118,-0.673457,0.159,13.764,0.092,18,14.404,0.036,18,NA,NA,0,14.05,0.045,18,13.536,0.125,18,13.317,0.12,18,13.229,0.146,2,NA,NA,0
85.228297,0.865,-0.50822,0.795,NA,NA,0,NA,NA,0,NA,NA,0,18.412,0.08,2,16.908,0.026,2,NA,NA,0,NA,NA,0,NA,NA,0
85.228539,0.577,-0.578017,0.468,16.081,0.128,16,16.837,0.086,16,NA,NA,0,16.428,0.051,17,15.773,0.107,17,15.472,0.15,16,NA,NA,0,NA,NA,0
85.229313,0.561,-0.302672,0.62,16.906,0.039,7,17.543,0.089,7,NA,NA,0,17.213,0.082,10,16.668,0.177,10,16.122,0.158,2,NA,NA,0,NA,NA,0
85.229662,0.559,-0.706333,0.455,17.619,0.249,1,18.325,0.324,1,NA,NA,0,18.203,0.082,2,17.134,0.267,2,NA,NA,0,NA,NA,0,NA,NA,0
85.230044,0.54,-0.377665,0.467,16.159,0.097,15,16.939,0.109,15,NA,NA,0,16.512,0.054,15,15.827,0.091,14,15.575,0.108,12,NA,NA,0,NA,NA,0
85.230834,0.906,-0.459739,0.764,17.038,0.004,2,17.942,0.044,2,NA,NA,0,17.83,0.107,12,16.625,0.119,11,16.023,0.214,10,NA,NA,0,NA,NA,0
85.231095,0.631,-0.607559,0.587,17.132,0.094,5,17.844,0.197,5,NA,NA,0,17.587,0.106,9,16.754,0.138,9,16.293,0.132,5,NA,NA,0,NA,NA,0
85.231131,0.506,-0.732867,0.486,16.287,0.124,15,17.1,0.105,15,NA,NA,0,16.677,0.078,15,15.893,0.135,15,15.569,0.106,12,NA,NA,0,NA,NA,0
85.231186,0.295,-0.764124,0.355,NA,NA,0,NA,NA,0,NA,NA,0,18.231,0.015,2,17.301,0.131,2,16.523,0.235,1,NA,NA,0,NA,NA,0
85.232321,0.593,-0.533983,1.284,16.423,0.097,13,17.382,0.124,13,NA,NA,0,16.894,0.105,13,16.113,0.112,13,15.758,0.105,10,NA,NA,0,NA,NA,0
85.232404,0.332,-0.531498,0.301,17.061,0.041,3,17.828,0.115,3,NA,NA,0,17.502,0.109,3,16.82,0.091,3,NA,NA,0,NA,NA,0,NA,NA,0
85.23252,0.128,-0.31005,0.093,11.715,0.069,18,12.23,0.037,18,NA,NA,0,11.931,0.025,18,11.55,0.091,18,11.416,0.09,18,11.385,0.067,3,NA,NA,0
85.234282,0.209,-0.419063,0.054,NA,NA,0,NA,NA,0,NA,NA,0,18.905,0.342,1,17.469,0.215,1,NA,NA,0,NA,NA,0,NA,NA,0
85.235794,0.375,-0.711626,0.521,17.332,0.179,2,17.986,0.128,2,NA,NA,0,18.08,0.054,2,17.636,0.147,2,NA,NA,0,NA,NA,0,NA,NA,0
85.236362,0.72,-0.517457,0.609,NA,NA,0,NA,NA,0,NA,NA,0,18.044,0.092,4,17.403,0.165,4,NA,NA,0,NA,NA,0,NA,NA,0
85.237157,0.748,-0.545693,0.814,17.186,0.159,5,18.091,0.158,5,NA,NA,0,17.625,0.069,9,16.854,0.108,9,16.423,0.191,4,NA,NA,0,NA,NA,0
85.239603,0.155,-0.389655,0.145,13.842,0.073,18,14.236,0.045,18,NA,NA,0,14.004,0.028,18,13.737,0.091,18,13.682,0.099,17,13.42,0.149,1,NA,NA,0
85.240571,0.158,-0.374195,0.124,NA,NA,0,NA,NA,0,NA,NA,0,17.962,0.161,1,17.206,0.178,1,NA,NA,0,NA,NA,0,NA,NA,0
85.241431,0.36,-0.683076,0.506,15.489,0.086,16,16.484,0.061,16,NA,NA,0,15.937,0.061,16,15.09,0.151,16,14.632,0.132,15,NA,NA,0,NA,NA,0
85.241696,0.134,-0.380093,0.177,13.637,0.076,18,14.266,0.044,18,NA,NA,0,13.907,0.027,18,13.419,0.096,18,13.223,0.098,18,12.96,0.113,2,NA,NA,0
85.242276,0.534,-0.62797,0.7,16.572,0.08,9,17.768,0.23,9,NA,NA,0,17.217,0.109,14,16.154,0.149,14,15.661,0.143,11,NA,NA,0,NA,NA,0
85.242281,0.772,-0.576049,0.587,NA,NA,0,NA,NA,0,NA,NA,0,18.091,0.176,3,17.224,0.131,3,NA,NA,0,NA,NA,0,NA,NA,0
85.243141,0.46,-0.670615,0.473,15.67,0.136,18,16.584,0.066,18,NA,NA,0,16.095,0.061,18,15.321,0.147,17,15.002,0.133,17,NA,NA,0,NA,NA,0
85.2442,0.908,-0.615217,0.79,NA,NA,0,NA,NA,0,NA,NA,0,18.065,0.122,8,17.012,0.201,8,16.586,0.087,4,NA,NA,0,NA,NA,0
85.244407,0.153,-0.709204,0.125,13.849,0.097,18,14.523,0.036,18,NA,NA,0,14.144,0.047,18,13.592,0.119,18,13.354,0.124,18,13.001,0.016,2,NA,NA,0
85.244796,0.353,-0.556443,0.403,15.443,0.116,18,16.44,0.064,18,NA,NA,0,15.883,0.039,18,14.983,0.133,17,14.581,0.144,18,NA,NA,0,NA,NA,0
85.245885,0.98,-0.337895,0.601,NA,NA,0,NA,NA,0,NA,NA,0,17.885,0.157,7,16.71,0.173,7,16.006,0.136,5,NA,NA,0,NA,NA,0
85.246866,0.617,-0.698067,0.673,16.646,0.144,6,18.021,0.199,6,NA,NA,0,17.412,0.158,14,16.14,0.152,14,15.574,0.177,12,NA,NA,0,NA,NA,0
85.247049,0.607,-0.528858,0.619,16.762,0.144,7,17.904,0.206,7,NA,NA,0,17.416,0.119,14,16.385,0.118,14,15.921,0.141,9,NA,NA,0,NA,NA,0
85.24784,0.198,-0.593491,0.335,13.952,0.11,18,15.297,0.052,18,NA,NA,0,14.583,0.039,18,13.42,0.14,18,12.822,0.147,18,12.495,0.156,3,NA,NA,0
85.248223,0.162,-0.328737,0.122,13.328,0.081,18,14.568,0.028,18,NA,NA,0,13.901,0.025,18,12.858,0.109,18,12.386,0.107,18,12.039,0.066,3,NA,NA,0
85.249637,0.456,-0.546313,0.561,NA,NA,0,NA,NA,0,NA,NA,0,18.233,0.123,3,17.422,0.155,3,NA,NA,0,NA,NA,0,NA,NA,0
85.249796,0.299,-0.42638,0.425,15.627,0.058,17,16.504,0.072,17,NA,NA,0,16.061,0.031,17,15.366,0.103,17,15.073,0.122,15,NA,NA,0,NA,NA,0
85.250046,0.528,-0.5997,0.606,16.882,0.129,10,17.678,0.169,10,NA,NA,0,17.286,0.101,11,16.592,0.104,11,16.512,0.265,3,NA,NA,0,NA,NA,0
85.250166,0.526,-0.714055,0.449,16.143,0.088,14,16.945,0.089,14,NA,NA,0,16.506,0.07,15,15.883,0.117,15,15.606,0.158,13,NA,NA,0,NA,NA,0
85.250378,0.707,-0.342759,0.689,17.354,0.011,2,18.108,0.131,2,NA,NA,0,17.931,0.073,8,17.204,0.168,8,16.099,0.184,1,NA,NA,0,NA,NA,0
85.250453,0.097,-0.440043,0.254,NA,NA,0,NA,NA,0,NA,NA,0,18.279,0.219,1,17.921,0.308,1,NA,NA,0,NA,NA,0,NA,NA,0
85.250783,0.628,-0.432177,0.542,16.637,0.087,13,17.538,0.093,13,NA,NA,0,17.078,0.087,15,16.209,0.113,15,15.821,0.162,10,NA,NA,0,NA,NA,0
85.251354,0.297,-0.413476,0.278,15.098,0.077,18,15.921,0.057,18,NA,NA,0,15.477,0.032,18,14.798,0.097,17,14.537,0.12,18,NA,NA,0,NA,NA,0
85.251487,0.293,-0.558631,0.324,15.283,0.082,16,15.909,0.053,17,NA,NA,0,15.563,0.045,16,15.089,0.11,16,14.833,0.153,16,NA,NA,0,NA,NA,0
85.251636,0.4,-0.579339,0.454,15.18,0.063,18,15.897,0.051,18,NA,NA,0,15.498,0.038,18,14.925,0.105,18,14.641,0.124,18,NA,NA,0,NA,NA,0
85.253139,0.708,-0.480809,0.462,17.634,0.212,1,17.969,0.234,1,NA,NA,0,18.161,0.17,4,17.487,0.141,4,NA,NA,0,NA,NA,0,NA,NA,0
85.256037,0.711,-0.320669,0.55,16.853,0.151,11,17.688,0.203,11,NA,NA,0,17.223,0.11,14,16.54,0.143,14,16.114,0.14,6,NA,NA,0,NA,NA,0
85.256324,0.783,-0.359483,0.631,17.24,0.06,4,18.058,0.188,4,NA,NA,0,17.634,0.115,9,16.81,0.15,9,16.202,0.189,5,NA,NA,0,NA,NA,0
85.256979,0.679,-0.430391,0.526,16.436,0.132,15,17.205,0.093,15,NA,NA,0,16.775,0.063,17,16.096,0.116,17,15.813,0.176,12,NA,NA,0,NA,NA,0
85.257254,0.295,-0.292921,0.274,15.117,0.081,18,15.707,0.055,18,NA,NA,0,15.363,0.037,18,14.907,0.098,18,14.723,0.099,18,NA,NA,0,NA,NA,0
85.257379,0.279,-0.307039,0.431,NA,NA,0,NA,NA,0,NA,NA,0,18.801,0.351,1,17.569,0.236,1,NA,NA,0,NA,NA,0,NA,NA,0
85.257718,0.683,-0.441578,0.652,17.033,0.16,9,17.756,0.118,9,NA,NA,0,17.373,0.074,12,16.654,0.127,11,16.246,0.173,7,NA,NA,0,NA,NA,0
85.25806,0.507,-0.758555,0.774,NA,NA,0,NA,NA,0,NA,NA,0,18.184,0.33,6,17.142,0.172,6,16.335,0.054,3,NA,NA,0,NA,NA,0
85.258693,0.126,-0.743888,0.116,11.3,0.11,18,12.566,0.045,18,NA,NA,0,11.879,0.055,18,10.777,0.135,21,10.298,0.144,21,9.961,0.049,3,NA,NA,0
85.259483,0.801,-0.730005,0.769,16.862,0.081,6,17.502,0.088,6,NA,NA,0,17.295,0.064,9,16.536,0.254,9,16.194,0.149,4,NA,NA,0,NA,NA,0
85.260234,0.187,-0.632593,0.315,14.213,0.104,18,15.593,0.039,18,NA,NA,0,14.907,0.039,18,13.589,0.14,18,12.897,0.149,18,12.531,0.104,3,NA,NA,0
85.26039,0.612,-0.637501,0.309,17.221,0.146,2,18.109,0.034,2,NA,NA,0,17.808,0.204,5,16.813,0.13,5,16.407,0.235,1,NA,NA,0,NA,NA,0
85.261096,0.578,-0.499714,0.369,16.165,0.108,13,17.594,0.181,13,NA,NA,0,16.849,0.056,14,15.559,0.133,14,14.721,0.096,12,NA,NA,0,NA,NA,0
85.261562,0.578,-0.53178,0.574,16.256,0.08,16,17.12,0.143,16,NA,NA,0,16.636,0.062,16,15.912,0.127,16,15.62,0.132,13,NA,NA,0,NA,NA,0
85.262003,0.391,-0.751254,0.367,15.735,0.096,16,16.794,0.102,16,NA,NA,0,16.179,0.101,17,15.319,0.134,17,14.897,0.135,13,NA,NA,0,NA,NA,0
85.263427,0.585,-0.728195,0.372,15.293,0.088,17,16.127,0.048,17,NA,NA,0,15.661,0.06,16,15,0.139,16,14.739,0.139,16,NA,NA,0,NA,NA,0
85.263732,0.385,-0.537712,0.343,15.081,0.079,18,15.81,0.038,18,NA,NA,0,15.418,0.039,18,14.839,0.112,18,14.572,0.139,17,NA,NA,0,NA,NA,0
85.263941,0.423,-0.7037,0.379,15.977,0.117,16,17.48,0.117,16,NA,NA,0,16.675,0.077,17,15.36,0.155,17,14.044,0.171,17,NA,NA,0,NA,NA,0
85.263976,0.536,-0.414769,0.45,16.392,0.05,15,17.31,0.17,15,NA,NA,0,16.833,0.078,16,16.104,0.114,16,15.754,0.102,11,NA,NA,0,NA,NA,0
85.265234,0.031,-0.499718,0.34,NA,NA,0,NA,NA,0,NA,NA,0,17.94,0.141,1,17.079,0.152,1,NA,NA,0,NA,NA,0,NA,NA,0
85.265648,0.289,-0.645154,0.1,11.544,0.11,18,13.089,0.037,18,NA,NA,0,12.267,0.042,18,10.936,0.134,21,10.338,0.137,21,9.962,0.034,3,NA,NA,0
85.266141,0.522,-0.50451,0.522,NA,NA,0,NA,NA,0,NA,NA,0,18.061,0.198,8,16.632,0.154,8,15.664,0.158,7,NA,NA,0,NA,NA,0
85.268544,0.204,-0.366388,0.176,12.21,0.08,18,13.011,0.038,18,NA,NA,0,12.577,0.025,18,11.902,0.102,18,11.591,0.099,18,11.415,0.088,3,NA,NA,0
85.268964,0.516,-0.588954,0.476,16.278,0.114,15,17.449,0.173,15,NA,NA,0,16.812,0.074,15,15.788,0.117,15,15.294,0.127,14,NA,NA,0,NA,NA,0
85.269159,0.272,-0.645743,0.093,14.421,0.015,1,15.727,0.033,1,NA,NA,0,NA,NA,0,NA,NA,0,NA,NA,0,NA,NA,0,NA,NA,0
85.269329,0.904,-0.30827,0.593,17.312,0.176,5,17.981,0.254,5,NA,NA,0,17.785,0.115,8,16.983,0.098,8,16.129,0.173,1,NA,NA,0,NA,NA,0
85.269581,0.274,-0.740894,0.164,13.828,0.102,18,14.588,0.038,18,NA,NA,0,14.169,0.051,18,13.514,0.124,18,13.258,0.124,18,13.23,0.202,3,NA,NA,0
85.271441,0.467,-0.518698,0.703,16.833,0.103,5,17.939,0.288,5,NA,NA,0,17.371,0.062,11,16.531,0.12,11,16.017,0.132,8,NA,NA,0,NA,NA,0
85.272774,0.615,-0.598602,0.702,NA,NA,0,NA,NA,0,NA,NA,0,18.292,0.143,4,16.953,0.184,4,16.233,0.118,2,NA,NA,0,NA,NA,0
85.273325,0.751,-0.423229,0.693,17.094,0.101,6,17.837,0.169,6,NA,NA,0,17.523,0.077,8,16.832,0.201,8,16.358,0.105,3,NA,NA,0,NA,NA,0
85.273444,0.64,-0.731903,0.672,16.628,0.124,13,17.64,0.191,13,NA,NA,0,17.111,0.08,15,16.114,0.154,15,15.64,0.117,12,NA,NA,0,NA,NA,0
85.273757,0.183,-0.556978,0.104,10.55,0.082,21,11.533,0.025,18,NA,NA,0,11.018,0.034,15,10.172,0.103,16,9.845,0.16,5,9.565,0.055,3,NA,NA,0
85.27427,0.736,-0.473024,0.626,16.714,0.135,14,17.399,0.137,14,NA,NA,0,17.024,0.066,15,16.506,0.139,15,16.014,0.228,5,NA,NA,0,NA,NA,0
85.274518,0.546,-0.354609,0.399,16,0.084,17,16.762,0.097,17,NA,NA,0,16.336,0.065,18,15.688,0.139,18,15.372,0.152,15,NA,NA,0,NA,NA,0
85.274692,0.138,-0.366137,0.121,11.295,0.067,18,11.689,0.035,18,NA,NA,0,11.443,0.027,18,11.193,0.087,18,11.135,0.087,18,11.16,0.08,3,NA,NA,0
85.275098,1.093,-0.489023,0.721,NA,NA,0,NA,NA,0,NA,NA,0,17.831,0.064,4,16.989,0.12,4,NA,NA,0,NA,NA,0,NA,NA,0
85.275164,0.65,-0.671202,1.445,16.947,0.116,1,17.9,0.162,1,NA,NA,0,17.513,0.117,4,16.648,0.224,4,NA,NA,0,NA,NA,0,NA,NA,0
85.275431,0.604,-0.546369,0.539,17.102,0.09,5,17.766,0.158,5,NA,NA,0,17.451,0.085,9,16.892,0.067,9,NA,NA,0,NA,NA,0,NA,NA,0
85.275784,0.591,-0.634332,0.79,NA,NA,0,NA,NA,0,NA,NA,0,18.198,0.1,3,16.727,0.072,3,15.961,0.088,3,NA,NA,0,NA,NA,0
85.276504,0.259,-0.478654,0.264,15.209,0.103,18,16.239,0.074,18,NA,NA,0,15.7,0.04,18,14.795,0.113,18,14.388,0.116,18,NA,NA,0,NA,NA,0
85.276552,0.456,-0.725291,0.36,15.505,0.099,17,16.095,0.057,17,NA,NA,0,15.755,0.05,17,15.328,0.12,17,15.158,0.151,17,NA,NA,0,NA,NA,0
85.279273,0.22,-0.511835,0.309,14.576,0.084,14,15.346,0.048,14,NA,NA,0,14.925,0.039,13,14.259,0.065,10,14.107,0.084,6,NA,NA,0,NA,NA,0
85.281219,0.492,-0.735099,1.429,17.338,0.19,1,17.926,0.223,1,NA,NA,0,17.807,0.123,4,17.052,0.1,4,16.714,0.312,1,NA,NA,0,NA,NA,0
85.281367,0.743,-0.335372,0.615,NA,NA,0,NA,NA,0,NA,NA,0,18.258,0.208,1,17.932,0.323,1,NA,NA,0,NA,NA,0,NA,NA,0
85.281657,0.366,-0.369469,0.483,15.943,0.046,9,16.708,0.122,9,NA,NA,0,16.304,0.076,5,15.589,0.025,5,15.397,0.17,3,NA,NA,0,NA,NA,0
85.281975,0.731,-0.315327,0.475,16.853,0.084,9,17.817,0.229,9,NA,NA,0,17.292,0.099,13,16.476,0.127,13,16.048,0.178,9,NA,NA,0,NA,NA,0
85.283067,0.347,-0.672043,0.312,15.111,0.108,18,15.962,0.073,18,NA,NA,0,15.506,0.05,18,14.768,0.12,18,14.416,0.124,18,13.911,0.239,1,NA,NA,0
85.283428,0.554,-0.6478,0.594,17.267,0.22,3,17.941,0.165,3,NA,NA,0,17.624,0.14,8,16.767,0.132,8,16.286,0.047,3,NA,NA,0,NA,NA,0
85.283649,0.737,-0.331394,0.594,16.899,0.155,13,17.623,0.19,13,NA,NA,0,17.328,0.071,13,16.608,0.12,13,16.128,0.171,8,NA,NA,0,NA,NA,0
85.283909,0.146,-0.390864,0.09,10.665,0.074,20,11.797,0.028,17,NA,NA,0,11.193,0.024,15,10.271,0.104,18,9.953,0.133,5,9.628,0.055,3,NA,NA,0
85.2844,0.406,-0.541095,0.342,15.466,0.088,18,16.303,0.076,18,NA,NA,0,15.848,0.047,18,15.145,0.114,17,14.852,0.134,17,NA,NA,0,NA,NA,0
85.284429,0.637,-0.57834,0.612,17.092,0.071,6,17.872,0.099,6,NA,NA,0,17.498,0.097,9,16.963,0.098,9,16.506,0.01,2,NA,NA,0,NA,NA,0
85.285105,0.509,-0.510588,0.312,15.151,0.059,8,15.844,0.041,8,NA,NA,0,15.406,0.039,1,NA,NA,0,14.788,0.098,1,NA,NA,0,NA,NA,0
85.285164,0.456,-0.740282,0.196,NA,NA,0,NA,NA,0,NA,NA,0,18.108,0.183,1,17.636,0.244,1,NA,NA,0,NA,NA,0,NA,NA,0
85.286195,0.214,-0.353856,0.154,14.014,0.064,18,14.618,0.045,18,NA,NA,0,14.281,0.028,18,13.818,0.093,18,13.643,0.101,18,13.473,0.153,1,NA,NA,0
85.286704,0.634,-0.412616,0.748,NA,NA,0,NA,NA,0,NA,NA,0,18.212,0.166,5,16.882,0.075,5,16.272,0.214,4,NA,NA,0,NA,NA,0
85.287495,0.288,-0.619172,0.27,14.722,0.067,17,15.413,0.044,17,NA,NA,0,15.035,0.043,17,14.482,0.105,17,14.245,0.119,17,NA,NA,0,NA,NA,0
85.287499,0.225,-0.501345,0.236,9.752,0.013,3,11.313,0.029,18,NA,NA,0,10.579,0.079,18,9.179,0.017,3,8.586,0.008,3,8.247,0.053,3,NA,NA,0
85.287513,0.772,-0.611068,0.642,16.976,0.13,10,17.741,0.151,10,NA,NA,0,17.314,0.098,13,16.617,0.12,13,16.289,0.134,7,NA,NA,0,NA,NA,0
85.287776,0.818,-0.439675,0.741,17.396,0.189,1,18.124,0.27,1,NA,NA,0,17.805,0.05,5,17.183,0.16,5,NA,NA,0,NA,NA,0,NA,NA,0
85.288516,0.435,-0.47093,0.642,NA,NA,0,NA,NA,0,NA,NA,0,18.679,0.294,2,17.202,0.028,2,16.114,0.073,2,NA,NA,0,NA,NA,0
85.289655,0.82,-0.510401,0.499,15.947,0.049,6,16.827,0.036,6,NA,NA,0,NA,NA,0,NA,NA,0,NA,NA,0,NA,NA,0,NA,NA,0
85.289842,0.453,-0.320195,0.322,15.601,0.091,18,16.416,0.082,18,NA,NA,0,15.988,0.04,18,15.294,0.113,18,15.037,0.155,17,NA,NA,0,NA,NA,0
85.290065,0.353,-0.5459,0.309,15.358,0.078,18,16.359,0.058,18,NA,NA,0,15.837,0.053,18,14.994,0.126,18,14.654,0.124,18,13.921,0.385,1,NA,NA,0
85.291159,0.388,-0.715209,0.388,13.867,0.098,18,14.756,0.044,18,NA,NA,0,14.282,0.048,18,13.523,0.129,18,13.158,0.142,18,12.871,0.045,2,NA,NA,0
85.291585,0.575,-0.53398,0.433,16.666,0.127,16,17.499,0.203,16,NA,NA,0,17.015,0.071,17,16.383,0.137,16,16.023,0.131,9,NA,NA,0,NA,NA,0
85.292128,0.379,-0.384186,0.816,NA,NA,0,NA,NA,0,NA,NA,0,17.953,0.121,1,17.049,0.158,1,NA,NA,0,NA,NA,0,NA,NA,0
85.292318,0.258,-0.58163,0.196,14.222,0.088,18,14.962,0.03,18,NA,NA,0,14.545,0.034,18,13.962,0.112,18,13.719,0.115,18,13.367,0.347,2,NA,NA,0
85.29341,0.117,-0.708517,0.097,11.238,0.097,18,11.575,0.028,18,NA,NA,0,11.349,0.042,18,11.168,0.111,18,11.135,0.121,18,11.13,0.041,3,NA,NA,0
85.295125,0.689,-0.639828,0.567,NA,NA,0,NA,NA,0,NA,NA,0,17.883,0.164,9,16.896,0.185,9,16.259,0.258,5,NA,NA,0,NA,NA,0
85.295141,0.579,-0.564885,0.413,15.777,0.085,17,16.635,0.063,17,NA,NA,0,16.177,0.055,17,15.466,0.121,16,15.127,0.191,16,NA,NA,0,NA,NA,0
85.296832,0.785,-0.605575,0.628,16.995,0.18,8,17.883,0.183,8,NA,NA,0,17.558,0.112,13,16.732,0.138,13,16.366,0.242,5,NA,NA,0,NA,NA,0
85.298706,0.204,-0.586586,0.166,14.319,0.09,18,15.081,0.037,18,NA,NA,0,14.658,0.029,18,14.054,0.115,18,13.789,0.114,18,13.375,0.141,1,NA,NA,0
85.298987,0.303,-0.452294,0.31,17.508,0.083,2,18.307,0.529,2,NA,NA,0,18.021,0.145,3,17.305,0.245,3,NA,NA,0,NA,NA,0,NA,NA,0
85.299365,0.433,-0.336438,0.344,15.607,0.054,17,16.358,0.065,17,NA,NA,0,15.946,0.057,17,15.305,0.104,17,15.096,0.126,17,NA,NA,0,NA,NA,0
85.299814,0.376,-0.351684,0.252,15.201,0.081,17,15.855,0.058,17,NA,NA,0,15.503,0.039,17,14.952,0.1,17,14.742,0.091,17,NA,NA,0,NA,NA,0
85.300665,0.206,-0.419696,0.315,NA,NA,0,NA,NA,0,NA,NA,0,17.558,0.024,3,16.476,0.038,3,15.852,0.114,3,NA,NA,0,NA,NA,0
85.30314,0.393,-0.53816,0.497,15.511,0.1,18,16.397,0.065,18,NA,NA,0,15.904,0.065,17,15.215,0.104,16,14.941,0.143,16,NA,NA,0,NA,NA,0
85.304009,0.409,-0.705564,0.414,16.086,0.146,16,17.108,0.093,16,NA,NA,0,16.565,0.065,16,15.674,0.114,16,15.281,0.157,15,NA,NA,0,NA,NA,0
85.304116,0.838,-0.418537,0.31,15.098,0.076,17,15.814,0.059,17,NA,NA,0,15.409,0.025,17,14.835,0.094,17,14.588,0.107,17,NA,NA,0,NA,NA,0
85.304208,0.783,-0.528577,0.687,16.549,0.162,14,17.536,0.176,14,NA,NA,0,16.96,0.053,14,16.145,0.122,14,15.744,0.271,8,NA,NA,0,NA,NA,0
85.306407,0.255,-0.463322,0.192,14.08,0.077,18,14.823,0.048,18,NA,NA,0,14.411,0.028,18,13.812,0.101,18,13.577,0.094,18,13.391,0.126,3,NA,NA,0
85.307322,0.31,-0.52712,0.452,NA,NA,0,NA,NA,0,NA,NA,0,18.163,0.156,2,17.552,0.058,2,NA,NA,0,NA,NA,0,NA,NA,0
85.307949,0.519,-0.501902,0.242,NA,NA,0,NA,NA,0,NA,NA,0,18.456,0.135,2,17.621,0.09,2,NA,NA,0,NA,NA,0,NA,NA,0
85.310634,0.299,-0.621219,0.755,NA,NA,0,NA,NA,0,NA,NA,0,18.064,0.067,2,17.31,0.025,2,NA,NA,0,NA,NA,0,NA,NA,0
85.312309,0.297,-0.560676,0.278,15.126,0.096,18,15.756,0.049,18,NA,NA,0,15.395,0.039,18,14.931,0.113,18,14.703,0.118,17,NA,NA,0,NA,NA,0
85.312347,0.417,-0.382801,0.087,NA,NA,0,NA,NA,0,NA,NA,0,18.053,0.157,1,17.311,0.193,1,NA,NA,0,NA,NA,0,NA,NA,0
85.312852,0.599,-0.709241,0.458,16.858,0.119,1,18.372,0.335,1,NA,NA,0,17.563,0.138,14,16.288,0.175,14,15.311,0.173,14,NA,NA,0,NA,NA,0
85.313517,0.455,-0.394539,0.386,15.694,0.074,17,16.585,0.095,17,NA,NA,0,16.094,0.049,17,15.393,0.117,17,15.089,0.121,17,NA,NA,0,NA,NA,0
85.313705,0.577,-0.416285,0.604,16.711,0.105,14,17.513,0.13,14,NA,NA,0,17.026,0.101,15,16.381,0.064,15,16.159,0.09,8,NA,NA,0,NA,NA,0
85.313981,0.527,-0.585268,0.795,17.108,0.067,8,17.834,0.233,8,NA,NA,0,17.463,0.081,11,16.722,0.118,11,16.44,0.125,6,NA,NA,0,NA,NA,0
85.314985,0.123,-0.670542,0.119,13.045,0.1,18,13.853,0.026,18,NA,NA,0,13.417,0.042,18,12.749,0.123,18,12.449,0.129,18,12.222,0.05,3,NA,NA,0
85.315859,0.325,-0.533256,0.241,14.919,0.085,17,16.003,0.062,17,NA,NA,0,15.426,0.031,17,14.511,0.113,17,14.111,0.116,17,NA,NA,0,NA,NA,0
85.315895,0.635,-0.504508,0.646,15.97,0.086,17,16.686,0.123,17,NA,NA,0,16.301,0.04,17,15.754,0.133,17,15.557,0.193,13,NA,NA,0,NA,NA,0
85.316016,0.408,-0.71467,0.361,15.266,0.138,18,16.143,0.061,18,NA,NA,0,15.65,0.05,18,14.94,0.14,18,14.621,0.148,18,NA,NA,0,NA,NA,0
85.316337,0.739,-0.59898,0.668,NA,NA,0,NA,NA,0,NA,NA,0,18.048,0.143,7,17.104,0.14,7,16.492,0.219,1,NA,NA,0,NA,NA,0
85.318187,0.586,-0.572739,0.653,16.488,0.093,15,17.52,0.117,15,NA,NA,0,16.981,0.078,16,16.037,0.116,16,15.6,0.187,13,NA,NA,0,NA,NA,0
85.31836,0.292,-0.49974,0.26,15.121,0.068,17,15.905,0.05,17,NA,NA,0,15.481,0.046,17,14.84,0.105,17,14.593,0.111,16,NA,NA,0,NA,NA,0
85.318851,0.797,-0.334558,0.551,16.989,0.184,11,17.626,0.165,11,NA,NA,0,17.331,0.09,13,16.772,0.185,13,16.503,0.252,6,NA,NA,0,NA,NA,0
85.318895,0.886,-0.44599,0.641,16.992,0.103,13,17.588,0.154,13,NA,NA,0,17.274,0.064,14,16.769,0.153,14,16.33,0.036,3,NA,NA,0,NA,NA,0
85.319215,0.347,-0.483576,0.294,17.596,0.219,1,18.215,0.298,1,NA,NA,0,18.463,0.024,2,17.439,0.173,2,NA,NA,0,NA,NA,0,NA,NA,0
85.319925,0.399,-0.554448,0.315,14.863,0.087,18,15.189,0.045,18,NA,NA,0,14.974,0.046,18,14.838,0.089,18,14.84,0.144,17,NA,NA,0,NA,NA,0
85.321381,0.196,-0.357112,0.255,14.418,0.105,18,15.015,0.072,18,NA,NA,0,14.689,0.063,18,14.203,0.107,18,14.019,0.109,18,13.72,0.188,1,NA,NA,0
85.321745,0.621,-0.49186,0.569,NA,NA,0,NA,NA,0,NA,NA,0,18.196,0.017,2,17.355,0.075,2,NA,NA,0,NA,NA,0,NA,NA,0
85.326277,0.308,-0.563179,0.379,15.577,0.085,17,16.737,0.084,17,NA,NA,0,16.086,0.061,17,15.172,0.115,17,14.725,0.159,17,NA,NA,0,NA,NA,0
85.330232,0.608,-0.663044,0.717,NA,NA,0,NA,NA,0,NA,NA,0,18.286,0.19,4,17.265,0.075,4,16.38,0.193,4,NA,NA,0,NA,NA,0
85.331611,0.278,-0.400187,0.204,NA,NA,0,NA,NA,0,NA,NA,0,18.693,0.294,1,17.424,0.213,1,NA,NA,0,NA,NA,0,NA,NA,0
85.331825,0.546,-0.37044,0.603,NA,NA,0,NA,NA,0,NA,NA,0,18.04,0.15,4,17.045,0.119,4,NA,NA,0,NA,NA,0,NA,NA,0
85.332483,0.546,-0.655241,0.424,NA,NA,0,NA,NA,0,NA,NA,0,18.477,0.241,1,17.267,0.175,1,NA,NA,0,NA,NA,0,NA,NA,0
85.332524,2.925,-0.463398,1.073,15.185,0.164,7,15.688,0.282,7,NA,NA,0,15.457,0.238,8,14.972,0.138,7,14.687,0.137,8,NA,NA,0,NA,NA,0
85.3328,0.466,-0.499238,0.458,15.859,0.099,16,16.446,0.062,16,NA,NA,0,16.118,0.057,16,15.693,0.11,16,15.554,0.173,14,NA,NA,0,NA,NA,0
85.334896,0.774,-0.462617,0.776,15.079,0.036,5,15.717,0.047,5,NA,NA,0,15.395,0.047,7,14.876,0.04,7,14.628,0.091,7,NA,NA,0,NA,NA,0
85.335308,0.412,-0.528821,0.591,15.488,0.093,18,16.185,0.074,18,NA,NA,0,15.781,0.035,17,15.205,0.087,17,14.989,0.139,17,NA,NA,0,NA,NA,0
85.335442,0.886,-0.599156,0.725,16.876,0.153,9,17.76,0.189,9,NA,NA,0,17.308,0.047,14,16.523,0.121,14,16.104,0.226,8,NA,NA,0,NA,NA,0
85.336135,0.37,-0.422663,0.335,15.041,0.078,18,15.855,0.058,18,NA,NA,0,15.394,0.044,18,14.75,0.107,18,14.502,0.109,18,NA,NA,0,NA,NA,0
85.336369,0.031,-0.483484,0.027,NA,NA,0,NA,NA,0,NA,NA,0,19.225,0.468,1,17.172,0.174,1,NA,NA,0,NA,NA,0,NA,NA,0
85.336887,0.606,-0.606935,0.422,16.334,0.089,15,17.508,0.167,15,NA,NA,0,16.873,0.063,17,15.939,0.159,17,15.489,0.177,14,NA,NA,0,NA,NA,0
85.336968,0.518,-0.590676,0.507,16.25,0.082,15,16.783,0.083,15,NA,NA,0,16.509,0.038,16,16.095,0.104,16,15.812,0.111,12,NA,NA,0,NA,NA,0
85.338508,0.858,-0.663702,0.919,17.242,0.17,4,18.021,0.083,4,NA,NA,0,17.759,0.098,10,16.84,0.125,10,16.48,0.214,5,NA,NA,0,NA,NA,0
85.339029,0.549,-0.462808,0.489,NA,NA,0,NA,NA,0,NA,NA,0,17.623,0.048,3,16.778,0.142,2,NA,NA,0,NA,NA,0,NA,NA,0
85.341109,0.563,-0.474375,0.6,16.299,0.154,16,17.158,0.133,16,NA,NA,0,16.678,0.091,17,15.928,0.127,17,15.534,0.13,14,NA,NA,0,NA,NA,0
85.341983,0.817,-0.546656,0.834,NA,NA,0,NA,NA,0,NA,NA,0,18.249,0.15,7,17.044,0.134,7,16.28,0.18,4,NA,NA,0,NA,NA,0
85.342391,0.789,-0.674719,0.833,NA,NA,0,NA,NA,0,NA,NA,0,18.063,0.088,9,16.569,0.132,9,16.054,0.144,8,NA,NA,0,NA,NA,0
85.347803,0.244,-0.390374,0.285,14.094,0.073,18,15.015,0.026,18,NA,NA,0,14.514,0.027,18,13.773,0.095,18,13.483,0.087,18,13.186,0.2,3,NA,NA,0
85.348012,0.6,-0.62079,0.551,16.172,0.096,16,16.889,0.13,16,NA,NA,0,16.5,0.072,17,15.936,0.124,17,15.687,0.205,14,NA,NA,0,NA,NA,0
85.348202,0.224,-0.405988,0.204,14.813,0.065,17,15.504,0.041,17,NA,NA,0,15.121,0.027,17,14.57,0.095,17,14.384,0.094,17,NA,NA,0,NA,NA,0
85.348393,0.512,-0.606314,0.442,NA,NA,0,NA,NA,0,NA,NA,0,18.367,0.221,1,17.296,0.193,1,NA,NA,0,NA,NA,0,NA,NA,0
85.348847,0.609,-0.422097,0.645,16.979,0.096,8,17.875,0.239,8,NA,NA,0,17.445,0.099,11,16.626,0.165,11,16.216,0.188,6,NA,NA,0,NA,NA,0
85.350515,0.512,-0.574508,0.324,17.772,0.259,1,18.219,0.279,1,NA,NA,0,18.32,0.17,3,17.831,0.161,3,NA,NA,0,NA,NA,0,NA,NA,0
85.352035,0.827,-0.61124,0.761,16.728,0.168,6,17.83,0.208,6,NA,NA,0,17.279,0.078,14,16.141,0.117,14,15.625,0.226,11,NA,NA,0,NA,NA,0
85.352404,0.328,-0.535531,0.32,15.563,0.087,17,16.683,0.078,17,NA,NA,0,16.086,0.063,17,15.143,0.108,17,14.703,0.116,17,NA,NA,0,NA,NA,0
85.353219,0.741,-0.607363,0.656,16.642,0.158,12,17.503,0.135,12,NA,NA,0,17.092,0.08,14,16.263,0.084,14,15.888,0.109,9,NA,NA,0,NA,NA,0
85.354474,0.652,-0.556779,0.735,16.623,0.148,11,17.65,0.126,11,NA,NA,0,17.1,0.106,15,16.33,0.187,15,15.928,0.142,10,NA,NA,0,NA,NA,0
85.354975,0.681,-0.635413,0.61,17.3,0.154,2,18.093,0.091,2,NA,NA,0,17.79,0.104,4,16.957,0.114,4,NA,NA,0,NA,NA,0,NA,NA,0
85.354998,0.543,-0.467594,0.524,16.226,0.1,16,17.114,0.099,16,NA,NA,0,16.662,0.06,17,15.874,0.112,16,15.554,0.153,14,NA,NA,0,NA,NA,0
85.356467,0.996,-0.550387,0.754,14.689,0.108,9,15.664,0.042,9,NA,NA,0,15.172,0.023,10,14.251,0.177,10,13.871,0.175,10,13.46,0.159,1,NA,NA,0
85.356489,0.579,-0.423125,0.754,17.078,0.038,3,18.063,0.221,3,NA,NA,0,17.547,0.09,10,16.761,0.073,10,16.422,0.053,3,NA,NA,0,NA,NA,0
85.358595,0.596,-0.547718,0.645,14.087,0.037,12,14.909,0.039,12,NA,NA,0,14.474,0.019,11,13.792,0.055,11,13.54,0.067,11,13.531,0.081,2,NA,NA,0
85.358924,0.603,-0.630605,0.69,16.979,0.095,7,17.789,0.133,7,NA,NA,0,17.461,0.122,11,16.608,0.115,11,16.145,0.241,5,NA,NA,0,NA,NA,0
85.358941,0.233,-0.414063,0.214,14.122,0.073,18,14.967,0.04,18,NA,NA,0,14.509,0.029,18,13.818,0.102,18,13.553,0.092,18,13.489,0.035,2,NA,NA,0
85.359933,0.502,-0.635895,0.376,15.627,0.119,18,16.596,0.142,18,NA,NA,0,16.106,0.038,18,15.215,0.152,18,14.833,0.093,16,NA,NA,0,NA,NA,0
85.360097,0.807,-0.607949,0.771,17.417,0.226,3,18.05,0.138,3,NA,NA,0,17.84,0.078,6,17.253,0.134,6,NA,NA,0,NA,NA,0,NA,NA,0
85.363373,0.293,-0.584144,0.181,14.849,0.076,18,15.923,0.064,18,NA,NA,0,15.353,0.036,18,14.421,0.116,18,13.977,0.112,18,13.389,0.157,1,NA,NA,0
85.363418,0.785,-0.64312,0.619,17.134,0.207,3,18.094,0.172,3,NA,NA,0,17.755,0.073,11,16.727,0.117,11,16.324,0.105,6,NA,NA,0,NA,NA,0
85.364338,0.62,-0.407489,0.606,16.889,0.076,5,17.978,0.202,5,NA,NA,0,17.541,0.135,12,16.609,0.091,12,16.163,0.141,5,NA,NA,0,NA,NA,0
85.365228,0.183,-0.536365,0.16,14.23,0.084,18,14.919,0.04,18,NA,NA,0,14.543,0.034,18,13.996,0.103,18,13.769,0.108,18,13.659,0.082,2,NA,NA,0
85.368748,0.558,-0.520052,0.578,17.209,0.082,2,18.101,0.053,2,NA,NA,0,17.754,0.083,8,16.955,0.136,8,16.464,0.123,3,NA,NA,0,NA,NA,0
85.374976,0.147,-0.471774,0.184,10.686,0.074,22,11.245,0.032,18,NA,NA,0,10.933,0.054,20,10.524,0.1,20,10.406,0.099,20,10.338,0.054,5,NA,NA,0
85.375753,0.318,-0.591898,0.28,15.426,0.064,19,16.587,0.076,19,NA,NA,0,15.975,0.051,19,14.967,0.107,19,14.578,0.148,19,NA,NA,0,NA,NA,0
85.375928,0.657,-0.550997,0.608,16.836,0.136,14,17.366,0.086,14,NA,NA,0,17.054,0.087,15,16.811,0.105,15,16.401,0.26,6,NA,NA,0,NA,NA,0
85.376003,0.671,-0.44239,0.263,NA,NA,0,NA,NA,0,NA,NA,0,18.019,0.135,4,17.304,0.09,4,16.849,0.331,1,NA,NA,0,NA,NA,0
85.377146,0.629,-0.519813,0.67,16.965,0.139,15,17.477,0.177,15,NA,NA,0,17.235,0.086,14,16.761,0.144,14,16.518,0.231,5,NA,NA,0,NA,NA,0
85.381122,0.617,-0.456194,0.659,17.282,0.19,3,18.044,0.16,3,NA,NA,0,17.758,0.186,10,16.93,0.156,10,16.778,0.22,3,NA,NA,0,NA,NA,0
85.382397,1.122,-0.555191,0.889,NA,NA,0,NA,NA,0,NA,NA,0,17.862,0.024,2,16.832,0.014,2,16.182,0.003,2,NA,NA,0,NA,NA,0
