radeg,raerr("),decdeg,decerr("),Johnson_V (V),Verr,Vnobs,Johnson_B (B),Berr,Bnobs,Sloan_u (SU),SUerr,SUnobs,Sloan_g (SG),SGerr,SGnobs,Sloan_r (SR),SRerr,SRnobs,Sloan_i (SI),SIerr,SInobs,Sloan_z (SZ),SZerr,SZnobs,PanSTARRS_Y (Y),Yerr,Ynobs
82.817692,0.753,-0.602726,0.548,NA,NA,0,NA,NA,0,NA,NA,0,18.242,0.227,3,17.294,0.24,3,NA,NA,0,NA,NA,0,NA,NA,0
82.822825,0.532,-0.566686,0.619,16.881,0.155,11,17.337,0.185,11,NA,NA,0,17.082,0.16,11,16.619,0.127,11,16.342,0.069,2,NA,NA,0,NA,NA,0
82.824431,0.614,-0.626332,0.521,NA,NA,0,NA,NA,0,NA,NA,0,18.17,0.139,6,16.885,0.119,6,16.233,0.212,4,NA,NA,0,NA,NA,0
82.82712,0.317,-0.6851,0.318,14.955,0.086,13,15.845,0.091,13,NA,NA,0,15.4,0.109,13,14.628,0.055,13,14.409,0.163,13,NA,NA,0,NA,NA,0
82.828176,0.394,-0.564829,0.534,15.723,0.132,13,16.512,0.115,13,NA,NA,0,16.076,0.125,13,15.459,0.074,13,15.228,0.147,13,NA,NA,0,NA,NA,0
82.830439,0.699,-0.53296,0.718,16.926,0.247,8,17.82,0.122,8,NA,NA,0,17.477,0.138,11,16.522,0.139,11,16.106,0.174,9,NA,NA,0,NA,NA,0
82.83059,0.583,-0.637507,0.666,16.463,0.182,11,17.301,0.109,11,NA,NA,0,16.899,0.175,13,16.114,0.057,13,15.835,0.214,11,NA,NA,0,NA,NA,0
82.83157,0.706,-0.621797,0.717,16.89,0.102,5,17.97,0.132,5,NA,NA,0,17.582,0.13,10,16.465,0.082,10,15.96,0.116,10,NA,NA,0,NA,NA,0
82.834092,0.415,-0.597335,0.421,NA,NA,0,NA,NA,0,NA,NA,0,18.486,0.177,5,17.001,0.108,5,15.914,0.11,4,NA,NA,0,NA,NA,0
82.836455,0.154,-0.684517,0.116,12.751,0.109,13,13.401,0.091,13,NA,NA,0,13.063,0.113,13,12.516,0.051,13,12.376,0.155,13,12.234,0.046,3,NA,NA,0
82.841047,0.325,-0.576629,0.34,NA,NA,0,NA,NA,0,NA,NA,0,18.384,0.254,1,17.187,0.181,1,NA,NA,0,NA,NA,0,NA,NA,0
82.84125,0.474,-0.690356,0.542,16.494,0.091,11,17.399,0.208,11,NA,NA,0,16.959,0.171,11,16.127,0.093,11,15.86,0.169,9,NA,NA,0,NA,NA,0
82.842308,0.308,-0.564287,0.402,15.559,0.103,12,16.405,0.158,12,NA,NA,0,15.958,0.112,13,15.214,0.07,13,14.967,0.16,13,NA,NA,0,NA,NA,0
82.843341,0.218,-0.699269,0.229,14.297,0.099,13,15.202,0.092,13,NA,NA,0,14.73,0.111,13,13.951,0.058,13,13.712,0.158,13,13.495,0.038,2,NA,NA,0
82.84339,0.683,-0.513549,0.572,17.545,0.111,6,17.907,0.169,6,NA,NA,0,17.638,0.11,8,17.167,0.213,8,16.735,0.313,1,NA,NA,0,NA,NA,0
82.844009,0.486,-0.548911,0.391,NA,NA,0,NA,NA,0,NA,NA,0,17.924,0.171,8,16.584,0.145,8,15.372,0.143,8,NA,NA,0,NA,NA,0
82.84414,0.574,-0.553285,0.765,17.116,0.186,6,18.063,0.267,6,NA,NA,0,17.623,0.334,10,16.545,0.118,10,16.04,0.165,7,NA,NA,0,NA,NA,0
82.84429,0.524,-0.648519,0.509,NA,NA,0,NA,NA,0,NA,NA,0,18.176,0.228,6,17.141,0.137,6,16.435,0.106,2,NA,NA,0,NA,NA,0
82.849096,0.386,-0.493927,0.287,14.216,0.094,13,14.934,0.099,13,NA,NA,0,14.556,0.116,13,13.939,0.06,13,13.708,0.147,13,13.523,0.155,3,NA,NA,0
82.849199,0.3,-0.577521,0.222,14.7,0.092,13,15.933,0.125,13,NA,NA,0,15.287,0.106,13,14.224,0.058,13,13.802,0.128,13,13.617,0.002,2,NA,NA,0
82.851063,0.654,-0.583072,0.462,17.282,0.078,3,18.03,0.159,3,NA,NA,0,17.68,0.235,9,16.784,0.162,9,16.46,0.187,3,NA,NA,0,NA,NA,0
82.852252,0.846,-0.531918,0.363,NA,NA,0,NA,NA,0,NA,NA,0,18.103,0.213,6,17.177,0.177,6,NA,NA,0,NA,NA,0,NA,NA,0
82.853249,0.401,-0.711045,0.521,15.618,0.117,13,16.443,0.136,13,NA,NA,0,15.985,0.114,13,15.299,0.055,13,15.079,0.112,13,NA,NA,0,NA,NA,0
82.86023,0.075,-0.667524,0.107,NA,NA,0,NA,NA,0,NA,NA,0,18.601,0.293,1,17.306,0.194,1,NA,NA,0,NA,NA,0,NA,NA,0
82.860249,0.903,-0.678744,0.364,NA,NA,0,NA,NA,0,NA,NA,0,18.308,0.22,3,17.328,0.168,3,NA,NA,0,NA,NA,0,NA,NA,0
82.861686,0.205,-0.729107,0.142,12.442,0.082,13,14.373,0.106,13,NA,NA,0,13.381,0.114,13,11.67,0.063,13,10.689,0.16,16,10.029,0.025,3,NA,NA,0
82.862566,0.593,-0.596532,0.646,17.04,0.141,5,17.976,0.157,5,NA,NA,0,17.705,0.14,11,16.524,0.141,11,15.992,0.213,9,NA,NA,0,NA,NA,0
82.862937,0.21,-0.761477,0.141,10.944,0.086,16,12.881,0.11,13,NA,NA,0,11.881,0.126,13,10.194,0.062,15,9.233,0.112,3,8.65,0.036,3,NA,NA,0
82.863153,0.814,-0.513467,0.649,17.223,0.066,5,18.101,0.286,5,NA,NA,0,17.779,0.125,8,16.938,0.137,8,16.305,0.305,2,NA,NA,0,NA,NA,0
82.865131,0.55,-0.558577,0.72,16.453,0.097,11,17.423,0.145,11,NA,NA,0,16.956,0.146,12,16.066,0.075,12,15.902,0.3,11,NA,NA,0,NA,NA,0
82.868001,0.744,-0.704025,0.682,16.607,0.14,11,17.307,0.18,11,NA,NA,0,16.969,0.132,12,16.351,0.083,12,16.206,0.263,10,NA,NA,0,NA,NA,0
82.869554,0.383,-0.458703,0.479,15.761,0.113,13,16.786,0.14,13,NA,NA,0,16.234,0.089,13,15.373,0.07,13,15.019,0.17,13,NA,NA,0,NA,NA,0
82.871097,0.667,-0.469487,0.571,17.19,0.191,9,17.798,0.287,9,NA,NA,0,17.423,0.156,9,17.081,0.192,9,NA,NA,0,NA,NA,0,NA,NA,0
82.871415,0.52,-0.615092,0.597,16.247,0.099,12,16.963,0.12,12,NA,NA,0,16.598,0.1,13,15.944,0.083,13,15.7,0.195,12,NA,NA,0,NA,NA,0
82.87314,0.617,-0.687727,0.559,16.621,0.154,8,18.115,0.168,8,NA,NA,0,17.393,0.183,11,16.01,0.083,11,15.486,0.143,11,NA,NA,0,NA,NA,0
82.874583,0.209,-0.755861,0.191,13.652,0.08,13,14.385,0.093,13,NA,NA,0,14.005,0.121,13,13.367,0.052,13,13.161,0.123,13,12.951,0.197,3,NA,NA,0
82.87749,0.533,-0.492091,0.359,17.24,0.182,4,17.929,0.256,4,NA,NA,0,17.725,0.103,7,17.208,0.14,7,NA,NA,0,NA,NA,0,NA,NA,0
82.87807,0.176,-0.475875,0.101,11.464,0.103,13,11.954,0.107,13,NA,NA,0,11.668,0.118,13,11.329,0.049,13,11.296,0.13,13,11.289,0.058,3,NA,NA,0
82.878082,0.287,-0.746872,0.33,14.417,0.099,13,15.398,0.104,13,NA,NA,0,14.901,0.124,13,13.984,0.063,13,13.692,0.14,13,13.576,0.126,3,NA,NA,0
82.879033,0.651,-0.656375,0.398,NA,NA,0,NA,NA,0,NA,NA,0,18.412,0.265,2,17.479,0.01,2,NA,NA,0,NA,NA,0,NA,NA,0
82.880846,0.367,-0.606387,0.32,15.003,0.091,13,16.176,0.12,13,NA,NA,0,15.568,0.124,13,14.537,0.061,13,14.161,0.144,13,13.476,0.217,1,NA,NA,0
82.881136,0.164,-0.553772,0.359,12.373,0.1,13,12.981,0.106,13,NA,NA,0,12.628,0.114,13,12.186,0.053,13,12.079,0.136,13,11.992,0.031,3,NA,NA,0
82.88382,0.986,-0.790085,0.347,NA,NA,0,NA,NA,0,NA,NA,0,19.091,0.431,1,17.56,0.245,1,NA,NA,0,NA,NA,0,NA,NA,0
82.884035,0.731,-0.465014,0.521,NA,NA,0,NA,NA,0,NA,NA,0,17.995,0.184,8,16.759,0.074,8,15.763,0.188,8,NA,NA,0,NA,NA,0
82.88513,0.704,-0.63919,0.664,17.256,0.095,6,18.318,0.107,6,NA,NA,0,17.784,0.136,10,16.911,0.155,10,16.229,0.201,6,NA,NA,0,NA,NA,0
82.886883,0.434,-0.702859,0.519,15.857,0.134,13,16.72,0.134,13,NA,NA,0,16.293,0.121,13,15.467,0.067,13,15.215,0.146,13,NA,NA,0,NA,NA,0
82.889515,0.221,-0.664505,0.21,14.485,0.093,13,15.272,0.09,13,NA,NA,0,14.864,0.121,13,14.172,0.067,13,13.901,0.117,13,13.915,0.004,2,NA,NA,0
82.889882,0.713,-0.678779,0.882,17.407,0.216,1,17.836,0.242,1,NA,NA,0,18.029,0.201,7,16.658,0.197,7,15.834,0.146,7,NA,NA,0,NA,NA,0
82.890325,0.608,-0.674098,0.878,17.051,0.142,4,18.047,0.069,4,NA,NA,0,17.71,0.095,11,17.027,0.202,11,16.184,0.192,3,NA,NA,0,NA,NA,0
82.890385,0.388,-0.535436,0.031,NA,NA,0,NA,NA,0,NA,NA,0,18.511,0.302,1,17.183,0.184,1,NA,NA,0,NA,NA,0,NA,NA,0
82.892335,0.254,-0.424733,0.181,11.877,0.097,10,12.136,0.117,10,NA,NA,0,11.892,0.025,6,11.858,0.038,6,11.913,0.089,6,11.901,0.038,3,NA,NA,0
82.894864,0.817,-0.470012,0.469,NA,NA,0,NA,NA,0,NA,NA,0,18.004,0.194,1,17.327,0.23,1,NA,NA,0,NA,NA,0,NA,NA,0
82.895102,0.235,-0.742296,0.236,13.724,0.1,13,14.959,0.093,13,NA,NA,0,14.325,0.12,13,13.243,0.052,13,12.838,0.13,13,12.423,0.1,3,NA,NA,0
82.896925,0.526,-0.746681,0.269,NA,NA,0,NA,NA,0,NA,NA,0,17.788,0.057,3,17.051,0.135,3,16.286,0.211,1,NA,NA,0,NA,NA,0
82.89913,0.476,-0.751531,0.599,17.037,0.267,9,17.976,0.268,9,NA,NA,0,17.51,0.239,11,16.742,0.15,11,16.331,0.22,1,NA,NA,0,NA,NA,0
82.899527,0.779,-0.550237,0.856,17.407,0.006,2,17.958,0.199,2,NA,NA,0,18.155,0.164,7,17.439,0.084,7,NA,NA,0,NA,NA,0,NA,NA,0
82.900224,0.601,-0.461858,0.621,16.226,0.149,13,16.886,0.189,13,NA,NA,0,16.548,0.122,12,15.98,0.089,12,15.742,0.132,11,NA,NA,0,NA,NA,0
82.902166,0.45,-0.756499,0.591,16.207,0.124,11,17.364,0.189,11,NA,NA,0,16.771,0.113,13,15.776,0.111,13,15.418,0.174,13,NA,NA,0,NA,NA,0
82.902189,0.513,-0.560802,0.656,16.87,0.131,4,18.323,0.271,4,NA,NA,0,17.642,0.21,11,16.214,0.111,11,15.643,0.199,11,NA,NA,0,NA,NA,0
82.903889,0.672,-0.629439,0.672,16.937,0.263,11,17.728,0.195,11,NA,NA,0,17.313,0.138,11,16.482,0.138,11,16.183,0.165,9,NA,NA,0,NA,NA,0
82.903928,0.598,-0.672534,0.629,NA,NA,0,NA,NA,0,NA,NA,0,17.87,0.176,11,16.792,0.141,11,16.277,0.178,9,NA,NA,0,NA,NA,0
82.906579,0.593,-0.785111,0.544,17.344,0.058,2,18.097,0.092,2,NA,NA,0,17.845,0.167,11,16.697,0.132,11,16.153,0.12,6,NA,NA,0,NA,NA,0
82.906795,0.251,-0.444755,0.201,13.029,0.096,13,13.647,0.099,13,NA,NA,0,13.296,0.045,12,12.817,0.048,12,12.646,0.061,12,12.599,0.041,3,NA,NA,0
82.907595,0.846,-0.422768,0.72,17.805,0.183,2,17.767,0.016,2,NA,NA,0,17.918,0.118,2,17.518,0.353,2,16.313,0.247,1,NA,NA,0,NA,NA,0
82.912492,0.38,-0.733518,0.465,15.851,0.126,12,17.016,0.17,12,NA,NA,0,16.453,0.14,13,15.425,0.073,13,15.026,0.095,13,NA,NA,0,NA,NA,0
82.912498,0.308,-0.778917,0.304,14.613,0.09,13,15.688,0.082,13,NA,NA,0,15.157,0.127,13,14.179,0.053,13,13.778,0.149,13,13.722,0.089,3,NA,NA,0
82.913686,0.496,-0.801545,0.469,17.086,0.053,2,18.318,0.352,2,NA,NA,0,17.777,0.232,10,16.476,0.095,10,15.748,0.141,9,NA,NA,0,NA,NA,0
82.913687,0.17,-0.757943,0.17,13.232,0.092,13,14.353,0.089,13,NA,NA,0,13.783,0.1,13,12.769,0.079,13,12.405,0.133,13,12.103,0.031,3,NA,NA,0
82.915317,0.231,-0.57615,0.189,14.218,0.106,13,15.365,0.125,13,NA,NA,0,14.769,0.128,13,13.769,0.053,13,13.359,0.145,13,13.131,0.142,3,NA,NA,0
82.918164,0.188,-0.663428,0.168,NA,NA,0,NA,NA,0,NA,NA,0,18.171,0.209,1,17.752,0.301,1,NA,NA,0,NA,NA,0,NA,NA,0
82.918303,0.596,-0.702711,1.058,17.304,0.15,5,18.003,0.182,5,NA,NA,0,17.827,0.114,10,16.887,0.121,10,16.333,0.011,2,NA,NA,0,NA,NA,0
82.921075,0.327,-0.634512,0.251,14.867,0.113,13,15.792,0.098,13,NA,NA,0,15.333,0.106,13,14.462,0.062,13,14.101,0.125,13,13.855,0.311,1,NA,NA,0
82.922512,0.37,-0.666804,0.392,15.748,0.072,13,16.914,0.076,13,NA,NA,0,16.346,0.142,13,15.295,0.069,13,14.771,0.114,13,NA,NA,0,NA,NA,0
82.922536,0.306,-0.456783,0.517,17.617,0.205,2,18.146,0.222,2,NA,NA,0,NA,NA,0,NA,NA,0,NA,NA,0,NA,NA,0,NA,NA,0
82.923715,0.765,-0.68258,0.671,17.282,0.19,5,18.037,0.086,5,NA,NA,0,17.778,0.272,10,16.912,0.205,10,16.268,0.044,2,NA,NA,0,NA,NA,0
82.925406,0.524,-0.437694,0.532,16.199,0.097,11,16.935,0.178,11,NA,NA,0,16.569,0.074,12,15.966,0.084,12,15.709,0.164,12,NA,NA,0,NA,NA,0
82.925703,0.381,-0.462582,0.287,17.394,0.248,1,18.374,0.482,1,NA,NA,0,18.222,0.3,1,17.384,0.265,1,NA,NA,0,NA,NA,0,NA,NA,0
82.925988,0.46,-0.502912,0.553,NA,NA,0,NA,NA,0,NA,NA,0,18.853,0.3,3,17.179,0.334,2,15.773,0.125,3,NA,NA,0,NA,NA,0
82.926945,0.394,-0.526117,0.327,15.835,0.127,9,16.952,0.168,9,NA,NA,0,16.391,0.193,9,15.388,0.038,9,14.959,0.104,9,NA,NA,0,NA,NA,0
82.927183,0.773,-0.469668,0.543,16.734,0.104,9,17.79,0.177,9,NA,NA,0,17.198,0.087,10,16.291,0.114,10,16.054,0.141,10,NA,NA,0,NA,NA,0
82.928617,0.385,-0.758333,0.39,15.403,0.071,9,16.386,0.05,9,NA,NA,0,15.902,0.047,9,15.038,0.06,9,14.621,0.09,9,NA,NA,0,NA,NA,0
82.930336,0.353,-0.45583,0.327,15.181,0.128,13,15.905,0.091,13,NA,NA,0,15.551,0.102,13,14.947,0.062,13,14.752,0.143,13,NA,NA,0,NA,NA,0
82.93076,0.446,-0.523448,0.351,13.325,0.099,13,14.963,0.103,13,NA,NA,0,14.127,0.117,13,12.65,0.052,13,12.039,0.121,13,11.699,0.006,3,NA,NA,0
82.931192,0.387,-0.415001,0.474,15.275,0.062,12,16.541,0.09,12,NA,NA,0,15.975,0.044,12,14.726,0.05,12,14.231,0.076,12,13.962,0.251,1,NA,NA,0
82.931833,0.374,-0.698549,0.086,NA,NA,0,NA,NA,0,NA,NA,0,18.205,0.161,2,17.3,0.208,2,NA,NA,0,NA,NA,0,NA,NA,0
82.932652,0.287,-0.435186,0.49,18.228,0.547,1,18.061,0.424,1,NA,NA,0,18.092,0.275,1,NA,NA,0,16.376,0.268,1,NA,NA,0,NA,NA,0
82.933471,0.204,-0.536054,0.231,13.992,0.089,13,15.346,0.112,13,NA,NA,0,14.697,0.119,13,13.384,0.066,13,12.836,0.124,13,12.585,0.043,3,NA,NA,0
82.935317,0.615,-0.818341,0.624,17.338,0.198,1,17.986,0.254,1,NA,NA,0,18.02,0.047,5,16.548,0.076,5,15.859,0.103,5,NA,NA,0,NA,NA,0
82.937325,1.304,-0.404104,0.439,17.028,0.21,1,18.309,0.583,1,NA,NA,0,18.105,0.174,3,16.948,0.181,3,NA,NA,0,NA,NA,0,NA,NA,0
82.941075,0.698,-0.493468,0.737,16.853,0.223,8,17.953,0.213,8,NA,NA,0,17.602,0.122,12,16.349,0.116,12,15.856,0.155,11,NA,NA,0,NA,NA,0
82.9415,0.597,-0.84302,0.421,NA,NA,0,NA,NA,0,NA,NA,0,17.794,0.126,7,16.468,0.092,7,15.181,0.097,7,NA,NA,0,NA,NA,0
82.941801,0.268,-0.434821,0.753,17.917,0.468,1,18.013,0.437,1,NA,NA,0,NA,NA,0,NA,NA,0,NA,NA,0,NA,NA,0,NA,NA,0
82.942313,0.321,-0.519832,0.28,14.97,0.09,11,16.048,0.137,11,NA,NA,0,15.524,0.139,11,14.517,0.05,11,14.127,0.147,11,NA,NA,0,NA,NA,0
82.942749,0.166,-0.754731,0.046,NA,NA,0,NA,NA,0,NA,NA,0,18.439,0.219,1,17.049,0.147,1,15.944,0.152,1,NA,NA,0,NA,NA,0
82.945954,0.53,-0.583348,0.432,NA,NA,0,NA,NA,0,NA,NA,0,18.038,0.078,2,17.681,0.097,2,NA,NA,0,NA,NA,0,NA,NA,0
82.946809,0.749,-0.740245,0.769,17.311,0.132,3,17.979,0.261,3,NA,NA,0,17.766,0.129,5,17.001,0.143,5,NA,NA,0,NA,NA,0,NA,NA,0
82.948434,0.232,-0.723787,0.285,14.28,0.043,9,15.074,0.047,9,NA,NA,0,14.674,0.066,9,14,0.067,9,13.744,0.06,9,NA,NA,0,NA,NA,0
82.94877,0.34,-0.44623,0.482,15.501,0.12,11,16.271,0.075,11,NA,NA,0,15.853,0.092,11,15.143,0.088,11,14.872,0.095,11,NA,NA,0,NA,NA,0
82.949108,0.594,-0.817358,1.034,NA,NA,0,NA,NA,0,NA,NA,0,18.239,0.205,4,16.566,0.109,4,15.592,0.123,4,NA,NA,0,NA,NA,0
82.949819,0.267,-0.462729,0.261,13.909,0.033,10,14.864,0.036,10,NA,NA,0,14.369,0.05,10,13.55,0.054,10,13.224,0.055,10,13.038,0.065,3,NA,NA,0
82.950199,0.596,-0.842318,0.505,NA,NA,0,NA,NA,0,NA,NA,0,18.318,0.034,2,17.088,0.156,2,16.343,0.21,1,NA,NA,0,NA,NA,0
82.950302,0.48,-0.70664,0.344,NA,NA,0,NA,NA,0,NA,NA,0,18.316,0.103,2,17.468,0.088,2,NA,NA,0,NA,NA,0,NA,NA,0
82.950342,0.174,-0.682284,0.359,NA,NA,0,NA,NA,0,NA,NA,0,18.15,0.227,1,17.253,0.193,1,NA,NA,0,NA,NA,0,NA,NA,0
82.951119,0.751,-0.428008,0.75,16.395,0.117,8,17.193,0.119,8,NA,NA,0,16.758,0.218,9,16.014,0.136,9,15.614,0.066,6,NA,NA,0,NA,NA,0
82.951558,0.491,-0.548026,0.627,15.791,0.047,9,16.7,0.061,9,NA,NA,0,16.233,0.061,9,15.408,0.059,9,15.091,0.091,9,NA,NA,0,NA,NA,0
82.953624,0.832,-0.394248,0.621,17.746,0.434,1,17.095,0.199,1,NA,NA,0,17.876,0.117,1,17.174,0.186,1,NA,NA,0,NA,NA,0,NA,NA,0
82.953985,0.479,-0.431197,0.708,15.679,0.068,9,16.446,0.101,9,NA,NA,0,16.026,0.059,9,15.368,0.034,9,15.031,0.086,8,NA,NA,0,NA,NA,0
82.955657,0.162,-0.553108,0.154,13.32,0.033,9,14.237,0.031,9,NA,NA,0,13.747,0.057,9,12.978,0.059,9,12.712,0.036,9,12.593,0.115,3,NA,NA,0
82.955863,0.344,-0.579512,0.316,14.27,0.035,9,15.151,0.034,9,NA,NA,0,14.693,0.044,9,13.948,0.06,9,13.652,0.062,9,13.417,0.186,3,NA,NA,0
82.95595,0.144,-0.724473,0.099,12.159,0.036,9,12.779,0.036,9,NA,NA,0,12.451,0.074,9,11.954,0.063,9,11.774,0.06,9,11.659,0.052,3,NA,NA,0
82.956741,0.695,-0.52014,0.634,17.116,0.135,5,18.284,0.19,5,NA,NA,0,17.555,0.124,7,16.74,0.144,7,16.153,0.148,4,NA,NA,0,NA,NA,0
82.958568,0.564,-0.43846,0.661,16.268,0.081,7,16.995,0.121,7,NA,NA,0,16.601,0.069,9,15.945,0.125,9,15.823,0.112,8,NA,NA,0,NA,NA,0
82.959641,0.799,-0.860715,0.497,NA,NA,0,NA,NA,0,NA,NA,0,18.156,0.084,2,17.092,0.139,2,NA,NA,0,NA,NA,0,NA,NA,0
82.962594,0.818,-0.575924,0.192,NA,NA,0,NA,NA,0,NA,NA,0,18.251,0.087,2,16.995,0.137,2,NA,NA,0,NA,NA,0,NA,NA,0
82.963832,0.591,-0.535947,0.122,NA,NA,0,NA,NA,0,NA,NA,0,17.987,0.063,2,17.38,0.123,2,NA,NA,0,NA,NA,0,NA,NA,0
82.96467,0.613,-0.865148,0.804,16.387,0.079,7,17.178,0.127,7,NA,NA,0,16.766,0.073,9,15.968,0.111,9,15.609,0.152,7,NA,NA,0,NA,NA,0
82.964795,0.273,-0.501566,0.309,14.863,0.048,9,15.577,0.031,9,NA,NA,0,15.204,0.053,9,14.599,0.053,9,14.337,0.038,9,NA,NA,0,NA,NA,0
82.968245,0.361,-0.806977,0.363,15.932,0.099,6,17.871,0.22,6,NA,NA,0,16.927,0.056,9,15.049,0.08,9,14.036,0.07,9,NA,NA,0,NA,NA,0
82.968349,0.296,-0.85999,0.287,14.963,0.048,9,15.871,0.064,9,NA,NA,0,15.412,0.111,9,14.687,0.095,9,14.404,0.101,9,NA,NA,0,NA,NA,0
82.97195,0.306,-0.511473,0.422,15.204,0.044,9,16.039,0.033,9,NA,NA,0,15.632,0.043,9,14.92,0.068,9,14.587,0.076,9,NA,NA,0,NA,NA,0
82.973255,0.347,-0.429873,0.53,15.838,0.092,9,16.573,0.105,9,NA,NA,0,16.172,0.099,9,15.479,0.078,9,15.113,0.113,9,NA,NA,0,NA,NA,0
82.973859,0.659,-0.397395,0.69,16.03,0.104,5,16.747,0.225,5,NA,NA,0,16.454,0.079,7,15.576,0.086,7,15.283,0.154,6,NA,NA,0,NA,NA,0
82.974845,0.298,-0.650444,0.23,14.519,0.028,9,15.914,0.049,9,NA,NA,0,15.218,0.058,9,13.985,0.066,9,13.403,0.046,9,13.08,0.117,3,NA,NA,0
82.975026,0.382,-0.700865,0.477,16.358,0.06,5,18.013,0.115,5,NA,NA,0,17.092,0.039,7,15.771,0.044,7,14.473,0.042,7,NA,NA,0,NA,NA,0
82.975384,0.362,-0.668192,0.484,15.592,0.07,9,16.42,0.092,9,NA,NA,0,15.992,0.053,9,15.268,0.087,9,14.982,0.112,9,NA,NA,0,NA,NA,0
82.976807,0.139,-0.832592,0.201,10.384,0.042,12,11.108,0.057,9,NA,NA,0,10.77,0.064,12,10.169,0.075,11,10.042,0.073,5,9.93,0.02,3,NA,NA,0
82.97754,0.614,-0.695891,0.651,NA,NA,0,NA,NA,0,NA,NA,0,17.812,0.091,5,16.762,0.245,5,16.049,0.001,2,NA,NA,0,NA,NA,0
82.978997,0.149,-0.552698,0.102,11.185,0.036,9,11.715,0.028,9,NA,NA,0,11.41,0.05,9,11.026,0.072,10,10.946,0.048,11,10.984,0.044,3,NA,NA,0
82.97906,0.19,-0.510754,0.001,NA,NA,0,NA,NA,0,NA,NA,0,18.483,0.265,1,17.133,0.163,1,NA,NA,0,NA,NA,0,NA,NA,0
82.980168,0.787,-0.456311,0.686,16.87,0.133,2,18.014,0.122,2,NA,NA,0,17.369,0.097,8,16.236,0.134,8,15.748,0.145,8,NA,NA,0,NA,NA,0
82.981678,0.63,-0.49139,0.509,17.309,0.169,3,17.983,0.188,3,NA,NA,0,17.572,0.161,7,16.859,0.113,7,16.347,0.26,1,NA,NA,0,NA,NA,0
82.983829,0.556,-0.718216,0.63,16.197,0.079,8,17.124,0.104,8,NA,NA,0,16.693,0.05,9,15.825,0.101,9,15.342,0.099,9,NA,NA,0,NA,NA,0
82.984747,0.457,-0.754616,0.581,16.342,0.078,7,17.603,0.183,7,NA,NA,0,17.04,0.094,9,15.833,0.075,9,15.144,0.078,9,NA,NA,0,NA,NA,0
82.985127,0.395,-0.4886,0.386,NA,NA,0,NA,NA,0,NA,NA,0,18.205,0.205,1,16.997,0.148,1,15.553,0.098,1,NA,NA,0,NA,NA,0
82.985724,0.404,-0.774126,0.706,NA,NA,0,NA,NA,0,NA,NA,0,18.122,0.214,1,17.396,0.216,1,NA,NA,0,NA,NA,0,NA,NA,0
82.985902,0.648,-0.503792,0.647,17.453,0.134,4,18.149,0.112,4,NA,NA,0,17.658,0.083,6,17.031,0.167,6,16.365,0.012,2,NA,NA,0,NA,NA,0
82.985981,0.278,-0.519083,0.238,13.846,0.029,9,14.857,0.044,9,NA,NA,0,14.32,0.05,9,13.452,0.057,9,13.078,0.039,9,12.957,0.06,3,NA,NA,0
82.986662,0.441,-0.49288,0.299,17.284,0.122,2,18.158,0.103,2,NA,NA,0,17.68,0.175,5,17.151,0.204,5,NA,NA,0,NA,NA,0,NA,NA,0
82.986996,0.423,-0.550345,0.295,14.94,0.037,9,15.583,0.044,9,NA,NA,0,15.246,0.043,9,14.695,0.06,9,14.497,0.087,9,NA,NA,0,NA,NA,0
82.988608,0.204,-0.497399,0.143,NA,NA,0,NA,NA,0,NA,NA,0,18.645,0.304,1,16.973,0.139,1,16.186,0.18,1,NA,NA,0,NA,NA,0
82.988939,0.575,-0.426193,0.663,16.743,0.068,3,17.595,0.179,3,NA,NA,0,17.294,0.159,8,16.101,0.113,8,15.573,0.121,8,NA,NA,0,NA,NA,0
82.990037,0.173,-0.73108,0.185,12.802,0.047,9,13.436,0.023,9,NA,NA,0,13.082,0.061,9,12.624,0.066,9,12.494,0.049,9,12.531,0.071,3,NA,NA,0
82.991107,0.392,-0.743448,0.268,13.98,0.054,9,14.892,0.042,9,NA,NA,0,14.428,0.049,9,13.656,0.081,9,13.346,0.054,9,13.278,0.222,3,NA,NA,0
82.991432,0.395,-0.621823,0.525,16.088,0.071,7,17.232,0.079,7,NA,NA,0,16.641,0.06,9,15.648,0.078,9,15.126,0.087,9,NA,NA,0,NA,NA,0
82.991572,0.289,-0.765777,0.292,14.838,0.041,9,16.296,0.07,9,NA,NA,0,15.58,0.094,9,14.2,0.069,9,13.482,0.059,9,13.159,0.034,3,NA,NA,0
82.991931,1.002,-0.432491,0.427,17.401,0.211,1,18.059,0.333,1,NA,NA,0,17.956,0.244,4,17.201,0.254,4,16.566,0.318,1,NA,NA,0,NA,NA,0
82.993109,0.378,-0.759312,0.402,14.929,0.077,9,16.313,0.086,9,NA,NA,0,15.666,0.052,9,14.331,0.107,9,13.594,0.054,9,13.216,0.03,3,NA,NA,0
82.995724,0.29,-0.862715,0.403,15.162,0.047,9,15.961,0.049,9,NA,NA,0,15.541,0.075,9,14.907,0.079,9,14.639,0.054,9,NA,NA,0,NA,NA,0
82.996444,0.578,-0.681039,0.683,17.112,0.303,7,17.773,0.184,7,NA,NA,0,17.297,0.061,6,16.648,0.077,6,16.152,0.227,3,NA,NA,0,NA,NA,0
82.997193,0.42,-0.718548,0.465,15.936,0.051,7,17.064,0.098,7,NA,NA,0,16.507,0.071,9,15.506,0.083,9,14.982,0.098,9,NA,NA,0,NA,NA,0
82.99769,0.383,-0.466266,0.658,15.91,0.078,8,16.994,0.164,8,NA,NA,0,16.436,0.039,9,15.401,0.106,9,14.909,0.061,9,NA,NA,0,NA,NA,0
82.998058,0.699,-0.542026,0.747,16.627,0.083,7,17.772,0.209,7,NA,NA,0,17.257,0.168,9,16.051,0.08,9,15.516,0.104,8,NA,NA,0,NA,NA,0
82.999258,0.691,-0.400685,0.687,NA,NA,0,NA,NA,0,NA,NA,0,17.698,0.173,5,16.491,0.068,5,15.078,0.061,5,NA,NA,0,NA,NA,0
82.99968,0.378,-0.512895,0.512,15.441,0.039,9,16.192,0.07,9,NA,NA,0,15.78,0.064,9,15.154,0.058,9,14.925,0.111,9,NA,NA,0,NA,NA,0
82.999849,0.512,-0.522591,0.575,16.652,0.095,7,17.415,0.105,7,NA,NA,0,17.074,0.063,7,16.4,0.099,7,15.966,0.074,6,NA,NA,0,NA,NA,0
83.000134,0.232,-0.765109,0.281,14.295,0.037,9,15.501,0.068,9,NA,NA,0,14.9,0.086,9,13.78,0.059,9,13.201,0.034,9,12.81,0.06,3,NA,NA,0
83.001168,0.592,-0.733797,0.853,17.004,0.079,2,18.031,0.176,2,NA,NA,0,17.631,0.155,7,16.484,0.096,7,15.932,0.196,7,NA,NA,0,NA,NA,0
83.002202,0.204,-0.868671,0.131,13.079,0.039,9,14.348,0.055,9,NA,NA,0,13.708,0.084,9,12.645,0.08,9,12.255,0.056,9,12.011,0.043,3,NA,NA,0
83.00284,0.775,-0.728995,0.931,17.24,0.113,2,18.124,0.039,2,NA,NA,0,17.881,0.132,7,16.957,0.083,7,16.425,0.233,2,NA,NA,0,NA,NA,0
83.003783,0.227,-0.423924,0.268,14.26,0.026,2,15.016,0.005,2,NA,NA,0,14.637,0.042,6,14.015,0.039,5,13.754,0.043,6,13.646,0.194,1,NA,NA,0
83.004253,0.233,-0.583802,0.216,13.688,0.034,9,14.613,0.022,9,NA,NA,0,14.114,0.054,9,13.344,0.063,9,13.112,0.038,9,13.135,0.102,3,NA,NA,0
83.004831,1.091,-0.461017,0.978,NA,NA,0,NA,NA,0,NA,NA,0,17.978,0.123,3,16.902,0.124,3,16.038,0.028,2,NA,NA,0,NA,NA,0
83.005018,0.568,-0.526769,0.628,16.982,0.147,6,17.884,0.179,6,NA,NA,0,17.358,0.078,7,16.601,0.071,7,16.162,0.252,4,NA,NA,0,NA,NA,0
83.006192,0.773,-0.559025,0.785,16.354,0.103,7,16.997,0.113,7,NA,NA,0,16.702,0.076,9,16.117,0.135,9,15.852,0.104,7,NA,NA,0,NA,NA,0
83.006481,0.531,-0.679567,0.765,16.567,0.111,7,17.53,0.135,7,NA,NA,0,17.094,0.057,9,16.222,0.096,9,15.819,0.112,8,NA,NA,0,NA,NA,0
83.009084,0.403,-0.571212,0.513,15.573,0.052,9,16.459,0.08,9,NA,NA,0,16.009,0.069,9,15.272,0.072,9,14.974,0.075,9,NA,NA,0,NA,NA,0
83.009438,0.293,-0.880926,0.432,15.251,0.056,9,16.072,0.044,9,NA,NA,0,15.674,0.095,9,14.996,0.07,9,14.816,0.079,9,NA,NA,0,NA,NA,0
83.010145,0.532,-0.558063,0.751,17.047,0.098,6,17.633,0.048,6,NA,NA,0,17.306,0.041,6,16.732,0.196,6,16.338,0.152,2,NA,NA,0,NA,NA,0
83.011548,0.607,-0.716794,0.79,17.127,0.119,5,17.951,0.202,5,NA,NA,0,17.56,0.124,7,16.597,0.098,7,16.097,0.133,7,NA,NA,0,NA,NA,0
83.011961,0.519,-0.800924,1.115,NA,NA,0,NA,NA,0,NA,NA,0,18.454,0.153,2,17.085,0.033,2,16.295,0.205,1,NA,NA,0,NA,NA,0
83.012547,0.152,-0.588153,0.137,12.012,0.036,9,12.503,0.034,9,NA,NA,0,12.211,0.06,9,11.879,0.064,9,11.764,0.041,9,11.827,0.069,3,NA,NA,0
83.012993,0.352,-0.506329,0.441,15.646,0.06,9,16.632,0.085,9,NA,NA,0,16.141,0.043,9,15.257,0.062,9,14.895,0.077,9,NA,NA,0,NA,NA,0
83.015565,0.324,-0.854245,0.267,14.99,0.04,9,15.858,0.064,9,NA,NA,0,15.428,0.082,9,14.669,0.072,9,14.379,0.065,9,NA,NA,0,NA,NA,0
83.016634,0.329,-0.429108,0.349,8.39,0.024,3,8.29,0.018,3,NA,NA,0,8.23,0.007,3,8.494,0.066,3,8.776,0.047,3,8.983,0.037,3,NA,NA,0
83.019911,0.497,-0.700341,0.71,16.519,0.069,8,16.84,0.048,8,NA,NA,0,16.642,0.074,7,16.374,0.064,7,16.543,0.272,3,NA,NA,0,NA,NA,0
83.020082,0.858,-0.638617,0.639,17.678,0.29,1,18.377,0.353,1,NA,NA,0,17.81,0.101,6,16.989,0.064,6,16.448,0.166,3,NA,NA,0,NA,NA,0
83.021057,0.628,-0.52472,0.821,NA,NA,0,NA,NA,0,NA,NA,0,18.168,0.23,4,17.23,0.183,4,NA,NA,0,NA,NA,0,NA,NA,0
83.023469,0.623,-0.512204,0.547,16.625,0.087,5,18.051,0.299,5,NA,NA,0,17.312,0.047,7,16.005,0.117,7,15.325,0.083,7,NA,NA,0,NA,NA,0
83.023543,0.612,-0.709392,0.804,16.611,0.115,7,17.263,0.097,7,NA,NA,0,16.941,0.063,8,16.353,0.172,8,16.07,0.13,7,NA,NA,0,NA,NA,0
83.026173,0.714,-0.62404,0.665,NA,NA,0,NA,NA,0,NA,NA,0,18.738,0.333,1,17.658,0.31,1,NA,NA,0,NA,NA,0,NA,NA,0
83.027248,0.239,-0.696975,0.265,14.827,0.035,9,15.79,0.056,9,NA,NA,0,15.298,0.074,9,14.474,0.065,9,14.083,0.039,9,NA,NA,0,NA,NA,0
83.028348,0.714,-0.820908,0.937,NA,NA,0,NA,NA,0,NA,NA,0,18.312,0.146,2,17.003,0.024,2,16.297,0.196,1,NA,NA,0,NA,NA,0
83.028857,0.602,-0.381497,0.566,NA,NA,0,NA,NA,0,NA,NA,0,16.768,0.092,1,15.908,0.092,1,15.391,0.129,1,NA,NA,0,NA,NA,0
83.02966,0.366,-0.556252,0.212,14.103,0.033,9,15.027,0.041,9,NA,NA,0,14.539,0.058,9,13.776,0.068,9,13.482,0.041,9,13.346,0.134,3,NA,NA,0
83.030103,0.598,-0.793026,0.549,16.472,0.11,7,17.427,0.149,7,NA,NA,0,16.99,0.075,7,15.983,0.101,7,15.502,0.053,7,NA,NA,0,NA,NA,0
83.032902,0.654,-0.525491,0.596,17.103,0.128,7,17.794,0.27,7,NA,NA,0,17.451,0.092,7,16.965,0.21,7,16.06,0.181,1,NA,NA,0,NA,NA,0
83.032997,0.765,-0.856623,0.64,NA,NA,0,NA,NA,0,NA,NA,0,18.494,0.237,1,16.985,0.147,1,16.15,0.184,1,NA,NA,0,NA,NA,0
83.035173,0.604,-0.516154,0.668,17.53,0.015,2,18.02,0.082,2,NA,NA,0,17.983,0.061,2,17.698,0.218,2,NA,NA,0,NA,NA,0,NA,NA,0
83.035186,0.4,-0.852082,0.618,15.827,0.076,8,16.604,0.096,8,NA,NA,0,16.217,0.073,9,15.516,0.062,9,15.179,0.111,9,NA,NA,0,NA,NA,0
83.035401,0.639,-0.627607,0.9,16.387,0.106,7,17.397,0.113,7,NA,NA,0,16.816,0.085,9,16.129,0.13,9,15.776,0.175,6,NA,NA,0,NA,NA,0
83.035853,0.605,-0.887513,0.882,NA,NA,0,NA,NA,0,NA,NA,0,17.713,0.079,7,16.393,0.041,7,15.915,0.139,7,NA,NA,0,NA,NA,0
83.037607,0.211,-0.643829,0.187,10.028,0.041,9,11,0.034,10,NA,NA,0,10.596,0.08,12,9.555,0.091,3,9.271,0.09,3,9.13,0.036,3,NA,NA,0
83.037866,0.604,-0.676431,0.512,15.729,0.038,8,16.625,0.145,8,NA,NA,0,16.204,0.066,9,15.321,0.082,9,14.975,0.089,9,NA,NA,0,NA,NA,0
83.038133,0.883,-0.686592,0.239,17.633,0.226,1,18.102,0.235,1,NA,NA,0,17.914,0.051,2,17.138,0.089,2,16.506,0.233,1,NA,NA,0,NA,NA,0
83.038581,0.483,-0.824315,0.083,NA,NA,0,NA,NA,0,NA,NA,0,18.68,0.232,3,17.278,0.088,2,NA,NA,0,NA,NA,0,NA,NA,0
83.041806,0.266,-0.725927,0.304,13.953,0.038,9,14.888,0.039,9,NA,NA,0,14.425,0.07,9,13.601,0.071,9,13.235,0.046,9,13.123,0.107,3,NA,NA,0
83.04227,0.572,-0.861911,0.778,16.408,0.079,7,17.278,0.152,7,NA,NA,0,16.816,0.065,8,16.193,0.093,8,15.826,0.145,7,NA,NA,0,NA,NA,0
83.042374,0.178,-0.620121,0.203,13.839,0.058,9,15.06,0.042,9,NA,NA,0,14.459,0.063,9,13.315,0.073,9,12.854,0.047,9,12.724,0.079,3,NA,NA,0
83.043069,1.167,-0.633018,0.289,13.37,0.052,9,14.037,0.045,9,NA,NA,0,13.691,0.052,9,13.164,0.102,6,12.873,0.057,8,12.801,0.092,3,NA,NA,0
83.043758,0.548,-0.89573,0.684,16.46,0.107,7,17.023,0.093,7,NA,NA,0,16.655,0.101,7,16.372,0.064,7,16.212,0.28,5,NA,NA,0,NA,NA,0
83.044116,0.201,-0.654036,0.15,9.567,0.039,3,10.55,0.034,11,NA,NA,0,10.243,0.177,11,9.214,0.093,3,8.974,0.085,3,8.842,0.031,3,NA,NA,0
83.044665,0.602,-0.876671,0.632,16.665,0.042,7,17.477,0.115,7,NA,NA,0,17.049,0.069,7,16.44,0.077,7,16.142,0.196,4,NA,NA,0,NA,NA,0
83.04674,0.589,-0.776473,0.589,16.528,0.114,6,18.005,0.125,6,NA,NA,0,17.331,0.09,7,15.937,0.065,7,15.247,0.09,7,NA,NA,0,NA,NA,0
83.04786,0.559,-0.524516,0.709,16.482,0.109,7,17.211,0.121,7,NA,NA,0,16.846,0.09,9,16.219,0.16,9,15.98,0.136,6,NA,NA,0,NA,NA,0
83.048126,0.327,-0.486739,0.208,13.045,0.036,9,13.619,0.063,9,NA,NA,0,13.317,0.052,9,12.842,0.061,9,12.653,0.056,9,12.677,0.11,3,NA,NA,0
83.048657,0.668,-0.629867,1.02,16.314,0.092,1,17.603,0.182,1,NA,NA,0,16.826,0.089,2,15.767,0.128,1,15.461,0.152,1,NA,NA,0,NA,NA,0
83.049056,1.29,-0.633589,0.443,16.14,0.085,1,17.363,0.15,1,NA,NA,0,16.831,0.105,1,NA,NA,0,14.561,0.071,1,NA,NA,0,NA,NA,0
83.050316,0.261,-0.872213,0.28,14.374,0.049,9,15.047,0.058,9,NA,NA,0,14.705,0.085,9,14.176,0.08,9,13.992,0.043,9,14.02,0.266,1,NA,NA,0
83.052946,0.624,-0.899247,0.843,16.957,0.116,6,17.708,0.289,6,NA,NA,0,17.179,0.052,6,16.607,0.143,6,16.284,0.098,5,NA,NA,0,NA,NA,0
83.053398,0.257,-0.512484,0.159,NA,NA,0,NA,NA,0,NA,NA,0,18.003,0.164,1,17.345,0.183,1,NA,NA,0,NA,NA,0,NA,NA,0
83.057452,0.569,-0.377128,0.859,16.914,0.173,4,17.7,0.191,4,NA,NA,0,17.309,0.04,2,16.532,0.301,2,15.987,0.196,1,NA,NA,0,NA,NA,0
83.057543,0.626,-0.694179,0.576,17.39,0.107,4,18.078,0.171,4,NA,NA,0,17.722,0.069,6,16.793,0.186,6,NA,NA,0,NA,NA,0,NA,NA,0
83.058106,0.618,-0.480204,0.698,17.041,0.155,4,17.69,0.219,4,NA,NA,0,17.5,0.072,5,16.901,0.134,5,16.371,0.246,1,NA,NA,0,NA,NA,0
83.058569,0.439,-0.887375,0.66,15.851,0.108,8,16.558,0.052,8,NA,NA,0,16.203,0.105,9,15.653,0.109,9,15.475,0.128,8,NA,NA,0,NA,NA,0
83.05921,0.592,-0.785137,0.848,16.967,0.065,6,17.892,0.093,6,NA,NA,0,17.538,0.082,7,16.694,0.107,7,16.365,0.162,5,NA,NA,0,NA,NA,0
83.061684,0.135,-0.855695,0.263,10.481,0.045,12,10.894,0.061,12,NA,NA,0,10.673,0.081,12,10.37,0.089,12,10.317,0.055,12,10.317,0.054,3,NA,NA,0
83.062283,0.493,-0.822778,0.5,NA,NA,0,NA,NA,0,NA,NA,0,18.141,0.135,4,17.172,0.189,4,NA,NA,0,NA,NA,0,NA,NA,0
83.062328,0.198,-0.740457,0.589,NA,NA,0,NA,NA,0,NA,NA,0,18.769,0.294,1,17.304,0.187,1,NA,NA,0,NA,NA,0,NA,NA,0
83.063401,0.409,-0.483128,0.636,16.331,0.118,7,17.402,0.073,7,NA,NA,0,16.816,0.036,8,15.943,0.079,8,15.547,0.12,8,NA,NA,0,NA,NA,0
83.063954,0.566,-0.640156,0.665,17.101,0.169,5,17.738,0.157,5,NA,NA,0,17.461,0.156,7,16.66,0.124,7,16.481,0.161,2,NA,NA,0,NA,NA,0
83.065024,0.672,-0.64979,0.85,NA,NA,0,NA,NA,0,NA,NA,0,17.935,0.12,1,16.488,0.105,1,15.183,0.079,1,NA,NA,0,NA,NA,0
83.06544,0.464,-0.795289,0.84,16.703,0.047,6,17.518,0.09,6,NA,NA,0,17.171,0.158,8,16.442,0.145,8,16.147,0.179,7,NA,NA,0,NA,NA,0
83.065611,0.147,-0.428863,0.029,NA,NA,0,NA,NA,0,NA,NA,0,19.131,0.621,1,17.087,0.185,1,NA,NA,0,NA,NA,0,NA,NA,0
83.065769,0.628,-0.529215,0.658,16.177,0.072,8,17.144,0.098,8,NA,NA,0,16.639,0.088,9,15.801,0.099,9,15.46,0.154,9,NA,NA,0,NA,NA,0
83.066267,0.606,-0.888572,0.737,16.408,0.059,7,16.878,0.087,7,NA,NA,0,16.61,0.075,9,16.244,0.145,9,16.024,0.107,7,NA,NA,0,NA,NA,0
83.067258,0.673,-0.549768,0.801,16.839,0.098,6,17.602,0.118,6,NA,NA,0,17.179,0.077,7,16.496,0.145,7,16.211,0.094,6,NA,NA,0,NA,NA,0
83.068436,0.574,-0.566036,0.628,17.486,0.335,3,17.947,0.077,3,NA,NA,0,17.703,0.152,6,17.095,0.065,6,NA,NA,0,NA,NA,0,NA,NA,0
83.068627,0.382,-0.424136,0.004,NA,NA,0,NA,NA,0,NA,NA,0,19.115,0.613,1,17.173,0.204,1,NA,NA,0,NA,NA,0,NA,NA,0
83.069557,0.307,-0.64562,0.307,14.484,0.052,9,15.434,0.043,9,NA,NA,0,14.948,0.064,9,14.118,0.072,9,13.754,0.032,9,13.587,0.178,2,NA,NA,0
83.069599,0.539,-0.559077,0.654,16.358,0.064,7,17.167,0.11,7,NA,NA,0,16.77,0.118,8,16.067,0.11,8,15.672,0.08,7,NA,NA,0,NA,NA,0
83.06965,0.33,-0.83242,0.259,14.957,0.049,9,15.937,0.045,9,NA,NA,0,15.481,0.079,9,14.545,0.069,9,14.145,0.029,9,13.363,0.159,1,NA,NA,0
83.071018,0.627,-0.397506,0.62,16.652,0.076,7,17.64,0.245,7,NA,NA,0,17.13,0.058,6,16.199,0.104,5,15.79,0.162,6,NA,NA,0,NA,NA,0
83.071328,0.587,-0.843777,0.667,17.166,0.179,5,17.861,0.081,5,NA,NA,0,17.513,0.144,5,16.765,0.221,5,16.614,0.294,1,NA,NA,0,NA,NA,0
83.071675,0.402,-0.675863,0.306,NA,NA,0,NA,NA,0,NA,NA,0,18.254,0.117,2,17.458,0.221,2,NA,NA,0,NA,NA,0,NA,NA,0
83.072174,0.543,-0.607042,0.592,16.422,0.09,7,17.326,0.084,7,NA,NA,0,16.861,0.073,8,15.955,0.117,8,15.504,0.119,8,NA,NA,0,NA,NA,0
83.072802,0.506,-0.8498,0.603,16.226,0.078,7,17.154,0.092,7,NA,NA,0,16.724,0.091,6,15.859,0.118,6,15.509,0.158,6,NA,NA,0,NA,NA,0
83.072988,0.302,-0.617863,0.202,14.227,0.037,9,15.539,0.043,9,NA,NA,0,14.861,0.058,9,13.727,0.071,9,13.195,0.029,9,12.86,0.091,3,NA,NA,0
83.073381,0.444,-0.35769,0.582,NA,NA,0,NA,NA,0,NA,NA,0,17.673,0.28,2,16.978,0.059,2,16.707,0.416,1,NA,NA,0,NA,NA,0
83.073556,0.51,-0.871642,0.827,17.389,0.267,2,18.524,0.261,2,NA,NA,0,17.954,0.106,4,17.077,0.256,4,NA,NA,0,NA,NA,0,NA,NA,0
83.074099,0.554,-0.471227,0.686,16.952,0.203,4,17.809,0.091,4,NA,NA,0,17.325,0.079,7,16.439,0.118,7,16.008,0.119,6,NA,NA,0,NA,NA,0
83.074489,0.561,-0.528214,0.618,17.069,0.16,1,17.547,0.182,1,NA,NA,0,17.681,0.123,3,16.338,0.127,3,15.239,0.054,3,NA,NA,0,NA,NA,0
83.074749,0.583,-0.505156,0.791,16.214,0.078,7,17.224,0.126,7,NA,NA,0,16.723,0.077,9,15.753,0.077,9,15.43,0.135,8,NA,NA,0,NA,NA,0
83.07481,0.489,-0.518792,0.536,16.165,0.093,7,17.547,0.192,7,NA,NA,0,16.885,0.092,9,15.55,0.072,9,14.726,0.139,9,NA,NA,0,NA,NA,0
83.075688,0.52,-0.416585,0.665,NA,NA,0,NA,NA,0,NA,NA,0,17.803,0.188,6,16.557,0.123,6,15.918,0.163,6,NA,NA,0,NA,NA,0
83.07783,0.559,-0.822153,0.559,NA,NA,0,NA,NA,0,NA,NA,0,18.061,0.024,2,17.897,0.399,2,NA,NA,0,NA,NA,0,NA,NA,0
83.078521,0.811,-0.665828,0.734,17.333,0.19,2,18.146,0.302,2,NA,NA,0,17.902,0.215,5,17.062,0.139,5,NA,NA,0,NA,NA,0,NA,NA,0
83.078568,0.31,-0.621375,0.434,15.29,0.045,9,16.075,0.092,9,NA,NA,0,15.681,0.074,9,15.027,0.063,9,14.724,0.075,9,NA,NA,0,NA,NA,0
83.080561,0.286,-0.719763,0.354,15.459,0.056,9,16.695,0.112,9,NA,NA,0,16.066,0.064,9,14.962,0.084,9,14.478,0.072,9,NA,NA,0,NA,NA,0
83.081134,0.167,-0.411556,0.687,NA,NA,0,NA,NA,0,NA,NA,0,18.679,0.387,1,17.309,0.191,1,NA,NA,0,NA,NA,0,NA,NA,0
83.081782,0.503,-0.530119,0.469,17.114,0.01,2,18.269,0.279,2,NA,NA,0,17.957,0.223,7,16.367,0.062,6,15.299,0.103,7,NA,NA,0,NA,NA,0
83.082439,0.557,-0.541496,0.715,16.731,0.08,6,17.839,0.16,6,NA,NA,0,17.331,0.096,7,16.274,0.11,7,15.833,0.156,7,NA,NA,0,NA,NA,0
83.082817,0.449,-0.471864,0.735,15.962,0.081,9,16.772,0.065,9,NA,NA,0,16.356,0.04,9,15.665,0.102,9,15.366,0.161,9,NA,NA,0,NA,NA,0
83.082866,0.333,-0.672883,0.283,NA,NA,0,NA,NA,0,NA,NA,0,17.934,0.135,1,16.928,0.135,1,NA,NA,0,NA,NA,0,NA,NA,0
83.085525,0.573,-0.510516,0.621,15.976,0.096,9,16.638,0.093,9,NA,NA,0,16.307,0.055,9,15.735,0.085,9,15.428,0.171,8,NA,NA,0,NA,NA,0
83.085561,1.704,-0.67253,0.777,16.74,0.151,4,17.878,0.231,4,NA,NA,0,17.226,0.067,3,16.469,0.039,3,16.053,0.029,3,NA,NA,0,NA,NA,0
83.086141,0.725,-0.660385,0.646,17.39,0.16,2,17.964,0.079,2,NA,NA,0,17.615,0.065,6,16.751,0.177,6,16.196,0.195,3,NA,NA,0,NA,NA,0
83.086793,0.972,-0.835296,0.695,17.694,0.247,1,18.151,0.254,1,NA,NA,0,18.056,0.073,3,17.039,0.001,2,16.596,0.307,1,NA,NA,0,NA,NA,0
83.087517,0.185,-0.570396,0.211,13.651,0.035,9,14.636,0.033,9,NA,NA,0,14.111,0.056,9,13.281,0.067,9,13.001,0.043,9,12.964,0.077,3,NA,NA,0
83.087926,0.283,-0.501288,0.254,14.248,0.052,9,15.019,0.031,9,NA,NA,0,14.623,0.042,9,13.997,0.064,9,13.743,0.05,9,13.554,0.165,1,NA,NA,0
83.088244,0.599,-0.701139,0.616,16.941,0.201,6,17.799,0.163,6,NA,NA,0,17.398,0.065,7,16.644,0.125,7,16.279,0.209,4,NA,NA,0,NA,NA,0
83.088555,0.582,-0.559578,0.602,NA,NA,0,NA,NA,0,NA,NA,0,18.322,0.103,5,16.787,0.126,5,16.011,0.165,3,NA,NA,0,NA,NA,0
83.08913,0.62,-0.861981,0.88,16.739,0.12,5,17.986,0.107,5,NA,NA,0,17.444,0.072,7,16.19,0.108,7,15.666,0.151,7,NA,NA,0,NA,NA,0
83.089296,0.397,-0.735058,0.512,15.676,0.061,9,16.52,0.092,9,NA,NA,0,16.09,0.073,9,15.362,0.065,9,15.063,0.081,9,NA,NA,0,NA,NA,0
83.089896,0.184,-0.882621,0.659,17.476,0.233,1,17.898,0.255,1,NA,NA,0,17.917,0.139,1,17.523,0.238,1,NA,NA,0,NA,NA,0,NA,NA,0
83.091465,0.735,-0.676979,0.777,16.987,0.086,6,17.855,0.095,6,NA,NA,0,17.317,0.084,6,16.574,0.093,6,16.203,0.19,1,NA,NA,0,NA,NA,0
83.091716,0.666,-0.552404,0.561,17.338,0.109,3,17.919,0.039,3,NA,NA,0,17.757,0.088,5,17.229,0.142,4,NA,NA,0,NA,NA,0,NA,NA,0
83.091843,0.404,-0.328639,0.11,NA,NA,0,NA,NA,0,NA,NA,0,17.74,0.237,1,17.038,0.199,1,NA,NA,0,NA,NA,0,NA,NA,0
83.092563,0.574,-0.430518,0.693,16.887,0.079,5,17.647,0.145,5,NA,NA,0,17.272,0.082,6,16.604,0.084,6,16.217,0.07,4,NA,NA,0,NA,NA,0
83.093109,0.319,-0.47903,0.225,13.567,0.034,9,14.739,0.033,9,NA,NA,0,14.168,0.045,9,13.069,0.061,9,12.678,0.042,9,12.53,0.136,3,NA,NA,0
83.0939,0.129,-0.716032,0.127,11.498,0.041,9,12.111,0.039,9,NA,NA,0,11.782,0.068,9,11.324,0.071,9,11.18,0.042,9,11.157,0.025,3,NA,NA,0
83.094273,0.686,-0.514755,0.619,17.518,0.224,3,18.036,0.069,3,NA,NA,0,17.714,0.061,4,17.252,0.167,4,16.084,0.209,1,NA,NA,0,NA,NA,0
83.094443,0.58,-0.388378,0.563,16.448,0.132,1,17.618,0.158,1,NA,NA,0,17.181,0.068,1,NA,NA,0,15.724,0.139,1,NA,NA,0,NA,NA,0
83.094907,0.72,-0.827208,0.802,16.886,0.131,6,18.003,0.179,6,NA,NA,0,17.338,0.097,7,16.646,0.104,7,16.124,0.154,4,NA,NA,0,NA,NA,0
83.095004,0.286,-0.743813,0.311,14.418,0.051,9,15.256,0.032,9,NA,NA,0,14.836,0.071,9,14.124,0.069,9,13.859,0.047,9,13.679,0.124,3,NA,NA,0
83.095927,0.24,-0.492567,0.322,15.242,0.049,9,16.734,0.173,9,NA,NA,0,15.924,0.08,9,14.64,0.077,9,13.669,0.044,9,13.007,0.116,1,NA,NA,0
83.097402,0.474,-0.866324,0.655,16.446,0.094,7,17.752,0.083,7,NA,NA,0,17.093,0.074,7,15.995,0.131,7,15.584,0.17,7,NA,NA,0,NA,NA,0
83.097411,0.538,-0.840165,0.725,16.11,0.044,7,16.977,0.082,7,NA,NA,0,16.566,0.144,9,15.838,0.086,9,15.508,0.119,9,NA,NA,0,NA,NA,0
83.099526,0.385,-0.478707,0.532,15.581,0.078,8,16.888,0.099,8,NA,NA,0,16.258,0.102,9,14.876,0.068,9,14.083,0.057,9,NA,NA,0,NA,NA,0
83.099683,0.824,-0.325581,0.939,17.152,0.212,1,18.113,0.439,1,NA,NA,0,17.653,0.015,2,17.003,0.044,2,NA,NA,0,NA,NA,0,NA,NA,0
83.101432,0.139,-0.72416,0.152,12.632,0.037,9,13.583,0.038,9,NA,NA,0,13.098,0.069,9,12.282,0.073,9,12.007,0.049,9,11.925,0.009,3,NA,NA,0
83.101792,0.313,-0.88943,0.423,12.368,0.053,9,12.566,0.051,9,NA,NA,0,12.415,0.092,9,12.407,0.075,9,12.509,0.046,9,12.571,0.039,3,NA,NA,0
83.10199,0.322,-0.417614,0.496,15.571,0.051,9,16.186,0.064,9,NA,NA,0,15.88,0.026,9,15.342,0.086,9,15.096,0.09,9,NA,NA,0,NA,NA,0
83.102206,0.2,-0.5219,0.052,NA,NA,0,NA,NA,0,NA,NA,0,18.234,0.201,1,17.3,0.191,1,NA,NA,0,NA,NA,0,NA,NA,0
83.102591,0.408,-0.471508,0.081,NA,NA,0,NA,NA,0,NA,NA,0,18.164,0.251,1,17.365,0.245,1,NA,NA,0,NA,NA,0,NA,NA,0
83.102984,1.229,-0.441907,1.153,16.355,0.118,5,17.182,0.212,5,NA,NA,0,16.833,0.027,5,15.999,0.045,4,15.654,0.163,4,NA,NA,0,NA,NA,0
83.10303,0.692,-0.595397,0.716,16.884,0.135,7,17.766,0.15,7,NA,NA,0,17.343,0.08,8,16.454,0.148,8,16.015,0.2,6,NA,NA,0,NA,NA,0
83.103601,0.14,-0.710953,0.106,10.43,0.042,12,11.121,0.031,9,NA,NA,0,10.791,0.051,12,10.229,0.083,12,10.083,0.041,11,10.061,0.031,3,NA,NA,0
83.103615,0.636,-0.852491,0.723,NA,NA,0,NA,NA,0,NA,NA,0,18.177,0.176,5,16.79,0.037,5,15.445,0.108,5,NA,NA,0,NA,NA,0
83.103727,0.557,-0.787435,0.682,17.103,0.154,5,18.046,0.113,5,NA,NA,0,17.564,0.113,6,16.966,0.119,6,16.432,0.151,3,NA,NA,0,NA,NA,0
83.104334,0.162,-0.893601,0.091,NA,NA,0,NA,NA,0,NA,NA,0,16.53,0.028,2,15.325,0.022,2,14.682,0.006,2,NA,NA,0,NA,NA,0
83.104748,0.349,-0.423059,0.638,15.83,0.033,7,16.899,0.115,7,NA,NA,0,16.414,0.087,9,15.378,0.101,9,14.975,0.15,9,NA,NA,0,NA,NA,0
83.105052,0.88,-0.444027,0.799,16.5,0.096,4,17.7,0.256,4,NA,NA,0,17.184,0.076,4,16.228,0.091,3,15.733,0.025,3,NA,NA,0,NA,NA,0
83.105215,0.292,-0.664358,0.272,14.339,0.045,9,14.952,0.021,9,NA,NA,0,14.633,0.048,9,14.134,0.065,9,13.969,0.05,9,13.788,0.227,1,NA,NA,0
83.105579,0.29,-0.626757,0.235,14.108,0.037,9,14.646,0.015,9,NA,NA,0,14.363,0.054,9,13.967,0.063,9,13.834,0.054,9,13.644,0.118,2,NA,NA,0
83.107106,0.222,-0.653144,0.261,14.921,0.062,9,15.835,0.057,9,NA,NA,0,15.381,0.048,9,14.583,0.064,9,14.264,0.057,9,NA,NA,0,NA,NA,0
83.10743,0.324,-0.614808,0.253,14.778,0.154,9,15.917,0.228,9,NA,NA,0,15.431,0.143,9,14.22,0.137,9,13.532,0.105,9,13.198,0.277,3,NA,NA,0
83.107479,0.48,-0.588684,0.654,NA,NA,0,NA,NA,0,NA,NA,0,17.612,0.101,8,16.348,0.129,8,15.013,0.115,7,NA,NA,0,NA,NA,0
83.108335,1.021,-0.359197,1.06,NA,NA,0,NA,NA,0,NA,NA,0,17.373,0.1,5,16.611,0.18,5,16.314,0.174,2,NA,NA,0,NA,NA,0
83.108679,0.427,-0.669913,0.222,NA,NA,0,NA,NA,0,NA,NA,0,17.759,0.01,2,16.854,0.082,2,NA,NA,0,NA,NA,0,NA,NA,0
83.109468,0.569,-0.640934,0.732,16.895,0.113,5,17.89,0.168,5,NA,NA,0,17.457,0.162,7,16.443,0.15,7,15.917,0.198,7,NA,NA,0,NA,NA,0
83.10989,0.337,-0.327519,0.417,15.973,0.126,5,17.511,0.116,5,NA,NA,0,16.74,0.062,9,15.359,0.083,9,14.326,0.084,9,NA,NA,0,NA,NA,0
83.11037,0.588,-0.432992,0.585,16.628,0.067,5,17.735,0.116,5,NA,NA,0,17.225,0.1,7,15.968,0.107,7,15.577,0.167,7,NA,NA,0,NA,NA,0
83.111232,0.52,-0.487262,0.375,14.499,0.054,9,15.618,0.036,9,NA,NA,0,15.033,0.045,9,14.106,0.059,9,13.717,0.045,9,13.707,0.159,2,NA,NA,0
83.111544,0.416,-0.831976,0.436,15.346,0.053,9,16.147,0.109,9,NA,NA,0,15.74,0.078,9,15.096,0.078,9,14.807,0.058,9,NA,NA,0,NA,NA,0
83.11179,0.423,-0.857897,0.538,NA,NA,0,NA,NA,0,NA,NA,0,18.195,0.028,2,17.219,0.17,2,16.186,0.18,1,NA,NA,0,NA,NA,0
83.112941,0.387,-0.379416,0.414,15.597,0.085,9,16.948,0.107,9,NA,NA,0,16.34,0.065,9,14.986,0.065,9,14.176,0.079,9,13.604,0.188,1,NA,NA,0
83.113428,0.14,-0.506808,0.085,11.301,0.033,9,12.342,0.023,9,NA,NA,0,11.787,0.05,9,10.925,0.071,12,10.56,0.054,12,10.401,0.032,3,NA,NA,0
83.113736,0.01,-0.766589,0.072,NA,NA,0,NA,NA,0,NA,NA,0,18.295,0.185,1,17.167,0.16,1,NA,NA,0,NA,NA,0,NA,NA,0
83.114721,0.665,-0.485592,0.675,16.12,0.08,7,16.713,0.095,7,NA,NA,0,16.351,0.054,8,15.826,0.137,8,15.646,0.149,4,NA,NA,0,NA,NA,0
83.114946,0.499,-0.526998,0.447,17.485,0.272,3,18.082,0.131,3,NA,NA,0,17.703,0.099,6,17.098,0.173,6,NA,NA,0,NA,NA,0,NA,NA,0
83.115749,0.24,-0.756798,0.274,14.716,0.047,9,15.25,0.03,9,NA,NA,0,14.979,0.069,9,14.551,0.08,9,14.429,0.054,9,13.955,0.258,1,NA,NA,0
83.115844,0.373,-0.414116,0.657,14.507,0.048,2,15.748,0.09,2,NA,NA,0,15.135,0.041,2,14.044,0.025,1,13.69,0.007,2,13.176,0.034,2,NA,NA,0
83.117632,0.744,-0.560632,0.797,17.017,0.11,5,17.783,0.162,5,NA,NA,0,17.424,0.087,7,16.755,0.097,7,16.253,0.255,5,NA,NA,0,NA,NA,0
83.117726,0.273,-0.693549,0.812,NA,NA,0,NA,NA,0,NA,NA,0,18.04,0.151,2,16.67,0.001,2,15.437,0.12,2,NA,NA,0,NA,NA,0
83.121016,0.731,-0.748681,0.676,NA,NA,0,NA,NA,0,NA,NA,0,17.85,0.05,5,17.239,0.297,5,16.153,0.176,1,NA,NA,0,NA,NA,0
83.121929,0.305,-0.514762,0.357,15.019,0.05,9,15.759,0.038,9,NA,NA,0,15.369,0.08,9,14.769,0.063,9,14.528,0.066,9,NA,NA,0,NA,NA,0
83.122533,0.55,-0.69438,0.243,14.673,0.046,9,16.042,0.075,9,NA,NA,0,15.351,0.079,9,14.175,0.073,9,13.69,0.061,9,13.472,0.076,3,NA,NA,0
83.122802,0.196,-0.453656,0.228,13.619,0.034,9,14.628,0.028,9,NA,NA,0,14.111,0.044,9,13.25,0.063,9,12.888,0.041,9,12.795,0.012,3,NA,NA,0
83.123011,0.543,-0.877059,0.566,16.367,0.089,7,17.243,0.137,7,NA,NA,0,16.804,0.064,8,16.057,0.082,8,15.744,0.117,7,NA,NA,0,NA,NA,0
83.123269,0.293,-0.791997,0.201,NA,NA,0,NA,NA,0,NA,NA,0,18.238,0.191,1,17.062,0.162,1,15.648,0.137,1,NA,NA,0,NA,NA,0
83.123768,0.25,-0.397271,0.375,NA,NA,0,NA,NA,0,NA,NA,0,17.855,0.171,1,17.458,0.221,1,NA,NA,0,NA,NA,0,NA,NA,0
83.123799,0.708,-0.424854,0.721,15.842,0.099,1,16.812,0.198,1,NA,NA,0,16.422,0.087,2,15.456,0.083,2,15.101,0.15,1,NA,NA,0,NA,NA,0
83.124178,0.622,-0.538509,0.659,16.304,0.093,7,17.156,0.108,7,NA,NA,0,16.696,0.068,9,15.978,0.123,9,15.618,0.154,8,NA,NA,0,NA,NA,0
83.124897,0.911,-0.676601,0.933,16.708,0.146,6,17.344,0.128,6,NA,NA,0,16.994,0.107,6,16.488,0.108,6,16.106,0.193,4,NA,NA,0,NA,NA,0
83.12531,0.577,-0.711894,0.664,16.946,0.097,6,17.694,0.153,6,NA,NA,0,17.302,0.126,7,16.755,0.114,7,16.355,0.293,4,NA,NA,0,NA,NA,0
83.125808,0.302,-0.490688,0.301,15.835,0.015,5,16.902,0.127,5,NA,NA,0,16.353,0.062,3,15.479,0.027,3,NA,NA,0,NA,NA,0,NA,NA,0
83.126222,0.407,-0.337268,0.414,14.696,0.058,9,15.457,0.045,9,NA,NA,0,15.059,0.045,9,14.394,0.063,9,14.073,0.049,9,13.834,0.216,1,NA,NA,0
83.126383,0.427,-0.34253,0.998,15.294,0.061,9,16.073,0.087,9,NA,NA,0,15.688,0.05,9,14.964,0.084,9,14.692,0.062,9,NA,NA,0,NA,NA,0
83.126752,0.53,-0.687726,0.378,16.982,0.19,6,17.934,0.235,6,NA,NA,0,17.365,0.056,6,16.816,0.187,6,16.245,0.087,3,NA,NA,0,NA,NA,0
83.128051,0.38,-0.781894,0.5,15.488,0.045,9,16.16,0.061,9,NA,NA,0,15.811,0.059,9,15.285,0.068,9,15.075,0.044,9,NA,NA,0,NA,NA,0
83.1284,0.755,-0.842522,0.809,17.507,0.013,2,18.088,0.038,2,NA,NA,0,17.868,0.097,4,17.398,0.113,4,NA,NA,0,NA,NA,0,NA,NA,0
83.129537,0.633,-0.534996,0.42,17.506,0.232,1,17.753,0.206,1,NA,NA,0,17.759,0.201,3,17.435,0.246,3,NA,NA,0,NA,NA,0,NA,NA,0
83.130246,0.296,-0.489359,0.159,12.453,0.031,9,13.624,0.025,9,NA,NA,0,13.011,0.046,9,12.043,0.071,9,11.661,0.037,9,11.463,0.043,3,NA,NA,0
83.132023,0.307,-0.692984,0.413,14.983,0.035,9,15.855,0.043,9,NA,NA,0,15.397,0.079,9,14.676,0.071,9,14.407,0.069,9,NA,NA,0,NA,NA,0
83.132033,0.714,-0.633742,0.589,16.877,0.081,5,18.021,0.146,5,NA,NA,0,17.303,0.1,7,16.386,0.106,7,16.05,0.134,7,NA,NA,0,NA,NA,0
83.133717,0.705,-0.585212,0.803,16.756,0.187,6,17.732,0.143,6,NA,NA,0,17.193,0.11,7,16.265,0.124,7,15.805,0.153,5,NA,NA,0,NA,NA,0
83.134941,0.588,-0.570525,0.816,17.089,0.08,4,17.998,0.272,4,NA,NA,0,17.533,0.124,7,16.632,0.158,7,16.191,0.113,6,NA,NA,0,NA,NA,0
83.135734,0.521,-0.519607,0.655,16.163,0.093,9,16.77,0.13,9,NA,NA,0,16.448,0.09,9,15.875,0.074,9,15.685,0.143,9,NA,NA,0,NA,NA,0
83.135867,0.416,-0.721601,0.7,16.147,0.064,7,17.098,0.094,7,NA,NA,0,16.641,0.093,9,15.715,0.079,9,15.335,0.074,9,NA,NA,0,NA,NA,0
83.137291,0.226,-0.36922,0.378,15.008,0.049,9,15.876,0.055,9,NA,NA,0,15.436,0.044,9,14.673,0.084,9,14.369,0.068,9,NA,NA,0,NA,NA,0
83.137318,0.805,-0.882294,0.61,17.057,0.097,2,17.944,0.071,2,NA,NA,0,17.709,0.107,6,16.588,0.111,6,15.973,0.106,6,NA,NA,0,NA,NA,0
83.137872,0.56,-0.559052,0.636,17.521,0.205,5,18.112,0.046,5,NA,NA,0,17.685,0.164,6,17.162,0.184,6,NA,NA,0,NA,NA,0,NA,NA,0
83.138161,0.659,-0.593697,0.701,16.795,0.092,5,17.898,0.23,5,NA,NA,0,17.293,0.112,7,16.538,0.087,7,16.012,0.161,7,NA,NA,0,NA,NA,0
83.138903,0.122,-0.442991,0.257,NA,NA,0,NA,NA,0,NA,NA,0,18.414,0.323,1,17.887,0.364,1,NA,NA,0,NA,NA,0,NA,NA,0
83.139392,0.542,-0.768322,0.761,16.181,0.058,8,17.124,0.112,8,NA,NA,0,16.653,0.06,9,15.94,0.108,9,15.529,0.091,9,NA,NA,0,NA,NA,0
83.139776,0.32,-0.40847,0.558,16.42,0.168,6,17.67,0.279,6,NA,NA,0,17.082,0.112,9,15.703,0.103,9,14.697,0.053,9,NA,NA,0,NA,NA,0
83.14067,0.645,-0.807787,1.099,NA,NA,0,NA,NA,0,NA,NA,0,17.916,0.105,1,16.883,0.138,1,NA,NA,0,NA,NA,0,NA,NA,0
83.140989,0.679,-0.875933,0.806,17.01,0.13,3,17.972,0.152,3,NA,NA,0,17.492,0.076,7,16.768,0.076,7,16.242,0.109,3,NA,NA,0,NA,NA,0
83.141161,0.578,-0.862033,0.948,NA,NA,0,NA,NA,0,NA,NA,0,18.081,0.055,3,16.817,0.008,3,NA,NA,0,NA,NA,0,NA,NA,0
83.141835,0.335,-0.685776,0.815,17.422,0.195,1,18.25,0.271,1,NA,NA,0,17.864,0.095,4,17.38,0.334,4,NA,NA,0,NA,NA,0,NA,NA,0
83.142044,0.514,-0.857985,0.762,16.821,0.086,7,17.41,0.069,7,NA,NA,0,17.17,0.093,8,16.592,0.143,8,16.275,0.175,3,NA,NA,0,NA,NA,0
83.142334,0.197,-0.730317,0.238,NA,NA,0,NA,NA,0,NA,NA,0,18.341,0.205,1,17.293,0.182,1,NA,NA,0,NA,NA,0,NA,NA,0
83.143564,0.57,-0.609216,0.627,16.84,0.112,4,17.954,0.077,4,NA,NA,0,17.45,0.095,9,16.172,0.092,9,15.572,0.143,8,NA,NA,0,NA,NA,0
83.144331,0.539,-0.594027,0.812,17.067,0.225,7,17.922,0.226,7,NA,NA,0,17.367,0.103,7,16.745,0.121,7,16.233,0.004,2,NA,NA,0,NA,NA,0
83.145561,0.351,-0.509212,0.355,14.524,0.047,9,15.343,0.052,9,NA,NA,0,14.894,0.062,9,14.233,0.06,9,13.962,0.051,9,NA,NA,0,NA,NA,0
83.14568,0.186,-0.620393,0.269,14.921,0.03,9,15.913,0.047,9,NA,NA,0,15.395,0.065,9,14.542,0.075,9,14.102,0.046,9,13.972,0.242,1,NA,NA,0
83.147439,0.333,-0.364292,0.354,14.973,0.053,9,16.198,0.072,9,NA,NA,0,15.61,0.035,9,14.437,0.075,9,13.972,0.079,9,NA,NA,0,NA,NA,0
83.148143,0.327,-0.465245,0.53,15.413,0.044,9,16.173,0.069,9,NA,NA,0,15.788,0.033,9,15.161,0.055,9,14.852,0.075,9,NA,NA,0,NA,NA,0
83.14984,0.488,-0.496356,0.469,17.75,0.248,1,18.24,0.287,1,NA,NA,0,17.906,0.134,4,17.487,0.284,4,NA,NA,0,NA,NA,0,NA,NA,0
83.150588,0.195,-0.636299,0.231,11.643,0.049,9,12.675,0.029,9,NA,NA,0,12.157,0.052,9,11.249,0.076,9,10.926,0.045,12,10.76,0.058,3,NA,NA,0
83.150772,0.437,-0.702181,0.246,NA,NA,0,NA,NA,0,NA,NA,0,17.895,0.137,4,16.632,0.123,4,15.441,0.158,4,NA,NA,0,NA,NA,0
83.151275,0.733,-0.55725,0.41,NA,NA,0,NA,NA,0,NA,NA,0,18.081,0.024,4,17.156,0.086,4,NA,NA,0,NA,NA,0,NA,NA,0
83.151381,0.329,-0.686277,0.074,NA,NA,0,NA,NA,0,NA,NA,0,18.193,0.173,1,16.866,0.125,1,NA,NA,0,NA,NA,0,NA,NA,0
83.151768,0.474,-0.367229,0.497,15.309,0.071,9,16.12,0.055,9,NA,NA,0,15.712,0.048,9,14.979,0.055,9,14.686,0.089,9,NA,NA,0,NA,NA,0
83.151945,0.54,-0.596993,0.228,NA,NA,0,NA,NA,0,NA,NA,0,17.924,0.133,2,17.493,0.018,2,NA,NA,0,NA,NA,0,NA,NA,0
83.152235,0.352,-0.745489,0.306,14.087,0.044,9,15.392,0.093,9,NA,NA,0,14.752,0.098,9,13.53,0.078,9,12.916,0.06,9,12.471,0.129,3,NA,NA,0
83.152374,0.645,-0.896479,0.622,17.416,0.045,2,18.078,0.064,2,NA,NA,0,17.835,0.164,5,17.096,0.164,5,NA,NA,0,NA,NA,0,NA,NA,0
83.15288,0.339,-0.706395,0.359,14.484,0.04,9,15.289,0.044,9,NA,NA,0,14.866,0.063,9,14.256,0.068,9,14.043,0.055,9,13.734,0.171,1,NA,NA,0
83.153711,0.674,-0.53608,0.712,16.51,0.114,7,17.384,0.111,7,NA,NA,0,16.911,0.056,8,16.172,0.074,8,15.947,0.089,5,NA,NA,0,NA,NA,0
83.154028,0.613,-0.441107,0.73,17.021,0.118,6,17.842,0.234,6,NA,NA,0,17.252,0.075,6,16.707,0.166,6,16.27,0.155,2,NA,NA,0,NA,NA,0
83.155028,0.606,-0.8008,0.721,NA,NA,0,NA,NA,0,NA,NA,0,18.081,0.182,4,16.732,0.126,4,15.623,0.153,4,NA,NA,0,NA,NA,0
83.155315,0.762,-0.369358,0.756,16.116,0.132,8,17.171,0.087,8,NA,NA,0,16.639,0.072,8,15.701,0.106,8,15.307,0.082,6,NA,NA,0,NA,NA,0
83.155944,0.962,-0.830408,0.549,17.264,0.032,3,17.943,0.155,3,NA,NA,0,17.678,0.043,4,17.31,0.222,4,16.473,0.087,2,NA,NA,0,NA,NA,0
83.156678,0.192,-0.793652,0.228,13.786,0.052,9,14.558,0.052,9,NA,NA,0,14.154,0.077,9,13.543,0.066,9,13.353,0.038,9,13.337,0.213,3,NA,NA,0
83.158543,0.29,-0.660929,0.219,14.014,0.033,9,15.404,0.027,9,NA,NA,0,14.712,0.066,9,13.519,0.069,9,12.998,0.036,9,12.714,0.088,3,NA,NA,0
83.158872,0.516,-0.562337,0.736,17.124,0.056,3,18.056,0.04,3,NA,NA,0,17.752,0.097,6,16.579,0.051,6,16.042,0.086,5,NA,NA,0,NA,NA,0
83.159002,0.522,-0.842887,0.652,16.766,0.133,7,17.388,0.086,7,NA,NA,0,17.101,0.048,7,16.463,0.136,7,16.203,0.254,5,NA,NA,0,NA,NA,0
83.159133,0.738,-0.493467,0.68,17.045,0.188,6,17.837,0.151,6,NA,NA,0,17.521,0.092,6,16.611,0.122,6,16.202,0.084,3,NA,NA,0,NA,NA,0
83.159909,0.761,-0.674422,0.758,NA,NA,0,NA,NA,0,NA,NA,0,18.103,0.051,3,16.977,0.086,3,16.394,0.034,2,NA,NA,0,NA,NA,0
83.159927,0.674,-0.622117,0.71,NA,NA,0,NA,NA,0,NA,NA,0,17.871,0.212,6,16.816,0.127,6,16.1,0.109,5,NA,NA,0,NA,NA,0
83.160361,0.84,-0.78423,0.616,15.798,0.056,7,16.724,0.134,7,NA,NA,0,16.199,0.123,9,15.526,0.103,9,15.317,0.129,6,NA,NA,0,NA,NA,0
83.160937,0.444,-0.749147,0.245,NA,NA,0,NA,NA,0,NA,NA,0,17.66,0.066,2,17.281,0.048,2,NA,NA,0,NA,NA,0,NA,NA,0
83.161889,0.446,-0.600981,0.438,14.014,0.043,9,14.795,0.028,9,NA,NA,0,14.411,0.046,9,13.733,0.072,9,13.44,0.033,8,13.483,0.086,3,NA,NA,0
83.162016,0.43,-0.554659,0.604,16.412,0.08,7,17.922,0.157,7,NA,NA,0,17.13,0.17,9,15.683,0.088,9,14.686,0.058,9,NA,NA,0,NA,NA,0
83.162112,0.429,-0.434307,0.322,NA,NA,0,NA,NA,0,NA,NA,0,17.767,0.024,3,16.495,0.026,2,15.106,0.054,3,NA,NA,0,NA,NA,0
83.162716,0.731,-0.359034,0.81,14.596,0.062,9,15.385,0.045,9,NA,NA,0,14.994,0.038,9,14.315,0.085,9,14.007,0.051,9,NA,NA,0,NA,NA,0
83.162773,0.461,-0.735753,0.801,17.291,0.233,5,17.946,0.324,5,NA,NA,0,17.569,0.062,6,17.13,0.183,6,NA,NA,0,NA,NA,0,NA,NA,0
83.164332,0.688,-0.604806,0.901,14.684,0.059,9,15.351,0.049,9,NA,NA,0,14.998,0.061,9,14.435,0.083,9,14.201,0.036,8,NA,NA,0,NA,NA,0
83.165112,0.695,-0.896533,0.87,17.017,0.162,5,17.532,0.227,5,NA,NA,0,17.291,0.107,7,16.711,0.125,7,16.214,0.176,3,NA,NA,0,NA,NA,0
83.165171,0.557,-0.435683,0.451,16.744,0.168,3,17.701,0.149,3,NA,NA,0,17.318,0.006,2,16.456,0.091,2,15.842,0.013,2,NA,NA,0,NA,NA,0
83.165492,0.451,-0.356151,0.709,14.482,0.041,9,15.219,0.036,9,NA,NA,0,14.834,0.032,9,14.204,0.064,9,13.908,0.069,9,13.678,0.19,1,NA,NA,0
83.165501,0.362,-0.398691,0.439,16.278,0.064,6,17.639,0.159,6,NA,NA,0,16.941,0.073,9,15.593,0.134,9,14.34,0.066,9,NA,NA,0,NA,NA,0
83.165504,0.407,-0.695199,0.47,15.476,0.064,9,16.696,0.08,9,NA,NA,0,16.104,0.066,9,15.009,0.082,9,14.661,0.083,9,NA,NA,0,NA,NA,0
83.167093,0.53,-0.4981,0.615,17.009,0.067,2,18.046,0.023,2,NA,NA,0,17.828,0.167,5,16.567,0.07,5,16.008,0.166,5,NA,NA,0,NA,NA,0
83.167885,0.676,-0.415442,1.194,17.491,0.205,1,17.481,0.119,1,NA,NA,0,17.84,0.131,7,16.902,0.082,7,16.266,0.176,1,NA,NA,0,NA,NA,0
83.169061,0.595,-0.377783,0.634,NA,NA,0,NA,NA,0,NA,NA,0,17.899,0.043,5,17.104,0.131,5,16.304,0.128,2,NA,NA,0,NA,NA,0
83.169379,0.561,-0.854848,0.881,16.176,0.121,8,16.873,0.12,8,NA,NA,0,16.552,0.085,8,16.046,0.13,8,15.852,0.107,8,NA,NA,0,NA,NA,0
83.170661,0.693,-0.880389,0.892,16.595,0.111,7,17.432,0.199,7,NA,NA,0,17.007,0.117,8,16.352,0.138,8,16.173,0.167,7,NA,NA,0,NA,NA,0
83.170696,0.312,-0.685463,0.404,NA,NA,0,NA,NA,0,NA,NA,0,18.015,0.023,2,17.472,0,2,NA,NA,0,NA,NA,0,NA,NA,0
83.171344,0.681,-0.392243,0.518,14.969,0.055,9,15.813,0.04,9,NA,NA,0,15.383,0.055,9,14.653,0.062,9,14.333,0.078,9,NA,NA,0,NA,NA,0
83.171832,0.163,-0.634891,0.118,10.645,0.043,12,10.928,0.025,12,NA,NA,0,10.801,0.055,12,10.62,0.067,12,10.654,0.047,12,10.699,0.036,3,NA,NA,0
83.172886,0.358,-0.778852,0.411,15.719,0.049,1,16.284,0.042,1,NA,NA,0,17.386,0.36,7,16.062,0.216,7,14.819,0.083,7,NA,NA,0,NA,NA,0
83.174836,0.663,-0.39458,0.785,16.295,0.083,1,18.156,0.333,1,NA,NA,0,17.26,0.085,5,15.829,0.09,5,15.116,0.097,5,NA,NA,0,NA,NA,0
83.175359,0.16,-0.763449,0.149,12.932,0.052,9,13.468,0.035,9,NA,NA,0,13.184,0.08,9,12.796,0.073,9,12.681,0.046,9,12.585,0.121,3,NA,NA,0
83.175906,0.768,-0.366565,0.626,17.043,0.057,3,18.068,0.353,3,NA,NA,0,17.426,0.101,7,16.724,0.073,7,16.259,0.202,4,NA,NA,0,NA,NA,0
83.176397,0.451,-0.442895,0.392,15.171,0.077,9,16.566,0.069,9,NA,NA,0,15.89,0.069,9,14.508,0.076,9,13.796,0.038,9,13.708,0.043,2,NA,NA,0
83.176452,0.742,-0.811749,0.698,16.83,0.099,7,17.583,0.101,7,NA,NA,0,17.209,0.086,7,16.594,0.17,7,16.138,0.058,5,NA,NA,0,NA,NA,0
83.178232,0.534,-0.610304,0.944,NA,NA,0,NA,NA,0,NA,NA,0,18.457,0.287,4,17.057,0.179,4,16.207,0.086,3,NA,NA,0,NA,NA,0
83.178502,0.354,-0.459443,0.229,16.046,0.04,4,17.182,0.169,4,NA,NA,0,16.585,0.049,5,15.604,0.038,5,15.063,0.108,5,NA,NA,0,NA,NA,0
83.178848,0.766,-0.802339,0.635,17.094,0.156,1,17.87,0.211,1,NA,NA,0,17.782,0.12,6,16.696,0.153,6,16.194,0.051,3,NA,NA,0,NA,NA,0
83.178885,0.882,-0.373259,0.382,17.154,0.379,2,18.058,0.063,2,NA,NA,0,17.791,0.049,2,16.965,0.129,2,16.46,0.224,1,NA,NA,0,NA,NA,0
83.179156,0.462,-0.701083,0.876,17.96,0.329,1,18.2,0.277,1,NA,NA,0,18.519,0.07,2,17.356,0.035,2,NA,NA,0,NA,NA,0,NA,NA,0
83.17963,0.706,-0.566817,0.673,17.259,0.243,5,17.884,0.136,5,NA,NA,0,17.583,0.122,6,16.959,0.083,6,16.101,0.16,1,NA,NA,0,NA,NA,0
83.180921,0.503,-0.386444,0.756,16.73,0.145,7,17.44,0.139,7,NA,NA,0,17.071,0.074,7,16.316,0.069,7,15.992,0.139,7,NA,NA,0,NA,NA,0
83.18183,0.306,-0.405653,0.358,15.201,0.062,9,16.199,0.064,9,NA,NA,0,15.695,0.04,9,14.815,0.061,9,14.409,0.076,9,13.606,0.208,1,NA,NA,0
83.182502,0.173,-0.454223,0.145,11.529,0.037,7,12.359,0.04,7,NA,NA,0,11.905,0.055,6,11.226,0.045,6,10.962,0.042,7,10.867,0.034,3,NA,NA,0
83.183299,0.417,-0.339192,0.438,15.445,0.034,9,16.791,0.164,9,NA,NA,0,16.108,0.038,9,14.906,0.07,9,14.352,0.051,9,NA,NA,0,NA,NA,0
83.184504,0.118,-0.85572,0.153,12.827,0.056,9,13.511,0.061,9,NA,NA,0,13.164,0.082,9,12.629,0.081,9,12.471,0.043,9,12.428,0.051,3,NA,NA,0
83.184549,0.435,-0.673816,0.584,16.073,0.058,7,17.34,0.073,7,NA,NA,0,16.706,0.116,9,15.584,0.08,9,15.147,0.094,9,NA,NA,0,NA,NA,0
83.186556,0.565,-0.382201,0.744,17.178,0.091,2,17.996,0.06,2,NA,NA,0,17.623,0.14,7,16.799,0.142,7,16.213,0.267,5,NA,NA,0,NA,NA,0
83.18658,0.225,-0.594935,0.182,13.495,0.043,9,14.178,0.013,9,NA,NA,0,13.818,0.06,9,13.261,0.073,9,13.031,0.041,9,12.979,0.107,3,NA,NA,0
83.187342,1.015,-0.850088,0.599,17.463,0.219,1,18.016,0.228,1,NA,NA,0,17.496,0.132,3,16.928,0.121,3,NA,NA,0,NA,NA,0,NA,NA,0
83.188144,0.298,-0.374779,0.291,13.83,0.046,9,14.546,0.019,9,NA,NA,0,14.179,0.046,9,13.554,0.059,9,13.292,0.049,9,13.163,0.226,3,NA,NA,0
83.189,0.547,-0.533104,0.712,16.997,0.071,6,17.838,0.259,6,NA,NA,0,17.374,0.08,7,16.829,0.185,7,16.297,0.013,2,NA,NA,0,NA,NA,0
83.189301,0.531,-0.62625,0.756,16.015,0.063,5,17.468,0.092,5,NA,NA,0,16.746,0.031,6,15.437,0.087,6,14.761,0.074,6,NA,NA,0,NA,NA,0
83.189703,0.38,-0.629941,1.012,15.179,0.051,9,16.093,0.049,9,NA,NA,0,15.65,0.077,9,14.83,0.087,9,14.462,0.091,8,NA,NA,0,NA,NA,0
83.191445,0.34,-0.888638,0.364,14.632,0.049,9,15.305,0.049,9,NA,NA,0,14.932,0.097,9,14.439,0.092,9,14.28,0.066,9,NA,NA,0,NA,NA,0
83.192157,0.561,-0.875054,0.673,16.626,0.124,6,17.284,0.111,6,NA,NA,0,16.883,0.085,8,16.401,0.168,8,16.167,0.056,5,NA,NA,0,NA,NA,0
83.19235,0.252,-0.465464,0.497,17.263,0.174,1,17.799,0.206,1,NA,NA,0,17.895,0.152,5,16.557,0.075,5,15.783,0.091,5,NA,NA,0,NA,NA,0
83.195815,0.574,-0.856806,0.533,17.482,0.217,1,18.088,0.252,1,NA,NA,0,17.837,0.133,1,17.413,0.228,1,NA,NA,0,NA,NA,0,NA,NA,0
83.196319,0.252,-0.395091,0.219,14.704,0.114,9,15.736,0.12,9,NA,NA,0,15.212,0.092,9,14.3,0.14,9,13.845,0.125,9,13.348,0.223,2,NA,NA,0
83.196385,0.591,-0.455624,0.549,17.307,0.211,1,18.248,0.334,1,NA,NA,0,18.086,0.118,6,16.839,0.111,6,15.998,0.159,3,NA,NA,0,NA,NA,0
83.197137,0.281,-0.62619,0.219,NA,NA,0,NA,NA,0,NA,NA,0,17.981,0.094,3,17.445,0.048,3,NA,NA,0,NA,NA,0,NA,NA,0
83.197611,0.335,-0.676097,0.422,15.736,0.022,7,17.228,0.08,7,NA,NA,0,16.508,0.116,9,15.09,0.058,9,14.278,0.059,9,NA,NA,0,NA,NA,0
83.1978,0.668,-0.564743,0.299,NA,NA,0,NA,NA,0,NA,NA,0,18.044,0.109,3,17.314,0.316,3,NA,NA,0,NA,NA,0,NA,NA,0
83.198091,0.449,-0.74358,0.467,16.933,0.049,4,17.5,0.219,4,NA,NA,0,17.364,0.108,4,16.75,0.118,4,NA,NA,0,NA,NA,0,NA,NA,0
83.198216,0.255,-0.69585,0.147,12.212,0.045,9,12.663,0.041,9,NA,NA,0,12.407,0.077,9,12.113,0.074,9,12.05,0.05,9,12.092,0.017,3,NA,NA,0
83.198466,0.618,-0.486296,0.708,NA,NA,0,NA,NA,0,NA,NA,0,18.324,0.323,3,16.969,0.063,3,16.546,0.163,2,NA,NA,0,NA,NA,0
83.199678,0.583,-0.598266,0.753,17.064,0.115,6,17.983,0.208,6,NA,NA,0,17.362,0.052,6,16.7,0.082,6,16.312,0.199,1,NA,NA,0,NA,NA,0
83.199809,0.493,-0.649437,0.943,NA,NA,0,NA,NA,0,NA,NA,0,18.048,0.025,2,17.455,0.09,2,NA,NA,0,NA,NA,0,NA,NA,0
83.199967,0.515,-0.637902,0.689,16.327,0.113,7,17.331,0.169,7,NA,NA,0,16.753,0.051,9,16.011,0.104,9,15.617,0.058,8,NA,NA,0,NA,NA,0
83.200224,0.399,-0.803302,0.289,NA,NA,0,NA,NA,0,NA,NA,0,18.231,0.224,4,16.753,0.076,4,15.89,0.17,4,NA,NA,0,NA,NA,0
83.200413,0.675,-0.793903,1.063,17.731,0.252,1,18.565,0.375,1,NA,NA,0,18.081,0.031,3,17.274,0.048,3,NA,NA,0,NA,NA,0,NA,NA,0
83.201045,0.739,-0.742208,0.63,15.579,0.05,8,16.597,0.141,8,NA,NA,0,16.073,0.055,9,15.231,0.089,9,14.952,0.049,9,NA,NA,0,NA,NA,0
83.202879,0.37,-0.829101,0.335,NA,NA,0,NA,NA,0,NA,NA,0,18.185,0.1,3,16.769,0.065,3,15.431,0.051,3,NA,NA,0,NA,NA,0
83.203146,0.695,-0.473701,0.607,15.851,0.068,9,16.565,0.171,9,NA,NA,0,16.195,0.082,7,15.627,0.066,7,15.343,0.12,7,NA,NA,0,NA,NA,0
83.204065,0.124,-0.88217,0.121,16.738,0.119,1,17.309,0.136,1,NA,NA,0,NA,NA,0,NA,NA,0,NA,NA,0,NA,NA,0,NA,NA,0
83.204221,0.549,-0.782358,0.76,17.188,0.167,6,17.846,0.149,6,NA,NA,0,17.512,0.079,6,17.04,0.157,6,NA,NA,0,NA,NA,0,NA,NA,0
83.20473,0.264,-0.511813,0.244,17.904,0.317,1,18.563,0.404,1,NA,NA,0,18.491,0.272,1,17.751,0.286,1,NA,NA,0,NA,NA,0,NA,NA,0
83.206096,0.713,-0.682395,0.873,17.444,0.176,3,18.06,0.34,3,NA,NA,0,17.789,0.145,5,17.07,0.115,5,NA,NA,0,NA,NA,0,NA,NA,0
83.206847,0.795,-0.478747,0.721,17.143,0.147,1,17.445,0.13,1,NA,NA,0,17.724,0.149,5,16.568,0.127,5,16.085,0.032,3,NA,NA,0,NA,NA,0
83.206856,0.338,-0.713184,0.404,7.951,0.03,3,8.031,0.013,3,NA,NA,0,7.933,0.014,3,7.971,0.089,3,8.145,0.056,3,8.205,0.024,3,NA,NA,0
83.207986,0.406,-0.425845,0.524,16.372,0.066,4,17.896,0.109,4,NA,NA,0,17.256,0.084,8,15.587,0.057,8,14.761,0.105,8,NA,NA,0,NA,NA,0
83.20886,0.35,-0.828924,0.747,14.819,0.083,9,15.682,0.036,9,NA,NA,0,15.256,0.064,9,14.538,0.088,9,14.283,0.032,9,NA,NA,0,NA,NA,0
83.208886,0.463,-0.521801,0.583,NA,NA,0,NA,NA,0,NA,NA,0,17.995,0.104,4,16.658,0.104,4,15.234,0.116,4,NA,NA,0,NA,NA,0
83.209604,0.389,-0.831768,0.387,16.502,0.048,2,17.283,0.143,2,NA,NA,0,16.858,0.069,2,16.209,0.032,2,15.949,0.155,1,NA,NA,0,NA,NA,0
83.209922,0.153,-0.881879,0.117,12.184,0.055,9,12.714,0.047,9,NA,NA,0,12.421,0.091,9,12.068,0.081,9,11.981,0.042,9,11.996,0.035,3,NA,NA,0
83.210254,0.715,-0.594882,0.921,17.012,0.136,1,17.679,0.17,1,NA,NA,0,17.503,0.105,7,16.36,0.164,7,14.97,0.131,7,NA,NA,0,NA,NA,0
83.210665,0.45,-0.809195,0.543,18.104,0.339,1,18.093,0.246,1,NA,NA,0,18.062,0.162,1,17.709,0.272,1,NA,NA,0,NA,NA,0,NA,NA,0
83.211113,0.34,-0.836727,0.377,15.077,0.059,9,15.803,0.092,9,NA,NA,0,15.435,0.084,9,14.817,0.082,9,14.597,0.079,9,NA,NA,0,NA,NA,0
83.21241,0.304,-0.38892,0.343,15.093,0.054,9,15.878,0.056,9,NA,NA,0,15.487,0.059,9,14.816,0.077,9,14.552,0.052,9,NA,NA,0,NA,NA,0
83.212724,0.662,-0.592122,0.786,16.934,0.089,5,17.706,0.197,5,NA,NA,0,17.25,0.103,7,16.495,0.114,7,16.093,0.183,3,NA,NA,0,NA,NA,0
83.213531,0.312,-0.542209,0.368,14.227,0.035,9,14.979,0.041,9,NA,NA,0,14.591,0.053,9,13.995,0.065,9,13.799,0.041,9,13.607,0.149,2,NA,NA,0
83.213663,0.28,-0.581024,0.237,13.102,0.074,9,14.398,0.056,9,NA,NA,0,13.776,0.046,9,12.541,0.104,9,11.893,0.055,9,11.558,0.034,3,NA,NA,0
83.214093,0.638,-0.82875,0.866,16.651,0.124,7,17.647,0.138,7,NA,NA,0,17.104,0.122,8,16.374,0.117,8,15.976,0.134,6,NA,NA,0,NA,NA,0
83.214396,0.422,-0.463809,0.171,NA,NA,0,NA,NA,0,NA,NA,0,18.493,0.248,1,17.016,0.143,1,16.402,0.211,1,NA,NA,0,NA,NA,0
83.216104,0.192,-0.545514,0.489,NA,NA,0,NA,NA,0,NA,NA,0,17.665,0.02,2,16.546,0.018,2,15.938,0.14,1,NA,NA,0,NA,NA,0
83.216441,0.489,-0.865914,0.284,NA,NA,0,NA,NA,0,NA,NA,0,18.234,0.109,2,17.08,0.133,2,NA,NA,0,NA,NA,0,NA,NA,0
83.216753,0.47,-0.517642,0.746,16.377,0.118,6,17.343,0.205,6,NA,NA,0,16.887,0.046,7,16.286,0.126,7,16.074,0.172,5,NA,NA,0,NA,NA,0
83.21698,0.444,-0.668767,0.556,16.038,0.081,7,17.125,0.128,7,NA,NA,0,16.59,0.059,8,15.653,0.044,8,15.249,0.125,8,NA,NA,0,NA,NA,0
83.217045,0.339,-0.654361,0.458,15.538,0.059,8,16.548,0.082,8,NA,NA,0,16.005,0.048,9,15.122,0.082,9,14.73,0.076,9,NA,NA,0,NA,NA,0
83.217379,0.167,-0.592391,0.19,NA,NA,0,NA,NA,0,NA,NA,0,18.17,0.206,1,17.345,0.223,1,NA,NA,0,NA,NA,0,NA,NA,0
83.217427,0.378,-0.875825,0.668,15.949,0.048,7,16.91,0.055,7,NA,NA,0,16.412,0.083,9,15.654,0.077,9,15.38,0.133,9,NA,NA,0,NA,NA,0
83.217622,0.392,-0.627303,0.349,14.21,0.043,9,14.865,0.027,9,NA,NA,0,14.517,0.067,9,13.991,0.067,9,13.804,0.042,9,13.781,0.13,2,NA,NA,0
83.218408,0.673,-0.576651,0.369,17.122,0.164,1,17.991,0.249,1,NA,NA,0,17.301,0.054,4,16.582,0.114,4,NA,NA,0,NA,NA,0,NA,NA,0
83.219536,0.334,-0.573714,0.533,15.221,0.068,9,16.095,0.072,9,NA,NA,0,15.622,0.054,9,14.929,0.088,9,14.641,0.094,9,NA,NA,0,NA,NA,0
83.219971,0.605,-0.471555,0.652,17.281,0.052,2,18.015,0.174,2,NA,NA,0,17.662,0.063,5,17.074,0.143,5,NA,NA,0,NA,NA,0,NA,NA,0
83.220213,0.276,-0.770595,0.195,14.553,0.037,9,15.334,0.052,9,NA,NA,0,14.954,0.076,9,14.296,0.067,9,14.03,0.057,9,14.039,0.27,1,NA,NA,0
83.220337,0.824,-0.447277,0.861,NA,NA,0,NA,NA,0,NA,NA,0,18.277,0.211,6,16.871,0.158,6,16.066,0.11,5,NA,NA,0,NA,NA,0
83.220503,0.837,-0.435286,0.487,NA,NA,0,NA,NA,0,NA,NA,0,18.027,0.145,2,17.243,0.021,2,16.4,0.199,1,NA,NA,0,NA,NA,0
83.220904,0.532,-0.847924,0.675,NA,NA,0,NA,NA,0,NA,NA,0,18.038,0.171,6,16.746,0.167,6,15.592,0.163,6,NA,NA,0,NA,NA,0
83.22112,0.371,-0.416645,0.412,15.732,0.056,9,16.875,0.07,9,NA,NA,0,16.346,0.049,9,15.265,0.06,9,14.666,0.1,9,NA,NA,0,NA,NA,0
83.222046,0.635,-0.682068,0.709,16.586,0.099,7,17.202,0.141,7,NA,NA,0,16.886,0.113,9,16.3,0.107,9,16.185,0.208,7,NA,NA,0,NA,NA,0
83.22295,0.321,-0.519185,0.228,14.13,0.042,9,14.573,0.018,9,NA,NA,0,14.319,0.061,9,14.004,0.066,9,13.94,0.047,9,13.462,0.166,1,NA,NA,0
83.223037,1.247,-0.863453,1.294,16.443,0.069,6,17.352,0.08,6,NA,NA,0,16.857,0.087,8,16.014,0.099,8,15.638,0.132,5,NA,NA,0,NA,NA,0
83.223429,0.329,-0.61575,0.488,15.623,0.04,9,16.573,0.094,9,NA,NA,0,16.057,0.071,9,15.305,0.097,9,14.998,0.049,9,NA,NA,0,NA,NA,0
83.224069,0.198,-0.556814,0.199,14.903,0.044,9,15.991,0.06,9,NA,NA,0,15.416,0.063,9,14.523,0.081,9,14.114,0.05,9,NA,NA,0,NA,NA,0
83.224611,0.403,-0.797738,0.57,15.572,0.057,8,16.758,0.067,8,NA,NA,0,16.188,0.107,9,15.149,0.092,9,14.753,0.065,8,NA,NA,0,NA,NA,0
83.226145,0.77,-0.807736,0.381,NA,NA,0,NA,NA,0,NA,NA,0,18.094,0.179,4,17.509,0.224,4,NA,NA,0,NA,NA,0,NA,NA,0
83.226585,0.148,-0.789484,0.164,11.939,0.043,9,13.292,0.061,9,NA,NA,0,12.626,0.082,9,11.446,0.079,9,10.983,0.05,10,10.745,0.025,3,NA,NA,0
83.226608,0.404,-0.394357,0.17,16.322,0.076,1,17.371,0.132,1,NA,NA,0,16.81,0.058,1,16.118,0.064,1,15.91,0.135,1,NA,NA,0,NA,NA,0
83.227654,0.561,-0.861364,0.743,16.44,0.103,7,17.371,0.082,7,NA,NA,0,16.843,0.049,8,16.048,0.125,8,15.565,0.139,7,NA,NA,0,NA,NA,0
83.227818,0.056,-0.490426,0.557,NA,NA,0,NA,NA,0,NA,NA,0,17.87,0.158,1,17.639,0.258,1,NA,NA,0,NA,NA,0,NA,NA,0
83.229352,1.001,-0.394925,0.506,15.239,0.073,9,16.184,0.045,9,NA,NA,0,15.705,0.048,9,14.938,0.074,9,14.579,0.046,9,NA,NA,0,NA,NA,0
83.229701,0.216,-0.683799,0.239,14.401,0.032,9,15.642,0.044,9,NA,NA,0,15.009,0.072,9,13.982,0.073,9,13.548,0.048,9,13.284,0.056,3,NA,NA,0
83.230546,0.435,-0.382745,0.948,17.567,0.055,2,17.895,0.105,2,NA,NA,0,17.963,0.06,2,17.176,0.307,2,NA,NA,0,NA,NA,0,NA,NA,0
83.231352,0.519,-0.851804,0.746,17.122,0.15,6,17.564,0.156,6,NA,NA,0,17.284,0.079,7,16.75,0.124,7,16.336,0.212,1,NA,NA,0,NA,NA,0
83.231642,1.1,-0.731974,0.932,NA,NA,0,NA,NA,0,NA,NA,0,18.31,0.023,2,17.392,0.039,2,NA,NA,0,NA,NA,0,NA,NA,0
83.232483,0.633,-0.703249,0.791,17.62,0.319,2,18.949,0.392,2,NA,NA,0,17.812,0.157,6,17.077,0.207,6,16.45,0.26,1,NA,NA,0,NA,NA,0
83.232499,0.5,-0.606994,0.599,16.914,0.105,7,17.682,0.159,7,NA,NA,0,17.306,0.065,7,16.7,0.085,7,16.169,0.089,3,NA,NA,0,NA,NA,0
83.232829,0.305,-0.557965,0.249,14.066,0.041,9,14.79,0.023,9,NA,NA,0,14.408,0.056,9,13.85,0.077,9,13.644,0.059,9,13.547,0.089,3,NA,NA,0
83.233931,0.669,-0.824199,0.61,17.231,0.128,5,18.04,0.063,5,NA,NA,0,17.729,0.104,7,16.934,0.122,7,16.663,0.274,1,NA,NA,0,NA,NA,0
83.235092,0.193,-0.492677,0.191,NA,NA,0,NA,NA,0,NA,NA,0,18.375,0.211,1,17.136,0.162,1,16.158,0.175,1,NA,NA,0,NA,NA,0
83.235222,0.324,-0.452584,0.486,15.105,0.067,9,15.905,0.046,9,NA,NA,0,15.491,0.035,9,14.844,0.079,9,14.558,0.065,9,NA,NA,0,NA,NA,0
83.23604,0.808,-0.838728,0.796,NA,NA,0,NA,NA,0,NA,NA,0,17.968,0.168,3,17.071,0.066,3,NA,NA,0,NA,NA,0,NA,NA,0
83.23868,0.488,-0.489448,0.588,15.746,0.065,9,16.364,0.064,9,NA,NA,0,16.036,0.061,9,15.564,0.097,9,15.359,0.145,9,NA,NA,0,NA,NA,0
83.23869,0.629,-0.793973,0.744,17.069,0.102,4,17.983,0.138,4,NA,NA,0,17.456,0.106,6,16.907,0.062,6,16.458,0.291,1,NA,NA,0,NA,NA,0
83.239833,0.554,-0.455497,0.545,17.347,0.158,5,17.777,0.062,5,NA,NA,0,17.55,0.065,3,17.2,0.087,3,NA,NA,0,NA,NA,0,NA,NA,0
83.240285,0.458,-0.71669,0.55,15.691,0.038,8,16.392,0.093,8,NA,NA,0,16.013,0.065,9,15.506,0.071,9,15.273,0.15,9,NA,NA,0,NA,NA,0
83.241059,0.416,-0.780977,0.613,15.987,0.092,8,16.888,0.096,8,NA,NA,0,16.455,0.157,9,15.705,0.093,9,15.361,0.101,8,NA,NA,0,NA,NA,0
83.242378,0.586,-0.751336,0.447,16.894,0.219,3,17.934,0.177,3,NA,NA,0,17.674,0.111,7,16.277,0.128,7,15.681,0.135,7,NA,NA,0,NA,NA,0
83.243021,0.442,-0.596894,0.78,16.148,0.096,7,17.023,0.108,7,NA,NA,0,16.546,0.079,7,15.749,0.081,7,15.489,0.046,5,NA,NA,0,NA,NA,0
83.244158,0.606,-0.651807,0.668,16.359,0.084,7,17.248,0.086,7,NA,NA,0,16.808,0.065,8,16.052,0.09,8,15.807,0.143,7,NA,NA,0,NA,NA,0
83.244371,0.097,-0.393564,0.117,NA,NA,0,NA,NA,0,NA,NA,0,18.102,0.172,1,17.546,0.238,1,NA,NA,0,NA,NA,0,NA,NA,0
83.244532,0.126,-0.677167,0.155,12.814,0.051,9,13.415,0.028,9,NA,NA,0,13.095,0.066,9,12.641,0.073,9,12.484,0.047,9,12.453,0.036,3,NA,NA,0
83.244723,0.536,-0.705609,0.611,16.712,0.106,1,18.221,0.273,1,NA,NA,0,17.538,0.129,7,16.124,0.116,7,15.245,0.058,7,NA,NA,0,NA,NA,0
83.245055,0.713,-0.52061,0.625,17.357,0.163,5,18.009,0.133,5,NA,NA,0,17.731,0.12,6,17.253,0.166,6,NA,NA,0,NA,NA,0,NA,NA,0
83.245315,0.618,-0.645307,0.699,16.752,0.159,5,17.862,0.135,5,NA,NA,0,17.349,0.087,7,16.465,0.16,7,16.092,0.2,6,NA,NA,0,NA,NA,0
83.246328,0.215,-0.850536,0.24,13.678,0.053,9,14.377,0.04,9,NA,NA,0,14.02,0.09,9,13.473,0.078,9,13.304,0.05,9,13.327,0.133,3,NA,NA,0
83.246862,0.716,-0.820594,0.593,17.259,0.103,3,18.144,0.231,3,NA,NA,0,17.692,0.148,6,17.18,0.133,6,NA,NA,0,NA,NA,0,NA,NA,0
83.246971,0.502,-0.684435,0.651,16.872,0.08,7,17.652,0.138,7,NA,NA,0,17.252,0.075,7,16.569,0.116,7,16.326,0.225,3,NA,NA,0,NA,NA,0
83.247421,0.732,-0.813345,0.795,NA,NA,0,NA,NA,0,NA,NA,0,18.03,0.22,3,17.078,0.142,3,NA,NA,0,NA,NA,0,NA,NA,0
83.24752,0.6,-0.399967,0.798,16.103,0.057,7,17.133,0.077,7,NA,NA,0,16.619,0.065,9,15.701,0.081,9,15.371,0.102,8,NA,NA,0,NA,NA,0
83.247729,0.816,-0.543847,0.935,NA,NA,0,NA,NA,0,NA,NA,0,17.775,0.118,3,17.093,0.107,4,16.428,0.122,2,NA,NA,0,NA,NA,0
83.249061,0.056,-0.439015,0.482,NA,NA,0,NA,NA,0,NA,NA,0,18.82,0.327,1,17.243,0.173,1,NA,NA,0,NA,NA,0,NA,NA,0
83.252226,0.49,-0.74138,0.219,NA,NA,0,NA,NA,0,NA,NA,0,17.721,0.148,1,16.932,0.159,1,NA,NA,0,NA,NA,0,NA,NA,0
83.252723,0.24,-0.537872,0.645,NA,NA,0,NA,NA,0,NA,NA,0,18.048,0.091,2,17.433,0.179,2,NA,NA,0,NA,NA,0,NA,NA,0
83.253045,0.329,-0.561201,0.079,NA,NA,0,NA,NA,0,NA,NA,0,18.45,0.24,1,17.432,0.207,1,NA,NA,0,NA,NA,0,NA,NA,0
83.253243,0.135,-0.605771,0.116,12.657,0.109,9,13.841,0.121,9,NA,NA,0,13.273,0.116,9,12.157,0.121,9,11.655,0.093,9,11.412,0.094,3,NA,NA,0
83.253633,0.332,-0.63213,0.424,14.812,0.046,9,15.566,0.047,9,NA,NA,0,15.175,0.059,9,14.574,0.075,9,14.346,0.044,9,NA,NA,0,NA,NA,0
83.253855,0.408,-0.39761,0.328,15.122,0.041,9,16.099,0.054,9,NA,NA,0,15.627,0.061,9,14.804,0.077,9,14.441,0.076,9,NA,NA,0,NA,NA,0
83.255154,0.866,-0.808864,0.66,16.264,0.06,8,16.897,0.156,8,NA,NA,0,16.615,0.069,8,16.066,0.077,8,15.85,0.101,6,NA,NA,0,NA,NA,0
83.255201,0.524,-0.543991,0.694,16.095,0.056,8,16.79,0.1,8,NA,NA,0,16.352,0.09,9,15.837,0.065,9,15.709,0.092,8,NA,NA,0,NA,NA,0
83.255304,0.444,-0.550031,0.968,16.464,0.125,7,17.101,0.155,7,NA,NA,0,16.693,0.146,9,16.3,0.11,9,15.93,0.134,6,NA,NA,0,NA,NA,0
83.256197,0.348,-0.430725,0.496,16.062,0.044,8,17.139,0.07,8,NA,NA,0,16.586,0.078,9,15.664,0.129,9,15.152,0.073,9,NA,NA,0,NA,NA,0
83.25695,0.38,-0.438559,0.521,NA,NA,0,NA,NA,0,NA,NA,0,18.172,0.195,1,17.539,0.243,1,NA,NA,0,NA,NA,0,NA,NA,0
83.257862,0.346,-0.629004,0.597,15.322,0.047,9,15.916,0.069,9,NA,NA,0,15.568,0.06,9,15.135,0.07,9,15.033,0.122,9,NA,NA,0,NA,NA,0
83.258169,0.13,-0.732094,0.089,10.612,0.084,12,10.986,0.064,11,NA,NA,0,10.82,0.054,12,10.537,0.104,12,10.53,0.079,12,10.555,0.018,3,NA,NA,0
83.259403,0.058,-0.612574,0.248,NA,NA,0,NA,NA,0,NA,NA,0,17.905,0.145,1,17.545,0.245,1,NA,NA,0,NA,NA,0,NA,NA,0
83.259518,0.45,-0.71046,0.682,15.903,0.074,8,16.818,0.067,8,NA,NA,0,16.334,0.071,9,15.503,0.078,9,15.255,0.194,9,NA,NA,0,NA,NA,0
83.259529,1.022,-0.776428,1.11,NA,NA,0,NA,NA,0,NA,NA,0,17.918,0.06,3,17.141,0.144,3,NA,NA,0,NA,NA,0,NA,NA,0
83.261284,0.54,-0.847441,0.786,16.803,0.137,5,17.677,0.156,5,NA,NA,0,17.249,0.1,7,16.49,0.107,7,16.239,0.009,3,NA,NA,0,NA,NA,0
83.261992,0.191,-0.505532,0.126,12.533,0.038,9,13.945,0.031,9,NA,NA,0,13.218,0.055,9,12.014,0.074,9,11.52,0.043,9,11.3,0.036,3,NA,NA,0
83.262511,0.506,-0.490091,0.516,17.327,0.225,3,17.981,0.13,3,NA,NA,0,17.661,0.139,5,17.027,0.167,5,16.942,0.33,1,NA,NA,0,NA,NA,0
83.262725,0.255,-0.669993,0.26,14.739,0.037,9,15.565,0.046,9,NA,NA,0,15.166,0.075,9,14.475,0.085,9,14.217,0.05,9,NA,NA,0,NA,NA,0
83.264401,0.278,-0.57834,0.23,14.375,0.046,9,15.216,0.026,9,NA,NA,0,14.785,0.048,9,14.093,0.066,9,13.862,0.048,9,13.696,0.203,1,NA,NA,0
83.265594,0.614,-0.781686,0.885,16.552,0.11,7,17.377,0.057,7,NA,NA,0,16.98,0.078,9,16.329,0.076,9,16.081,0.142,5,NA,NA,0,NA,NA,0
83.266187,0.451,-0.689898,0.518,15.398,0.083,9,16.251,0.096,9,NA,NA,0,15.817,0.072,9,15.097,0.078,9,14.855,0.08,9,NA,NA,0,NA,NA,0
83.267995,0.289,-0.705018,0.389,15.108,0.033,9,15.762,0.024,9,NA,NA,0,15.424,0.063,9,14.879,0.075,9,14.733,0.041,9,NA,NA,0,NA,NA,0
83.268491,0.469,-0.613773,0.696,15.994,0.091,9,16.845,0.085,9,NA,NA,0,16.355,0.044,9,15.792,0.109,9,15.559,0.123,8,NA,NA,0,NA,NA,0
83.269532,0.192,-0.457586,0.158,14.034,0.041,9,14.717,0.032,9,NA,NA,0,14.363,0.047,9,13.803,0.066,9,13.589,0.059,9,13.656,0.019,2,NA,NA,0
83.269973,0.595,-0.668307,0.571,17.124,0.093,3,17.911,0.222,3,NA,NA,0,17.462,0.099,6,16.835,0.182,6,16.443,0.241,1,NA,NA,0,NA,NA,0
83.270156,0.327,-0.718729,0.283,14.32,0.048,9,15.174,0.032,9,NA,NA,0,14.733,0.071,9,14.044,0.071,9,13.842,0.06,9,13.878,0.229,1,NA,NA,0
83.270836,0.437,-0.746731,0.625,16.283,0.061,7,17.033,0.063,7,NA,NA,0,16.643,0.095,8,16,0.087,8,15.621,0.104,8,NA,NA,0,NA,NA,0
83.271617,0.675,-0.566402,0.974,NA,NA,0,NA,NA,0,NA,NA,0,17.863,0.145,1,16.961,0.14,1,15.427,0.093,1,NA,NA,0,NA,NA,0
83.271624,0.338,-0.446637,0.32,13.907,0.043,9,15.343,0.039,9,NA,NA,0,14.594,0.039,9,13.374,0.069,9,12.853,0.046,9,12.558,0.107,3,NA,NA,0
83.271921,0.645,-0.624753,0.751,16.955,0.062,3,17.991,0.272,3,NA,NA,0,17.53,0.133,7,16.299,0.075,7,15.708,0.129,6,NA,NA,0,NA,NA,0
83.272313,0.505,-0.599376,0.568,17.172,0.118,2,17.98,0.006,2,NA,NA,0,17.712,0.123,6,16.89,0.134,6,NA,NA,0,NA,NA,0,NA,NA,0
83.272356,0.358,-0.428847,0.352,14.086,0.04,9,14.844,0.025,9,NA,NA,0,14.456,0.039,9,13.809,0.066,9,13.551,0.046,9,13.48,0.163,2,NA,NA,0
83.272555,0.593,-0.815611,0.666,17.205,0.169,1,18.073,0.243,1,NA,NA,0,17.745,0.115,6,16.861,0.119,6,16.379,0.22,1,NA,NA,0,NA,NA,0
83.272683,0.155,-0.79342,0.38,NA,NA,0,NA,NA,0,NA,NA,0,18.194,0.184,1,16.726,0.117,1,16.407,0.229,1,NA,NA,0,NA,NA,0
83.27284,0.668,-0.571302,0.64,16.854,0.162,3,18.016,0.066,3,NA,NA,0,17.467,0.154,5,16.51,0.085,4,16.127,0.105,2,NA,NA,0,NA,NA,0
83.272932,0.55,-0.464899,0.799,16.637,0.091,7,17.52,0.115,7,NA,NA,0,17.008,0.067,9,16.302,0.169,9,16.062,0.204,6,NA,NA,0,NA,NA,0
83.27299,0.196,-0.788796,0.311,14.329,0.053,9,15.014,0.036,9,NA,NA,0,14.67,0.072,9,14.125,0.079,9,13.946,0.051,9,NA,NA,0,NA,NA,0
83.273446,0.53,-0.683651,0.621,17.066,0.122,3,17.729,0.025,3,NA,NA,0,17.474,0.088,6,16.927,0.103,6,16.41,0.209,1,NA,NA,0,NA,NA,0
83.273489,0.533,-0.716024,0.443,16.892,0.137,4,17.551,0.116,4,NA,NA,0,17.238,0.079,5,16.712,0.076,5,16.19,0.186,1,NA,NA,0,NA,NA,0
83.274864,0.506,-0.687275,0.976,16.093,0.065,7,17.132,0.183,7,NA,NA,0,16.564,0.081,9,15.731,0.091,9,15.472,0.128,9,NA,NA,0,NA,NA,0
83.275967,0.083,-0.766951,0.39,NA,NA,0,NA,NA,0,NA,NA,0,18.177,0.168,1,17.048,0.143,1,NA,NA,0,NA,NA,0,NA,NA,0
83.275986,0.248,-0.705462,0.272,14.816,0.079,9,16.253,0.092,9,NA,NA,0,15.592,0.08,9,14.179,0.128,9,13.493,0.083,9,13.216,0.19,3,NA,NA,0
83.276394,0.499,-0.559535,0.376,NA,NA,0,NA,NA,0,NA,NA,0,18.102,0.23,3,17.248,0.137,3,NA,NA,0,NA,NA,0,NA,NA,0
83.276614,0.307,-0.425537,0.447,14.697,0.041,9,15.61,0.035,9,NA,NA,0,15.135,0.029,9,14.385,0.06,9,14.088,0.072,9,13.625,0.184,1,NA,NA,0
83.277302,0.56,-0.474795,0.508,16.979,0.251,2,18.024,0.263,2,NA,NA,0,17.683,0.112,7,16.301,0.076,7,15.571,0.062,7,NA,NA,0,NA,NA,0
83.27736,0.354,-0.381817,0.483,16.28,0.243,7,17.543,0.246,7,NA,NA,0,16.869,0.18,9,15.557,0.254,9,14.354,0.206,9,NA,NA,0,NA,NA,0
83.277629,0.715,-0.485895,0.783,17.57,0.235,1,NA,NA,0,NA,NA,0,17.99,0.021,2,17.493,0.078,2,NA,NA,0,NA,NA,0,NA,NA,0
83.278151,0.591,-0.515303,0.666,16.415,0.07,8,17.147,0.111,8,NA,NA,0,16.726,0.075,8,16.11,0.121,8,15.879,0.164,8,NA,NA,0,NA,NA,0
83.278769,0.126,-0.456848,0.099,12.611,0.043,9,13.4,0.019,9,NA,NA,0,12.985,0.048,9,12.341,0.068,9,12.098,0.043,9,11.979,0.015,3,NA,NA,0
83.27973,0.396,-0.709424,0.254,17.414,0.203,1,18.096,0.271,1,NA,NA,0,17.757,0.128,1,17.417,0.217,1,NA,NA,0,NA,NA,0,NA,NA,0
83.280179,0.627,-0.624839,0.427,NA,NA,0,NA,NA,0,NA,NA,0,19.041,0.37,1,17.151,0.189,1,15.679,0.14,1,NA,NA,0,NA,NA,0
83.280839,0.517,-0.806291,0.568,15.71,0.071,9,16.668,0.064,9,NA,NA,0,16.196,0.1,9,15.408,0.077,9,15.096,0.077,9,NA,NA,0,NA,NA,0
83.28089,0.77,-0.698081,0.57,NA,NA,0,NA,NA,0,NA,NA,0,18.197,0.132,6,16.724,0.154,6,15.958,0.203,6,NA,NA,0,NA,NA,0
83.283487,0.243,-0.441303,0.336,15.18,0.064,9,15.847,0.058,9,NA,NA,0,15.488,0.066,9,14.936,0.064,9,14.724,0.056,9,NA,NA,0,NA,NA,0
83.283845,0.675,-0.815063,0.434,NA,NA,0,NA,NA,0,NA,NA,0,18.386,0.079,2,17.069,0.161,2,NA,NA,0,NA,NA,0,NA,NA,0
83.283874,0.548,-0.566265,0.665,16.312,0.06,7,17.065,0.069,7,NA,NA,0,16.65,0.045,9,16.218,0.147,7,15.837,0.122,7,NA,NA,0,NA,NA,0
83.283986,0.703,-0.79068,0.74,16.578,0.159,7,17.25,0.148,7,NA,NA,0,16.986,0.119,7,16.361,0.089,7,16.194,0.274,5,NA,NA,0,NA,NA,0
83.284403,0.311,-0.571328,0.488,16.153,0.039,2,17.078,0.054,2,NA,NA,0,16.445,0.037,2,15.746,0.071,2,15.2,0.05,2,NA,NA,0,NA,NA,0
83.285172,0.303,-0.434208,0.246,NA,NA,0,NA,NA,0,NA,NA,0,18.456,0.238,1,17.533,0.247,1,NA,NA,0,NA,NA,0,NA,NA,0
83.285297,0.295,-0.620488,0.329,14.062,0.05,9,14.673,0.02,9,NA,NA,0,14.359,0.06,9,13.887,0.075,9,13.751,0.06,9,13.698,0.2,1,NA,NA,0
83.286761,0.599,-0.41033,0.896,17.074,0.074,7,17.751,0.141,7,NA,NA,0,17.38,0.065,7,16.829,0.091,7,16.164,0.168,2,NA,NA,0,NA,NA,0
83.287083,0.292,-0.575219,0.365,12.844,0.041,9,14.125,0.034,9,NA,NA,0,13.466,0.054,9,12.391,0.068,9,11.985,0.047,9,11.8,0.057,3,NA,NA,0
83.288102,0.585,-0.536262,0.723,16.881,0.098,5,18.058,0.255,5,NA,NA,0,17.483,0.11,7,16.347,0.09,7,15.837,0.121,7,NA,NA,0,NA,NA,0
83.288158,0.463,-0.469164,0.546,NA,NA,0,NA,NA,0,NA,NA,0,17.962,0.005,2,17.013,0.03,2,NA,NA,0,NA,NA,0,NA,NA,0
83.288571,0.596,-0.814349,0.911,16.663,0.132,7,17.496,0.107,7,NA,NA,0,17.08,0.049,7,16.353,0.082,7,16.036,0.078,6,NA,NA,0,NA,NA,0
83.288975,1.073,-0.672869,0.629,15.792,0.059,8,16.714,0.116,8,NA,NA,0,16.273,0.086,9,15.468,0.117,9,15.265,0.119,9,NA,NA,0,NA,NA,0
83.291217,0.503,-0.801219,0.82,16.792,0.082,7,17.772,0.152,7,NA,NA,0,17.358,0.111,7,16.442,0.15,7,16.154,0.133,7,NA,NA,0,NA,NA,0
83.29249,0.55,-0.461356,0.578,NA,NA,0,NA,NA,0,NA,NA,0,17.626,0.108,6,16.271,0.07,6,15.131,0.154,6,NA,NA,0,NA,NA,0
83.292755,0.522,-0.446139,0.626,16.596,0.158,7,17.336,0.116,7,NA,NA,0,16.882,0.085,7,16.288,0.069,7,16.098,0.158,6,NA,NA,0,NA,NA,0
83.293682,0.102,-0.704569,0.132,12.549,0.051,9,13.391,0.031,9,NA,NA,0,12.956,0.072,9,12.282,0.072,9,12.083,0.046,9,12.039,0.039,3,NA,NA,0
83.294567,0.269,-0.629831,0.193,13.999,0.089,9,15.444,0.094,9,NA,NA,0,14.735,0.097,9,13.38,0.125,9,12.556,0.079,9,12.068,0.089,3,NA,NA,0
83.297218,0.16,-0.618173,0.133,11.884,0.053,9,12.534,0.029,9,NA,NA,0,12.193,0.06,9,11.685,0.072,9,11.51,0.049,9,11.491,0.045,3,NA,NA,0
83.298078,0.652,-0.478174,0.795,17.017,0.134,7,17.768,0.156,7,NA,NA,0,17.388,0.061,7,16.776,0.118,7,16.457,0.075,2,NA,NA,0,NA,NA,0
83.298079,0.343,-0.569296,0.348,15.247,0.074,9,15.972,0.033,9,NA,NA,0,15.572,0.065,9,15.051,0.068,9,14.802,0.055,9,NA,NA,0,NA,NA,0
83.298333,0.202,-0.467515,0.05,NA,NA,0,NA,NA,0,NA,NA,0,18.406,0.254,1,16.77,0.135,1,NA,NA,0,NA,NA,0,NA,NA,0
83.29843,0.147,-0.412508,0.144,12.804,0.039,9,14.098,0.025,9,NA,NA,0,13.436,0.042,9,12.327,0.069,9,11.84,0.042,9,11.593,0.034,3,NA,NA,0
83.298452,0.412,-0.769699,0.558,NA,NA,0,NA,NA,0,NA,NA,0,18.03,0.085,5,16.726,0.12,5,15.598,0.049,5,NA,NA,0,NA,NA,0
83.298977,0.59,-0.740071,0.762,15.901,0.142,7,16.801,0.087,7,NA,NA,0,16.369,0.119,8,15.375,0.158,7,15.056,0.088,8,NA,NA,0,NA,NA,0
83.299625,0.401,-0.649849,0.334,14.871,0.049,9,15.506,0.036,9,NA,NA,0,15.18,0.059,9,14.7,0.075,9,14.53,0.064,9,NA,NA,0,NA,NA,0
83.299689,0.545,-0.59709,0.479,17.964,0.355,1,18.028,0.264,1,NA,NA,0,18.48,0.076,3,17.522,0.221,3,NA,NA,0,NA,NA,0,NA,NA,0
83.302066,0.474,-0.69467,0.728,16.89,0.138,7,17.522,0.136,7,NA,NA,0,17.145,0.043,6,16.567,0.177,6,16.335,0.157,2,NA,NA,0,NA,NA,0
83.302461,0.692,-0.590233,0.696,17.339,0.213,5,17.962,0.239,5,NA,NA,0,17.563,0.102,4,17.125,0.193,4,NA,NA,0,NA,NA,0,NA,NA,0
83.302529,0.501,-0.773033,0.321,17.351,0.076,2,18.051,0.14,2,NA,NA,0,18.261,0.187,1,17.466,0.22,1,NA,NA,0,NA,NA,0,NA,NA,0
83.303513,0.546,-0.428942,0.853,16.79,0.137,6,17.571,0.187,6,NA,NA,0,17.186,0.064,7,16.64,0.166,7,16.293,0.322,4,NA,NA,0,NA,NA,0
83.304709,0.566,-0.575384,0.451,17.244,0.063,2,18.281,0.36,2,NA,NA,0,17.718,0.12,5,17.139,0.218,5,NA,NA,0,NA,NA,0,NA,NA,0
83.305311,0.378,-0.612305,0.342,14.318,0.058,9,14.949,0.025,9,NA,NA,0,14.628,0.055,9,14.112,0.063,9,13.891,0.054,9,NA,NA,0,NA,NA,0
83.305495,0.249,-0.515015,0.392,14.974,0.038,9,15.747,0.046,9,NA,NA,0,15.341,0.047,9,14.756,0.087,9,14.521,0.057,9,NA,NA,0,NA,NA,0
83.306244,0.285,-0.751994,0.357,15.135,0.052,9,15.935,0.057,9,NA,NA,0,15.527,0.074,9,14.915,0.082,9,14.736,0.058,9,NA,NA,0,NA,NA,0
83.309742,0.525,-0.500369,0.714,16.509,0.056,7,17.323,0.11,7,NA,NA,0,16.914,0.051,8,16.262,0.129,8,15.95,0.129,7,NA,NA,0,NA,NA,0
83.310541,0.881,-0.767641,0.686,17.614,0.094,2,18.023,0.143,2,NA,NA,0,17.824,0.048,5,17.577,0.486,5,NA,NA,0,NA,NA,0,NA,NA,0
83.311186,0.557,-0.741843,0.672,NA,NA,0,NA,NA,0,NA,NA,0,17.75,0.081,3,17.001,0.156,3,NA,NA,0,NA,NA,0,NA,NA,0
83.311802,0.472,-0.534185,0.661,16.377,0.084,7,17.372,0.136,7,NA,NA,0,16.835,0.07,8,16.039,0.137,8,15.742,0.151,7,NA,NA,0,NA,NA,0
83.31199,0.656,-0.648021,0.731,17.171,0.169,5,17.769,0.2,5,NA,NA,0,17.391,0.094,7,16.79,0.145,7,16.606,0.298,3,NA,NA,0,NA,NA,0
83.312356,0.527,-0.672162,0.805,16.27,0.091,7,17.157,0.145,7,NA,NA,0,16.678,0.052,9,16.017,0.105,9,15.848,0.14,7,NA,NA,0,NA,NA,0
83.315378,0.616,-0.742708,0.628,16.799,0.108,6,17.816,0.155,6,NA,NA,0,17.195,0.134,6,16.498,0.18,6,16.107,0.112,6,NA,NA,0,NA,NA,0
83.316352,0.502,-0.461635,0.84,16.211,0.102,8,16.901,0.077,8,NA,NA,0,16.594,0.078,9,16.038,0.107,9,15.762,0.173,7,NA,NA,0,NA,NA,0
83.316419,0.493,-0.536745,0.739,16.456,0.09,6,17.454,0.154,6,NA,NA,0,16.909,0.065,7,16.067,0.079,7,15.612,0.085,7,NA,NA,0,NA,NA,0
83.317272,0.583,-0.716909,0.847,17.677,0.243,1,18.025,0.226,1,NA,NA,0,18.016,0.054,3,17.383,0.043,3,NA,NA,0,NA,NA,0,NA,NA,0
83.31824,0.564,-0.78966,0.965,17.356,0.183,5,17.956,0.086,5,NA,NA,0,17.681,0.158,4,16.941,0.14,4,NA,NA,0,NA,NA,0,NA,NA,0
83.318949,0.637,-0.649884,0.847,16.988,0.073,3,17.844,0.12,3,NA,NA,0,17.438,0.081,4,16.675,0.135,4,16.305,0.229,1,NA,NA,0,NA,NA,0
83.319484,0.258,-0.503945,0.302,14.357,0.051,9,14.985,0.03,9,NA,NA,0,14.655,0.04,9,14.16,0.076,9,13.993,0.064,9,13.666,0.192,1,NA,NA,0
83.321128,0.426,-0.700831,0.704,15.783,0.075,9,16.582,0.102,9,NA,NA,0,16.178,0.061,9,15.528,0.079,9,15.354,0.115,9,NA,NA,0,NA,NA,0
83.322519,0.626,-0.6516,0.837,16.327,0.101,6,17.447,0.138,6,NA,NA,0,16.875,0.065,8,15.936,0.077,6,15.61,0.172,8,NA,NA,0,NA,NA,0
83.323335,0.523,-0.501275,0.644,16.745,0.117,6,17.427,0.076,6,NA,NA,0,17.056,0.092,6,16.566,0.187,6,16.258,0.207,1,NA,NA,0,NA,NA,0
83.324181,0.24,-0.674149,0.245,14.295,0.05,9,15.497,0.054,9,NA,NA,0,14.888,0.062,9,13.892,0.073,9,13.528,0.045,9,13.33,0.039,3,NA,NA,0
83.326034,0.987,-0.752202,0.8,16.598,0.097,7,17.149,0.044,7,NA,NA,0,16.878,0.184,9,16.438,0.16,9,16.281,0.066,3,NA,NA,0,NA,NA,0
83.326574,0.483,-0.481885,0.673,15.955,0.148,9,16.633,0.075,9,NA,NA,0,16.28,0.047,9,15.72,0.079,9,15.523,0.165,8,NA,NA,0,NA,NA,0
83.326713,0.762,-0.576066,0.62,16.77,0.121,4,17.421,0.127,4,NA,NA,0,NA,NA,0,NA,NA,0,NA,NA,0,NA,NA,0,NA,NA,0
83.327699,0.88,-0.603781,0.792,13.899,0.191,7,15.291,0.208,7,NA,NA,0,14.679,0.108,5,13.265,0.171,4,12.559,0.093,5,12.163,0.049,3,NA,NA,0
83.328234,0.266,-0.54805,0.401,15.204,0.039,9,15.914,0.039,9,NA,NA,0,15.534,0.042,9,15.004,0.082,9,14.819,0.118,9,NA,NA,0,NA,NA,0
83.330596,1.12,-0.619163,0.859,17.268,0.173,6,17.727,0.211,6,NA,NA,0,NA,NA,0,NA,NA,0,NA,NA,0,NA,NA,0,NA,NA,0
83.331968,0.167,-0.737041,0.17,13.376,0.051,9,14.09,0.032,9,NA,NA,0,13.722,0.072,9,13.172,0.079,9,13.007,0.056,9,12.989,0.043,3,NA,NA,0
83.333347,0.259,-0.690611,0.324,15.208,0.058,9,16.246,0.113,9,NA,NA,0,15.718,0.069,9,14.861,0.1,9,14.541,0.063,9,NA,NA,0,NA,NA,0
83.333406,0.239,-0.776428,0.308,14.554,0.051,9,15.245,0.04,9,NA,NA,0,14.882,0.086,9,14.355,0.09,9,14.189,0.049,9,NA,NA,0,NA,NA,0
83.334816,0.805,-0.539489,0.758,16.989,0.028,3,17.776,0.125,3,NA,NA,0,17.518,0.01,4,16.949,0.215,4,NA,NA,0,NA,NA,0,NA,NA,0
83.335053,0.364,-0.754554,0.396,15.019,0.05,9,15.758,0.072,9,NA,NA,0,15.354,0.077,9,14.79,0.083,9,14.668,0.085,9,NA,NA,0,NA,NA,0
83.335865,0.355,-0.471332,0.238,NA,NA,0,NA,NA,0,NA,NA,0,17.781,0.067,3,17.464,0.109,3,16.453,0.242,1,NA,NA,0,NA,NA,0
83.336004,0.428,-0.565911,0.571,15.39,0.061,9,15.865,0.052,9,NA,NA,0,15.599,0.051,9,15.276,0.09,9,15.166,0.155,9,NA,NA,0,NA,NA,0
83.337103,0.929,-0.648521,0.688,15.13,0.037,6,15.765,0.084,6,NA,NA,0,15.462,0.092,3,14.884,0.052,3,14.576,0.06,3,NA,NA,0,NA,NA,0
83.338715,0.67,-0.538584,0.878,16.434,0.05,6,17.088,0.052,6,NA,NA,0,16.737,0.089,8,16.174,0.079,8,15.976,0.17,7,NA,NA,0,NA,NA,0
83.339182,0.364,-0.45452,0.528,15.656,0.049,9,16.81,0.061,9,NA,NA,0,16.177,0.071,9,15.263,0.083,9,14.917,0.042,9,NA,NA,0,NA,NA,0
83.339864,0.146,-0.66579,0.137,13.502,0.05,9,14.621,0.041,9,NA,NA,0,14.047,0.074,9,13.135,0.075,9,12.783,0.045,9,12.596,0.105,3,NA,NA,0
83.341097,0.71,-0.462043,0.435,17.599,0.273,1,18.135,0.282,1,NA,NA,0,17.919,0.173,1,17.524,0.264,1,NA,NA,0,NA,NA,0,NA,NA,0
83.34304,0.479,-0.742555,0.723,16.748,0.158,6,17.382,0.085,6,NA,NA,0,16.975,0.079,6,16.53,0.122,6,16.352,0.25,5,NA,NA,0,NA,NA,0
83.346082,0.399,-0.676396,0.669,15.8,0.065,9,16.422,0.076,9,NA,NA,0,16.102,0.072,9,15.641,0.085,9,15.496,0.128,9,NA,NA,0,NA,NA,0
83.346378,0.605,-0.501566,0.933,16.65,0.099,6,17.554,0.175,6,NA,NA,0,16.974,0.09,7,16.302,0.076,7,15.995,0.234,4,NA,NA,0,NA,NA,0
83.346452,0.644,-0.464619,0.428,17.525,0.245,1,18.329,0.33,1,NA,NA,0,17.801,0.123,2,17.044,0.092,2,NA,NA,0,NA,NA,0,NA,NA,0
83.346761,0.408,-0.663646,0.71,17.06,0.067,4,17.827,0.159,4,NA,NA,0,17.282,0.074,6,16.784,0.217,6,NA,NA,0,NA,NA,0,NA,NA,0
83.346779,0.531,-0.733402,0.43,NA,NA,0,NA,NA,0,NA,NA,0,18.473,0.279,2,17.063,0.085,2,16.227,0.02,2,NA,NA,0,NA,NA,0
83.347942,0.127,-0.471914,0.142,12.59,0.044,9,13.056,0.024,9,NA,NA,0,12.791,0.057,9,12.479,0.073,9,12.423,0.052,9,12.489,0.126,3,NA,NA,0
83.348569,0.384,-0.715768,0.744,16.052,0.084,6,17.081,0.118,6,NA,NA,0,16.558,0.057,7,15.665,0.056,7,15.163,0.08,5,NA,NA,0,NA,NA,0
83.348602,0.393,-0.559238,0.511,16.947,0.136,1,18.303,0.261,1,NA,NA,0,17.46,0.122,7,16.16,0.068,7,14.996,0.08,7,NA,NA,0,NA,NA,0
83.349226,0.357,-0.719191,1.24,15.919,0.083,7,16.485,0.124,7,NA,NA,0,16.183,0.05,6,15.714,0.143,6,15.525,0.143,6,NA,NA,0,NA,NA,0
83.351153,0.662,-0.526626,0.89,17.06,0.133,6,17.788,0.162,6,NA,NA,0,17.444,0.063,7,16.896,0.112,7,16.542,0.255,2,NA,NA,0,NA,NA,0
83.35169,0.226,-0.574756,0.3,14.477,0.053,9,15.301,0.056,9,NA,NA,0,14.869,0.054,9,14.202,0.073,9,13.938,0.041,9,13.795,0.225,1,NA,NA,0
83.352324,0.565,-0.707716,0.71,16.262,0.13,9,16.54,0.071,9,NA,NA,0,16.406,0.1,9,16.254,0.082,9,16.122,0.102,6,NA,NA,0,NA,NA,0
83.354634,0.625,-0.504296,0.673,16.396,0.074,7,17.198,0.091,7,NA,NA,0,16.757,0.084,9,16.027,0.121,9,15.739,0.087,7,NA,NA,0,NA,NA,0
83.355748,0.419,-0.725235,0.725,17.52,0.211,1,18.111,0.251,1,NA,NA,0,18.113,0.165,1,17.664,0.271,1,NA,NA,0,NA,NA,0,NA,NA,0
83.355807,0.685,-0.543496,0.535,15.691,0.066,9,16.307,0.068,9,NA,NA,0,15.968,0.04,9,15.48,0.059,9,15.124,0.048,9,NA,NA,0,NA,NA,0
83.357609,1.146,-0.651151,0.836,15.906,0.063,5,16.681,0.09,5,NA,NA,0,16.309,0.031,3,15.711,0.026,3,15.391,0.202,3,NA,NA,0,NA,NA,0
83.357907,0.268,-0.734596,0.369,14.902,0.08,9,15.518,0.054,9,NA,NA,0,15.202,0.066,9,14.7,0.079,9,14.595,0.083,9,NA,NA,0,NA,NA,0
83.358052,0.386,-0.706985,0.608,15.951,0.088,7,16.943,0.117,7,NA,NA,0,16.474,0.072,9,15.497,0.068,9,15.049,0.079,9,NA,NA,0,NA,NA,0
83.361128,0.557,-0.503996,0.334,NA,NA,0,NA,NA,0,NA,NA,0,18.056,0.114,2,16.98,0.061,2,NA,NA,0,NA,NA,0,NA,NA,0
83.361254,0.753,-0.526985,0.58,17.06,0.098,7,17.505,0.111,7,NA,NA,0,17.312,0.1,7,16.927,0.216,7,NA,NA,0,NA,NA,0,NA,NA,0
83.361383,0.3,-0.508033,0.134,NA,NA,0,NA,NA,0,NA,NA,0,18.06,0.161,1,16.763,0.113,1,16.273,0.187,1,NA,NA,0,NA,NA,0
83.36319,1.169,-0.510162,0.953,17.1,0.235,3,17.712,0.209,3,NA,NA,0,17.473,0.091,2,16.862,0.016,2,NA,NA,0,NA,NA,0,NA,NA,0
83.365152,0.607,-0.638012,0.559,14.335,0.061,9,15.231,0.027,9,NA,NA,0,14.805,0.052,4,13.963,0.101,4,13.657,0.06,4,13.518,0.127,3,NA,NA,0
83.365415,0.184,-0.576994,0.394,NA,NA,0,NA,NA,0,NA,NA,0,18.044,0.162,1,17.246,0.179,1,16.868,0.346,1,NA,NA,0,NA,NA,0
83.36834,0.429,-0.670498,0.575,15.498,0.11,9,16.584,0.112,9,NA,NA,0,16.035,0.055,9,15.186,0.079,9,14.873,0.069,9,NA,NA,0,NA,NA,0
83.368689,0.736,-0.589855,0.795,17.423,0.22,1,18.46,0.391,1,NA,NA,0,17.85,0.068,3,17.635,0.227,3,NA,NA,0,NA,NA,0,NA,NA,0
83.36913,0.647,-0.645211,0.636,16.116,0.08,7,16.703,0.087,7,NA,NA,0,16.363,0.032,5,15.958,0.109,5,15.669,0.115,4,NA,NA,0,NA,NA,0
83.369929,0.538,-0.71031,0.423,17.311,0.112,2,18.23,0.077,2,NA,NA,0,18.189,0.002,2,16.995,0.153,2,NA,NA,0,NA,NA,0,NA,NA,0
83.369981,0.504,-0.579387,0.795,15.956,0.066,9,16.707,0.074,9,NA,NA,0,16.338,0.056,9,15.645,0.069,9,15.34,0.128,8,NA,NA,0,NA,NA,0
83.371421,0.436,-0.69327,0.82,16.113,0.089,9,16.703,0.072,9,NA,NA,0,16.418,0.072,9,15.938,0.11,9,15.919,0.169,7,NA,NA,0,NA,NA,0
83.373645,0.287,-0.659023,0.467,14.946,0.058,9,15.449,0.047,9,NA,NA,0,15.194,0.076,9,14.851,0.078,9,14.815,0.071,9,NA,NA,0,NA,NA,0
83.374124,0.72,-0.553208,0.916,16.092,0.111,8,16.901,0.06,8,NA,NA,0,16.443,0.066,9,15.781,0.072,9,15.108,0.068,7,NA,NA,0,NA,NA,0
83.374734,0.426,-0.582414,0.26,13.996,0.054,9,15.109,0.086,9,NA,NA,0,14.54,0.131,9,13.572,0.078,9,13.192,0.072,9,13.1,0.09,3,NA,NA,0
83.374923,0.533,-0.504864,0.772,17.116,0.143,5,17.929,0.258,5,NA,NA,0,17.601,0.084,6,17.047,0.149,6,16.476,0.217,1,NA,NA,0,NA,NA,0
83.375351,0.198,-0.601692,0.061,NA,NA,0,NA,NA,0,NA,NA,0,18.275,0.221,1,17.69,0.261,1,NA,NA,0,NA,NA,0,NA,NA,0
83.379216,0.571,-0.709027,0.716,17.274,0.171,6,17.955,0.223,6,NA,NA,0,17.415,0.043,6,16.998,0.094,6,16.489,0.241,1,NA,NA,0,NA,NA,0
83.379619,0.274,-0.546482,1.154,NA,NA,0,NA,NA,0,NA,NA,0,18.182,0.093,2,17.246,0.024,2,NA,NA,0,NA,NA,0,NA,NA,0
83.381954,0.598,-0.532643,0.747,17.356,0.064,4,17.786,0.205,4,NA,NA,0,17.495,0.105,6,16.932,0.095,6,NA,NA,0,NA,NA,0,NA,NA,0
83.385512,0.185,-0.620203,0.396,17.609,0.209,1,17.928,0.203,1,NA,NA,0,18.012,0.152,1,17.495,0.215,1,NA,NA,0,NA,NA,0,NA,NA,0
83.386055,0.528,-0.673159,0.82,16.493,0.074,7,17.306,0.104,7,NA,NA,0,16.856,0.091,9,16.141,0.155,9,15.871,0.181,7,NA,NA,0,NA,NA,0
83.386266,0.503,-0.599449,0.62,15.997,0.078,9,16.817,0.106,9,NA,NA,0,16.381,0.076,9,15.743,0.057,9,15.461,0.109,8,NA,NA,0,NA,NA,0
83.388205,0.366,-0.654798,0.689,15.594,0.081,9,16.306,0.094,9,NA,NA,0,15.945,0.079,9,15.347,0.098,9,15.198,0.132,9,NA,NA,0,NA,NA,0
