radeg,raerr("),decdeg,decerr("),Johnson_V (V),Verr,Vnobs,Johnson_B (B),Berr,Bnobs,Sloan_u (SU),SUerr,SUnobs,Sloan_g (SG),SGerr,SGnobs,Sloan_r (SR),SRerr,SRnobs,Sloan_i (SI),SIerr,SInobs,Sloan_z (SZ),SZerr,SZnobs,PanSTARRS_Y (Y),Yerr,Ynobs
164.4274,0.364,-77.397624,0.228,NA,NA,0,NA,NA,0,NA,NA,0,18.018,0.141,1,16.685,0.105,1,16.265,0.187,1,NA,NA,0,NA,NA,0
164.440468,0.479,-77.299289,0.405,16.016,0.016,2,17.376,0.049,2,NA,NA,0,16.681,0.066,4,15.492,0.055,4,14.766,0.095,4,NA,NA,0,NA,NA,0
164.46209,0.137,-77.411509,0.114,NA,NA,0,NA,NA,0,NA,NA,0,17.81,0.113,1,16.325,0.083,1,15.371,0.087,1,NA,NA,0,NA,NA,0
164.47404,0.432,-77.4138,0.204,NA,NA,0,NA,NA,0,NA,NA,0,17.396,0.078,1,15.657,0.045,1,14.134,0.03,1,NA,NA,0,NA,NA,0
164.497645,0.744,-77.301685,0.418,16.656,0.048,2,18.001,0.206,2,NA,NA,0,17.389,0.016,3,16.337,0.146,2,15.615,0.263,3,NA,NA,0,NA,NA,0
164.516921,0.569,-77.378896,0.366,NA,NA,0,NA,NA,0,NA,NA,0,17.732,0.212,2,16.24,0.064,2,15.559,0.104,1,NA,NA,0,NA,NA,0
164.523227,0.47,-77.473385,0.251,12.039,0.061,5,13.676,0.027,5,NA,NA,0,12.924,0.043,5,11.395,0.028,5,10.556,0.05,6,10.148,0.015,1,NA,NA,0
164.545307,0.62,-77.482463,0.803,16.215,0.078,2,17.679,0.028,2,NA,NA,0,16.932,0.16,1,15.702,0.096,1,NA,NA,0,NA,NA,0,NA,NA,0
164.546316,0.482,-77.342563,0.289,NA,NA,0,NA,NA,0,NA,NA,0,18.109,0.049,2,16.416,0.085,2,15.513,0.068,2,NA,NA,0,NA,NA,0
164.559989,0.851,-77.297865,0.518,16.571,0.091,2,17.956,0.003,2,NA,NA,0,17.15,0.081,4,15.929,0.069,3,15.643,0.243,4,NA,NA,0,NA,NA,0
164.569547,0.252,-77.288075,0.158,12.19,0.193,5,13.573,0.264,5,NA,NA,0,12.936,0.276,5,11.709,0.211,5,11.118,0.155,5,10.854,0.023,1,NA,NA,0
164.569622,0.605,-77.478036,0.347,NA,NA,0,NA,NA,0,NA,NA,0,17.465,0.01,2,16.254,0.052,2,15.738,0.112,2,NA,NA,0,NA,NA,0
164.58625,0.901,-77.42253,0.474,NA,NA,0,NA,NA,0,NA,NA,0,17.994,0.059,2,16.763,0.017,2,15.883,0.189,1,NA,NA,0,NA,NA,0
164.587355,0.562,-77.348047,0.379,NA,NA,0,NA,NA,0,NA,NA,0,17.753,0.076,2,16.039,0,2,15.257,0.049,2,NA,NA,0,NA,NA,0
164.601332,0.572,-77.382951,0.295,16.068,0.025,2,17.858,0.15,2,NA,NA,0,16.909,0.057,3,15.366,0.039,3,14.65,0.082,3,NA,NA,0,NA,NA,0
164.627042,0.489,-77.325473,0.167,NA,NA,0,NA,NA,0,NA,NA,0,17.474,0.053,2,16.272,0.109,2,15.819,0.287,2,NA,NA,0,NA,NA,0
164.635177,0.471,-77.232305,0.139,NA,NA,0,NA,NA,0,NA,NA,0,17.861,0.098,2,16.172,0.054,2,15.254,0.049,2,NA,NA,0,NA,NA,0
164.653078,0.274,-77.236199,0.185,16.064,0.06,2,18.27,0.178,2,NA,NA,0,17.077,0.005,2,15.043,0.006,2,13.858,0.056,2,NA,NA,0,NA,NA,0
164.654575,0.233,-77.29149,0.225,12.643,0.082,5,13.718,0.041,5,NA,NA,0,13.227,0.009,5,12.272,0.031,5,11.746,0.076,5,11.488,0.041,1,NA,NA,0
164.657043,0.274,-77.267336,0.368,NA,NA,0,NA,NA,0,NA,NA,0,17.377,0.064,3,16.052,0.071,3,15.183,0.096,3,NA,NA,0,NA,NA,0
164.664123,0.646,-77.321234,0.456,16.132,0.061,2,17.747,0.257,2,NA,NA,0,16.898,0.128,4,15.621,0.051,4,14.921,0.104,4,NA,NA,0,NA,NA,0
164.685943,0.217,-77.294712,0.108,NA,NA,0,NA,NA,0,NA,NA,0,17.915,0.134,1,16.558,0.101,1,NA,NA,0,NA,NA,0,NA,NA,0
164.689424,0.649,-77.373813,0.441,NA,NA,0,NA,NA,0,NA,NA,0,17.739,0.116,1,16.843,0.129,1,16.249,0.196,1,NA,NA,0,NA,NA,0
164.692645,0.223,-77.352275,0.2,15.074,0.134,4,16.27,0.083,4,NA,NA,0,15.786,0.036,5,14.705,0.024,5,14.145,0.075,5,NA,NA,0,NA,NA,0
164.696351,0.193,-77.268728,0.229,NA,NA,0,NA,NA,0,NA,NA,0,17.983,0.133,1,16.772,0.119,1,16.332,0.198,1,NA,NA,0,NA,NA,0
164.698567,0.037,-77.482123,0.303,NA,NA,0,NA,NA,0,NA,NA,0,18.371,0.197,1,17.466,0.218,1,NA,NA,0,NA,NA,0,NA,NA,0
164.706428,0.299,-77.201908,0.204,NA,NA,0,NA,NA,0,NA,NA,0,18.496,0.217,1,17.574,0.225,1,NA,NA,0,NA,NA,0,NA,NA,0
164.70782,0.316,-77.365893,0.175,13.036,0.08,5,14.059,0.043,5,NA,NA,0,13.59,0.011,5,12.708,0.018,5,12.259,0.072,5,12.236,0.087,1,NA,NA,0
164.735704,0.479,-77.324681,0.281,17.492,0.208,1,17.979,0.217,1,NA,NA,0,17.709,0.076,2,16.814,0.013,2,15.888,0.06,2,NA,NA,0,NA,NA,0
164.73651,0.775,-77.352053,0.509,NA,NA,0,NA,NA,0,NA,NA,0,17.631,0.099,1,16.527,0.098,1,15.708,0.119,1,NA,NA,0,NA,NA,0
164.7379,0.207,-77.478013,0.209,NA,NA,0,NA,NA,0,NA,NA,0,18.35,0.199,1,17.107,0.157,1,16.351,0.214,1,NA,NA,0,NA,NA,0
164.747714,0.354,-77.225325,0.34,16.393,0.086,2,18.041,0.026,2,NA,NA,0,17.227,0.096,4,15.679,0.09,4,14.748,0.125,4,NA,NA,0,NA,NA,0
164.749507,0.153,-77.251407,0.6,17.059,0.136,1,18.271,0.274,1,NA,NA,0,17.987,0.133,1,16.624,0.097,1,15.544,0.096,1,NA,NA,0,NA,NA,0
164.75425,0.317,-77.378034,0.131,13.238,0.215,5,14.37,0.374,5,NA,NA,0,13.869,0.319,5,12.741,0.158,5,12.129,0.063,5,NA,NA,0,NA,NA,0
164.756328,0.384,-77.210032,0.336,NA,NA,0,NA,NA,0,NA,NA,0,17.734,0.108,1,16.564,0.096,1,16.09,0.154,1,NA,NA,0,NA,NA,0
164.76423,0.198,-77.394611,0.245,NA,NA,0,NA,NA,0,NA,NA,0,18.556,0.23,1,17.448,0.213,1,16.489,0.242,1,NA,NA,0,NA,NA,0
164.765877,0.244,-77.320022,0.453,NA,NA,0,NA,NA,0,NA,NA,0,18.163,0.162,1,17.589,0.237,1,16.62,0.256,1,NA,NA,0,NA,NA,0
164.776315,0.258,-77.204166,0.429,NA,NA,0,NA,NA,0,NA,NA,0,17.939,0.127,1,16.417,0.081,1,15.878,0.128,1,NA,NA,0,NA,NA,0
164.791395,0.329,-77.421834,0.26,15.966,0.14,3,16.992,0.173,3,NA,NA,0,16.528,0.061,4,15.392,0.104,4,14.802,0.143,4,NA,NA,0,NA,NA,0
164.792771,0.239,-77.185407,0.387,NA,NA,0,NA,NA,0,NA,NA,0,17.74,0.106,1,17.085,0.146,1,16.299,0.179,1,NA,NA,0,NA,NA,0
164.804106,0.478,-77.275031,0.283,17.259,0.165,1,18.002,0.216,1,NA,NA,0,17.616,0.093,1,16.589,0.097,1,15.925,0.128,1,NA,NA,0,NA,NA,0
164.812574,0.565,-77.306066,0.652,NA,NA,0,NA,NA,0,NA,NA,0,17.495,0.088,1,16.153,0.066,1,15.609,0.101,1,NA,NA,0,NA,NA,0
164.820211,0.838,-77.306841,0.571,NA,NA,0,NA,NA,0,NA,NA,0,NA,NA,0,15.869,0.067,1,15.227,0.081,2,NA,NA,0,NA,NA,0
164.823782,0.653,-77.342305,0.42,16.382,0.088,2,17.571,0.304,2,NA,NA,0,16.849,0.088,3,15.836,0.019,3,15.195,0.08,3,NA,NA,0,NA,NA,0
164.825863,0.729,-77.307426,0.371,16.433,0.078,1,18.077,0.237,1,NA,NA,0,17.105,0.04,3,15.883,0.022,2,15.151,0.068,1,NA,NA,0,NA,NA,0
164.830483,0.812,-77.245385,0.384,NA,NA,0,NA,NA,0,NA,NA,0,18.295,0.022,2,17.017,0.04,2,16.303,0.193,1,NA,NA,0,NA,NA,0
164.831261,0.306,-77.375567,0.188,15.62,0.039,4,16.901,0.251,4,NA,NA,0,16.342,0.133,5,15.077,0.068,5,14.515,0.07,5,NA,NA,0,NA,NA,0
164.853972,0.329,-77.151112,0.284,16.099,0.069,2,17.65,0.127,2,NA,NA,0,16.786,0.069,4,15.481,0.032,4,14.707,0.168,4,NA,NA,0,NA,NA,0
164.860822,0.337,-77.422001,0.26,17.085,0.14,1,17.937,0.21,1,NA,NA,0,17.965,0.13,1,16.567,0.102,1,16.154,0.172,1,NA,NA,0,NA,NA,0
164.866782,0.163,-77.165342,0.254,NA,NA,0,NA,NA,0,NA,NA,0,18.747,0.251,1,16.983,0.137,1,15.671,0.111,1,NA,NA,0,NA,NA,0
164.866935,0.63,-77.506329,0.311,NA,NA,0,NA,NA,0,NA,NA,0,18.318,0.175,1,17.22,0.17,1,16.471,0.226,1,NA,NA,0,NA,NA,0
164.872352,0.387,-77.161109,0.171,NA,NA,0,NA,NA,0,NA,NA,0,18.399,0.011,2,16.356,0.084,1,15.066,0.032,2,NA,NA,0,NA,NA,0
164.872996,0.654,-77.218603,0.188,NA,NA,0,17.939,0.21,1,NA,NA,0,17.863,0.091,2,16.444,0.006,2,15.676,0.11,2,NA,NA,0,NA,NA,0
164.888792,0.612,-77.508796,0.322,16.304,0.091,2,17.377,0.075,2,NA,NA,0,16.908,0.061,4,15.682,0.054,4,14.907,0.087,4,NA,NA,0,NA,NA,0
164.890022,0.527,-77.444829,0.294,14.491,0.059,4,16.519,0.141,4,NA,NA,0,15.556,0.023,5,13.735,0.024,5,12.829,0.083,5,NA,NA,0,NA,NA,0
164.899521,0.426,-77.251855,0.167,14.256,0.09,5,15.879,0.083,5,NA,NA,0,15.139,0.029,5,13.66,0.022,5,12.799,0.07,5,NA,NA,0,NA,NA,0
164.915484,0.447,-77.4582,0.402,16.251,0.074,2,17.428,0.106,2,NA,NA,0,16.811,0.068,3,15.629,0.034,3,15.11,0.169,3,NA,NA,0,NA,NA,0
164.919463,0.526,-77.520649,0.236,NA,NA,0,NA,NA,0,NA,NA,0,17.878,0.127,1,16.836,0.123,1,16.268,0.192,1,NA,NA,0,NA,NA,0
164.930529,0.25,-77.183484,0.135,NA,NA,0,NA,NA,0,NA,NA,0,18.245,0.165,1,16.848,0.122,1,16.175,0.166,1,NA,NA,0,NA,NA,0
164.934953,0.305,-77.409179,0.253,NA,NA,0,NA,NA,0,NA,NA,0,17.663,0.007,2,16.001,0.027,2,15.302,0.033,2,NA,NA,0,NA,NA,0
164.942469,0.514,-77.326919,0.422,NA,NA,0,NA,NA,0,NA,NA,0,18.908,0.296,1,NA,NA,0,16.56,0.235,1,NA,NA,0,NA,NA,0
164.957794,0.793,-77.595742,0.345,NA,NA,0,NA,NA,0,NA,NA,0,17.853,0.028,2,16.705,0.048,2,15.863,0.13,1,NA,NA,0,NA,NA,0
164.962953,0.529,-77.400282,0.346,15.658,0.024,2,17.262,0.067,2,NA,NA,0,16.481,0.08,4,14.989,0.058,4,14.247,0.108,4,NA,NA,0,NA,NA,0
164.980378,0.671,-77.54778,0.526,16.455,0.076,2,17.58,0.062,2,NA,NA,0,17.046,0.078,4,15.756,0.047,3,15.045,0.148,4,NA,NA,0,NA,NA,0
164.983202,0.571,-77.125628,0.399,NA,NA,0,NA,NA,0,NA,NA,0,17.975,0.133,1,16.666,0.106,1,15.773,0.119,1,NA,NA,0,NA,NA,0
164.986733,0.318,-77.43369,0.13,14.079,0.088,4,15.327,0.083,4,NA,NA,0,14.755,0.023,4,13.625,0.031,4,12.968,0.092,4,NA,NA,0,NA,NA,0
164.988336,0.48,-77.596129,0.233,NA,NA,0,NA,NA,0,NA,NA,0,17.907,0.13,2,16.489,0.062,2,16.055,0.2,2,NA,NA,0,NA,NA,0
164.989398,0.234,-77.19605,0.149,NA,NA,0,NA,NA,0,NA,NA,0,18.702,0.244,1,17.598,0.236,1,16.688,0.267,1,NA,NA,0,NA,NA,0
164.990393,0.628,-77.582101,0.663,NA,NA,0,NA,NA,0,NA,NA,0,18.111,0.158,1,16.844,0.128,1,15.822,0.13,1,NA,NA,0,NA,NA,0
164.994867,0.542,-77.223981,0.414,NA,NA,0,NA,NA,0,NA,NA,0,18.352,0.174,1,16.75,0.11,1,15.492,0.096,1,NA,NA,0,NA,NA,0
165.001997,0.564,-77.142995,0.256,16.839,0.108,1,18.074,0.223,1,NA,NA,0,17.698,0.074,2,16.343,0.007,2,15.678,0.067,2,NA,NA,0,NA,NA,0
165.010511,0.312,-77.286621,0.412,NA,NA,0,NA,NA,0,NA,NA,0,18.691,0.261,1,17.143,0.17,1,16.31,0.206,1,NA,NA,0,NA,NA,0
165.013714,0.639,-77.273338,0.228,NA,NA,0,NA,NA,0,NA,NA,0,18.424,0.193,1,16.841,0.123,1,15.966,0.149,1,NA,NA,0,NA,NA,0
165.01377,0.098,-77.470051,0.446,NA,NA,0,NA,NA,0,NA,NA,0,18.548,0.234,1,16.94,0.133,1,15.932,0.142,1,NA,NA,0,NA,NA,0
165.018311,0.381,-77.123892,0.261,16.135,0.049,2,17.358,0.124,2,NA,NA,0,16.665,0.115,5,15.632,0.082,5,15.042,0.173,5,NA,NA,0,NA,NA,0
165.018979,0.491,-77.602442,0.315,16.891,0.128,1,17.942,0.211,1,NA,NA,0,17.597,0.08,2,16.294,0.053,2,15.518,0.072,2,NA,NA,0,NA,NA,0
165.024914,0.294,-77.211787,0.097,NA,NA,0,NA,NA,0,NA,NA,0,17.898,0.121,1,16.374,0.078,1,15.493,0.096,1,NA,NA,0,NA,NA,0
165.051043,0.294,-77.254786,0.18,15.02,0.122,5,16.268,0.079,5,NA,NA,0,15.733,0.045,5,14.568,0.03,5,13.889,0.08,5,NA,NA,0,NA,NA,0
165.060411,0.107,-77.243868,0.094,11.301,0.076,5,12.033,0.046,5,NA,NA,0,11.67,0.013,5,11.148,0.028,5,10.987,0.095,5,NA,NA,0,NA,NA,0
165.066829,0.15,-77.364057,0.374,NA,NA,0,NA,NA,0,NA,NA,0,18.513,0.223,1,17.647,0.265,1,NA,NA,0,NA,NA,0,NA,NA,0
165.074572,0.415,-77.285292,0.229,16.282,0.067,1,17.515,0.141,1,NA,NA,0,16.984,0.033,4,15.671,0.111,4,14.972,0.177,4,NA,NA,0,NA,NA,0
165.082874,0.442,-77.616072,0.209,14.035,0.078,5,15.453,0.093,5,NA,NA,0,14.792,0.027,5,13.552,0.033,5,12.842,0.096,5,NA,NA,0,NA,NA,0
165.093245,0.499,-77.152934,0.201,16.095,0.015,2,17.694,0.202,2,NA,NA,0,16.837,0.106,5,15.488,0.092,5,14.843,0.059,5,NA,NA,0,NA,NA,0
165.095923,0.443,-77.251697,0.359,15.747,0.004,2,17.147,0.112,2,NA,NA,0,16.477,0.041,5,15.218,0.062,5,14.469,0.117,4,NA,NA,0,NA,NA,0
165.101597,0.533,-77.359724,0.347,16.51,0.002,2,17.824,0.11,2,NA,NA,0,17.112,0.017,2,15.924,0.028,2,15.175,0.024,2,NA,NA,0,NA,NA,0
165.11389,0.126,-77.117459,0.121,NA,NA,0,NA,NA,0,NA,NA,0,17.971,0.143,1,16.685,0.11,1,NA,NA,0,NA,NA,0,NA,NA,0
165.120673,0.532,-77.115093,0.291,NA,NA,0,NA,NA,0,NA,NA,0,18.089,0.156,1,16.747,0.111,1,15.739,0.114,1,NA,NA,0,NA,NA,0
165.127,0.438,-77.108097,0.216,NA,NA,0,NA,NA,0,NA,NA,0,17.365,0.085,1,16.417,0.129,1,NA,NA,0,NA,NA,0,NA,NA,0
165.13946,0.636,-77.186312,0.337,16.357,0.101,2,17.525,0.035,2,NA,NA,0,16.945,0.115,4,15.929,0.094,4,15.226,0.115,4,NA,NA,0,NA,NA,0
165.139893,0.304,-77.290994,0.399,NA,NA,0,NA,NA,0,NA,NA,0,18.254,0.174,1,17.41,0.204,1,16.358,0.202,1,NA,NA,0,NA,NA,0
165.145441,0.512,-77.410452,0.334,15.989,0.024,2,17.439,0.026,2,NA,NA,0,16.765,0.072,4,15.52,0.028,4,14.863,0.062,4,NA,NA,0,NA,NA,0
165.151544,0.793,-77.114739,0.595,16.231,0.1,2,17.11,0.039,2,NA,NA,0,16.647,0.077,5,15.888,0.094,5,15.353,0.136,5,NA,NA,0,NA,NA,0
165.153903,0.165,-77.435849,0.126,13.506,0.078,5,14.621,0.059,5,NA,NA,0,14.108,0.017,5,13.143,0.025,5,12.599,0.063,5,NA,NA,0,NA,NA,0
165.154476,0.435,-77.419217,0.197,15.277,0.148,3,16.774,0.051,3,NA,NA,0,16.122,0.057,5,14.741,0.026,5,13.567,0.074,5,NA,NA,0,NA,NA,0
165.154731,0.538,-77.369844,0.14,NA,NA,0,NA,NA,0,NA,NA,0,18.504,0.225,1,17.291,0.183,1,NA,NA,0,NA,NA,0,NA,NA,0
165.160734,0.003,-77.123084,0.116,NA,NA,0,NA,NA,0,NA,NA,0,18.416,0.196,1,17.209,0.17,1,NA,NA,0,NA,NA,0,NA,NA,0
165.162024,0.614,-77.258032,0.451,NA,NA,0,NA,NA,0,NA,NA,0,18.645,0.249,1,17.303,0.186,1,16.818,0.316,1,NA,NA,0,NA,NA,0
165.173908,0.531,-77.402025,0.422,NA,NA,0,NA,NA,0,NA,NA,0,17.809,0.077,2,16.402,0.013,2,15.724,0.221,2,NA,NA,0,NA,NA,0
165.176532,0.621,-77.151817,0.384,15.555,0.149,3,16.643,0.075,3,NA,NA,0,16.231,0.124,5,15.211,0.069,5,14.685,0.034,5,NA,NA,0,NA,NA,0
165.181328,0.315,-77.577398,0.288,16.658,0.104,2,18.319,0.178,2,NA,NA,0,17.504,0.067,2,16.064,0.042,2,15.369,0.083,2,NA,NA,0,NA,NA,0
165.185434,0.445,-77.410651,0.282,15.797,0.068,2,16.887,0.012,2,NA,NA,0,16.292,0.051,4,15.433,0.014,4,14.913,0.137,4,NA,NA,0,NA,NA,0
165.208396,0.289,-77.144693,0.356,15.527,0.07,3,16.7,0.122,3,NA,NA,0,16.138,0.049,5,15.14,0.06,5,14.629,0.165,5,NA,NA,0,NA,NA,0
165.209553,0.297,-77.419815,0.234,NA,NA,0,NA,NA,0,NA,NA,0,17.33,0.028,2,16.274,0.025,2,15.813,0.151,2,NA,NA,0,NA,NA,0
165.213086,0.298,-77.557575,0.075,NA,NA,0,NA,NA,0,NA,NA,0,18.5,0.221,1,16.904,0.135,1,16.082,0.166,1,NA,NA,0,NA,NA,0
165.217352,0.605,-77.369245,0.419,NA,NA,0,NA,NA,0,NA,NA,0,17.509,0.133,2,16.24,0.021,2,15.98,0.075,2,NA,NA,0,NA,NA,0
165.21895,0.419,-77.360696,0.307,NA,NA,0,NA,NA,0,NA,NA,0,17.671,0.083,2,16.449,0.126,2,15.726,0.164,2,NA,NA,0,NA,NA,0
165.220111,0.473,-77.355512,0.282,15.993,0.068,2,17.347,0.054,2,NA,NA,0,16.744,0.03,4,15.331,0.065,4,14.59,0.127,4,NA,NA,0,NA,NA,0
165.22155,1.046,-77.612432,0.405,16.673,0.122,1,18.004,0.228,1,NA,NA,0,17.066,0.108,3,15.812,0.025,3,14.963,0.101,3,NA,NA,0,NA,NA,0
165.223779,0.523,-77.185723,0.64,NA,NA,0,NA,NA,0,NA,NA,0,18.553,0.221,1,16.932,0.129,1,NA,NA,0,NA,NA,0,NA,NA,0
165.224814,0.454,-77.157724,0.283,16.906,0.069,2,17.958,0.053,2,NA,NA,0,17.47,0.019,2,16.483,0.002,2,15.867,0.056,2,NA,NA,0,NA,NA,0
165.227458,0.581,-77.391177,0.475,16.385,0.088,2,17.566,0.057,2,NA,NA,0,16.982,0.081,3,16.038,0.074,3,15.316,0.218,3,NA,NA,0,NA,NA,0
165.239579,0.376,-77.630532,0.569,NA,NA,0,NA,NA,0,NA,NA,0,19,0.348,1,17.106,0.169,1,16.004,0.165,1,NA,NA,0,NA,NA,0
165.242111,0.693,-77.111611,0.379,NA,NA,0,NA,NA,0,NA,NA,0,17.384,0.111,2,16.579,0.003,2,16.083,0.014,2,NA,NA,0,NA,NA,0
165.242846,0.124,-77.425795,0.644,NA,NA,0,NA,NA,0,NA,NA,0,17.996,0.133,1,17.32,0.184,1,16.608,0.261,1,NA,NA,0,NA,NA,0
165.244001,0.157,-77.359218,0.296,NA,NA,0,NA,NA,0,NA,NA,0,18.284,0.023,2,16.762,0.027,2,15.772,0.124,1,NA,NA,0,NA,NA,0
165.244147,0.267,-77.169854,0.14,NA,NA,0,NA,NA,0,NA,NA,0,18.213,0.159,1,16.781,0.12,1,16.608,0.252,1,NA,NA,0,NA,NA,0
165.244229,0.005,-77.365474,0.383,NA,NA,0,NA,NA,0,NA,NA,0,18.64,0.244,1,16.894,0.137,1,NA,NA,0,NA,NA,0,NA,NA,0
165.2462,0.357,-77.31777,0.228,NA,NA,0,NA,NA,0,NA,NA,0,17.883,0.054,2,16.44,0.131,2,15.598,0.102,1,NA,NA,0,NA,NA,0
165.246511,0.148,-77.128578,0.298,NA,NA,0,NA,NA,0,NA,NA,0,17.863,0.117,1,16.853,0.119,1,16.347,0.188,1,NA,NA,0,NA,NA,0
165.254321,0.278,-77.343679,0.12,NA,NA,0,NA,NA,0,NA,NA,0,18.582,0.226,1,17.043,0.152,1,16.007,0.156,1,NA,NA,0,NA,NA,0
165.258793,0.636,-77.329649,0.203,NA,NA,0,NA,NA,0,NA,NA,0,17.721,0.118,2,16.503,0.136,2,15.92,0.019,2,NA,NA,0,NA,NA,0
165.269773,0.402,-77.178291,0.456,16.932,0.127,1,18.23,0.271,1,NA,NA,0,18.096,0.023,2,16.587,0.141,2,15.773,0.107,2,NA,NA,0,NA,NA,0
165.272127,1.144,-77.417402,0.418,NA,NA,0,NA,NA,0,NA,NA,0,18.217,0.164,1,17.186,0.177,1,16.288,0.195,1,NA,NA,0,NA,NA,0
165.272468,0.116,-77.136593,0.318,NA,NA,0,NA,NA,0,NA,NA,0,17.798,0.045,2,16.35,0.043,2,15.655,0.112,1,NA,NA,0,NA,NA,0
165.272953,0.744,-77.335154,0.286,17.025,0.131,1,18.097,0.227,1,NA,NA,0,17.628,0.1,1,16.466,0.088,1,NA,NA,0,NA,NA,0,NA,NA,0
165.274074,0.548,-77.148942,0.371,16.258,0.126,2,17.158,0.046,2,NA,NA,0,16.716,0.094,4,15.849,0.084,4,15.353,0.094,4,NA,NA,0,NA,NA,0
165.285248,0.157,-77.165707,0.583,NA,NA,0,NA,NA,0,NA,NA,0,18.42,0.191,1,16.902,0.133,1,16.349,0.202,1,NA,NA,0,NA,NA,0
165.295926,0.508,-77.133129,0.368,NA,NA,0,NA,NA,0,NA,NA,0,18.04,0.13,2,16.682,0.051,2,16.012,0.14,1,NA,NA,0,NA,NA,0
165.297968,0.632,-77.153911,0.451,16.408,0.062,2,17.569,0.065,2,NA,NA,0,17.031,0.037,2,16.017,0.105,2,15.688,0.008,2,NA,NA,0,NA,NA,0
165.304732,0.29,-77.326481,0.275,NA,NA,0,NA,NA,0,NA,NA,0,18.14,0.15,1,16.833,0.121,1,16.052,0.161,1,NA,NA,0,NA,NA,0
165.317303,0.756,-77.628311,0.358,16.354,0.085,2,17.825,0.199,2,NA,NA,0,17.124,0.055,3,15.668,0.073,3,14.942,0.032,3,NA,NA,0,NA,NA,0
165.319996,0.403,-77.145172,0.228,NA,NA,0,NA,NA,0,NA,NA,0,18.054,0.316,2,17.114,0.015,2,16.092,0.159,1,NA,NA,0,NA,NA,0
165.32767,0.389,-77.63849,0.267,NA,NA,0,NA,NA,0,NA,NA,0,17.332,0.188,4,16.096,0.112,3,15.575,0.079,4,NA,NA,0,NA,NA,0
165.328076,0.376,-77.127602,0.331,15.974,0.054,2,17.115,0.191,2,NA,NA,0,16.606,0.065,4,15.565,0.076,4,15.043,0.115,4,NA,NA,0,NA,NA,0
165.332864,0.305,-77.191868,0.203,13.429,0.072,5,14.467,0.048,5,NA,NA,0,13.992,0.007,5,13.087,0.027,5,12.596,0.094,5,NA,NA,0,NA,NA,0
165.334067,0.516,-77.418278,0.264,15.847,0.034,2,17.235,0.009,2,NA,NA,0,16.533,0.128,4,15.123,0.04,4,14.416,0.03,4,NA,NA,0,NA,NA,0
165.350556,0.497,-77.442594,0.538,NA,NA,0,NA,NA,0,NA,NA,0,18.253,0.127,2,16.881,0.006,2,16.376,0.22,1,NA,NA,0,NA,NA,0
165.367364,0.367,-77.432047,0.276,14.195,0.096,5,15.502,0.085,5,NA,NA,0,14.87,0.03,5,13.722,0.031,5,13.079,0.096,5,NA,NA,0,NA,NA,0
165.377313,0.394,-77.453107,0.36,NA,NA,0,NA,NA,0,NA,NA,0,18.308,0.183,1,17.111,0.152,1,16.324,0.196,1,NA,NA,0,NA,NA,0
165.386258,0.401,-77.136177,0.11,NA,NA,0,NA,NA,0,NA,NA,0,18.686,0.257,1,17.021,0.141,1,16.337,0.194,1,NA,NA,0,NA,NA,0
165.38655,0.486,-77.272278,0.383,16.696,0.133,1,18.014,0.234,1,NA,NA,0,17.503,0.057,2,16.117,0.023,2,15.476,0.092,1,NA,NA,0,NA,NA,0
165.387474,0.871,-77.108044,0.507,17.063,0.186,1,17.753,0.186,1,NA,NA,0,17.378,0.152,3,16.546,0.268,3,15.58,0.147,2,NA,NA,0,NA,NA,0
165.393652,0.486,-77.198209,0.482,15.987,0.007,2,17.488,0.289,2,NA,NA,0,16.624,0.017,3,15.323,0.035,3,14.628,0.088,3,NA,NA,0,NA,NA,0
165.394174,0.452,-77.388037,0.248,12.344,0.078,5,13.303,0.04,5,NA,NA,0,12.855,0.014,5,12.038,0.02,5,11.588,0.091,5,NA,NA,0,NA,NA,0
165.397053,0.413,-77.343278,0.073,NA,NA,0,NA,NA,0,NA,NA,0,18.464,0.206,1,17.135,0.16,1,16.41,0.214,1,NA,NA,0,NA,NA,0
165.422514,0.677,-77.271928,0.415,NA,NA,0,NA,NA,0,NA,NA,0,17.752,0.158,2,16.437,0.125,2,15.88,0.241,2,NA,NA,0,NA,NA,0
165.424824,0.486,-77.126113,0.252,16.49,0.1,2,17.921,0.126,2,NA,NA,0,17.057,0.066,3,15.829,0.004,3,15.082,0.129,3,NA,NA,0,NA,NA,0
165.43081,0.529,-77.214403,0.426,NA,NA,0,NA,NA,0,NA,NA,0,18.126,0.029,2,16.742,0.112,1,15.684,0.124,2,NA,NA,0,NA,NA,0
165.436896,0.167,-77.161802,0.504,NA,NA,0,NA,NA,0,NA,NA,0,18.205,0.161,1,16.737,0.113,1,16.025,0.149,1,NA,NA,0,NA,NA,0
165.445894,0.197,-77.261427,0.106,NA,NA,0,NA,NA,0,NA,NA,0,18.528,0.21,1,17.186,0.164,1,16.001,0.148,1,NA,NA,0,NA,NA,0
165.448159,0.204,-77.172617,0.132,14.59,0.093,5,16.325,0.065,5,NA,NA,0,15.456,0.023,5,13.96,0.028,5,13.125,0.082,5,NA,NA,0,NA,NA,0
165.450346,0.364,-77.102081,0.383,16.244,0.015,2,17.632,0.004,2,NA,NA,0,16.861,0.085,4,15.635,0.093,4,14.979,0.174,4,NA,NA,0,NA,NA,0
165.45608,0.01,-77.118646,0.486,NA,NA,0,NA,NA,0,NA,NA,0,18.451,0.209,1,17.678,0.246,1,NA,NA,0,NA,NA,0,NA,NA,0
165.484367,0.443,-77.223978,0.297,16.898,0.115,1,18.049,0.211,1,NA,NA,0,17.756,0.037,2,16.348,0.039,2,15.372,0.001,2,NA,NA,0,NA,NA,0
165.487448,0.462,-77.382083,0.312,15.561,0.114,4,16.714,0.133,4,NA,NA,0,16.263,0.048,5,15.044,0.057,5,14.303,0.135,5,NA,NA,0,NA,NA,0
165.496693,0.206,-77.096529,0.29,NA,NA,0,NA,NA,0,NA,NA,0,17.807,0.113,1,16.995,0.134,1,16.219,0.173,1,NA,NA,0,NA,NA,0
165.50223,0.393,-77.202868,0.301,15.98,0.067,2,17.527,0.082,2,NA,NA,0,16.631,0.1,5,15.413,0.059,5,14.747,0.119,5,NA,NA,0,NA,NA,0
165.514309,0.588,-77.1652,0.404,16.656,0.208,2,17.946,0.025,2,NA,NA,0,17.224,0.064,2,16.004,0.001,2,15.323,0.077,1,NA,NA,0,NA,NA,0
165.536077,0.655,-77.203919,0.306,16.73,0.142,1,17.904,0.213,1,NA,NA,0,17.327,0.102,2,15.847,0.039,2,15.257,0.04,2,NA,NA,0,NA,NA,0
165.543778,0.554,-77.189388,0.306,NA,NA,0,NA,NA,0,NA,NA,0,17.755,0.009,2,16.424,0.086,1,15.759,0.043,2,NA,NA,0,NA,NA,0
165.545545,0.037,-77.29291,0.299,NA,NA,0,NA,NA,0,NA,NA,0,18.138,0.146,1,16.533,0.09,1,15.8,0.122,1,NA,NA,0,NA,NA,0
165.547779,0.428,-77.161711,0.271,15.69,0.088,4,16.921,0.113,4,NA,NA,0,16.274,0.048,5,15.323,0.044,5,14.734,0.122,5,NA,NA,0,NA,NA,0
165.566935,0.396,-77.341038,0.655,15.877,0.001,2,18.058,0.128,2,NA,NA,0,16.979,0.051,4,14.953,0.037,4,13.854,0.059,4,NA,NA,0,NA,NA,0
165.582596,0.221,-77.109055,0.173,NA,NA,0,NA,NA,0,NA,NA,0,17.744,0.106,1,16.165,0.066,1,15.553,0.095,1,NA,NA,0,NA,NA,0
165.595243,0.176,-77.470956,0.208,NA,NA,0,NA,NA,0,NA,NA,0,18.21,0.167,1,16.594,0.098,1,15.711,0.121,1,NA,NA,0,NA,NA,0
165.599959,0.159,-77.231882,0.209,15.526,0.034,1,17.472,0.131,1,NA,NA,0,16.537,0.109,4,14.699,0.033,4,13.509,0.03,4,NA,NA,0,NA,NA,0
165.603551,0.267,-77.559869,0.228,11.522,0.098,5,12.708,0.081,5,NA,NA,0,12.16,0.041,5,11.076,0.042,5,10.602,0.089,5,NA,NA,0,NA,NA,0
165.613191,0.229,-77.226194,0.165,NA,NA,0,NA,NA,0,NA,NA,0,17.244,0.013,2,15.829,0.007,2,14.996,0.038,2,NA,NA,0,NA,NA,0
165.62289,0.54,-77.41609,0.42,16.092,0.087,1,17.761,0.183,1,NA,NA,0,16.758,0.087,4,15.455,0.062,4,14.651,0.096,4,NA,NA,0,NA,NA,0
165.623811,0.206,-77.092539,0.147,NA,NA,0,NA,NA,0,NA,NA,0,18.145,0.153,1,16.837,0.119,1,16.33,0.201,1,NA,NA,0,NA,NA,0
165.625106,0.468,-77.392764,0.368,NA,NA,0,NA,NA,0,NA,NA,0,17.98,0.031,2,16.726,0.028,2,16.424,0.22,1,NA,NA,0,NA,NA,0
165.628183,0.325,-77.136238,0.313,NA,NA,0,NA,NA,0,NA,NA,0,17.821,0.11,1,16.914,0.128,1,15.986,0.136,1,NA,NA,0,NA,NA,0
165.636233,0.678,-77.486939,0.409,15.94,0.004,2,17.642,0.004,2,NA,NA,0,16.763,0.122,5,15.138,0.064,5,13.779,0.083,5,NA,NA,0,NA,NA,0
165.647809,0.433,-77.644675,0.412,15.709,0.018,2,17.275,0.114,2,NA,NA,0,16.499,0.052,5,15.065,0.065,5,14.216,0.086,5,NA,NA,0,NA,NA,0
165.651162,0.175,-77.335864,0.343,NA,NA,0,NA,NA,0,NA,NA,0,17.786,0.11,1,16.532,0.088,1,15.693,0.108,1,NA,NA,0,NA,NA,0
165.652787,0.351,-77.405481,0.236,15.172,0.061,3,16.457,0.075,3,NA,NA,0,15.888,0.052,5,14.528,0.024,5,13.789,0.079,5,NA,NA,0,NA,NA,0
165.657501,0.146,-77.297496,0.146,14.016,0.068,4,15.416,0.056,4,NA,NA,0,14.778,0.019,4,13.507,0.016,4,12.751,0.006,4,NA,NA,0,NA,NA,0
165.660158,0.24,-77.398723,0.208,NA,NA,0,NA,NA,0,NA,NA,0,18.202,0.175,1,16.434,0.089,1,15.615,0.116,1,NA,NA,0,NA,NA,0
165.660349,0.418,-77.221222,0.2,16.729,0.1,1,18.014,0.217,1,NA,NA,0,17.76,0.104,1,16.04,0.06,1,15.216,0.073,1,NA,NA,0,NA,NA,0
165.663999,0.524,-77.349606,0.198,NA,NA,0,NA,NA,0,NA,NA,0,18.047,0.137,1,16.67,0.106,1,15.6,0.106,1,NA,NA,0,NA,NA,0
165.670355,0.127,-77.095155,0.142,NA,NA,0,NA,NA,0,NA,NA,0,17.675,0.096,1,16.531,0.092,1,15.707,0.114,1,NA,NA,0,NA,NA,0
165.672645,0.281,-77.180962,0.251,NA,NA,0,NA,NA,0,NA,NA,0,17.808,0.113,1,16.521,0.088,1,15.908,0.132,1,NA,NA,0,NA,NA,0
165.677089,0.221,-77.286311,0.162,14.966,0.092,3,16.461,0.019,3,NA,NA,0,15.83,0.087,4,14.497,0.076,4,13.694,0.071,4,NA,NA,0,NA,NA,0
165.687651,0.228,-77.176377,0.117,NA,NA,0,NA,NA,0,NA,NA,0,18.155,0.153,1,16.818,0.116,1,16.062,0.151,1,NA,NA,0,NA,NA,0
165.718522,0.418,-77.096256,0.207,15.932,0.051,1,17.873,0.172,1,NA,NA,0,16.933,0.222,3,15.277,0.03,3,14.526,0.013,3,NA,NA,0,NA,NA,0
165.729179,0.5,-77.364112,0.324,16.263,0.066,1,17.573,0.143,1,NA,NA,0,17.029,0.079,2,15.588,0.003,2,14.188,0.077,2,NA,NA,0,NA,NA,0
165.730881,0.15,-77.230612,0.211,15.033,0.024,1,17.253,0.1,1,NA,NA,0,16.076,0.044,4,14.199,0.028,4,13.026,0.01,4,NA,NA,0,NA,NA,0
165.732253,0.333,-77.260257,0.171,15.857,0.046,1,17.671,0.153,1,NA,NA,0,16.719,0.112,4,14.989,0.06,4,14.102,0.054,4,NA,NA,0,NA,NA,0
165.733624,0.296,-77.189458,0.259,NA,NA,0,NA,NA,0,NA,NA,0,17.98,0.13,1,16.65,0.102,1,16.229,0.179,1,NA,NA,0,NA,NA,0
165.738808,0.079,-77.178161,0.248,NA,NA,0,NA,NA,0,NA,NA,0,18.369,0.185,1,16.874,0.126,1,16.004,0.149,1,NA,NA,0,NA,NA,0
165.758244,0.373,-77.219356,0.187,16.243,0.065,1,18.299,0.275,1,NA,NA,0,16.917,0.108,4,15.561,0.059,4,14.636,0.034,4,NA,NA,0,NA,NA,0
165.761004,0.208,-77.144349,0.554,NA,NA,0,NA,NA,0,NA,NA,0,18.325,0.173,1,17.204,0.17,1,16.401,0.202,1,NA,NA,0,NA,NA,0
165.766841,0.11,-77.404301,0.297,NA,NA,0,NA,NA,0,NA,NA,0,18.075,0.144,1,16.597,0.098,1,15.708,0.117,1,NA,NA,0,NA,NA,0
165.77719,0.167,-77.076506,0.205,14.936,0.059,4,16.845,0.172,4,NA,NA,0,15.875,0.054,4,14.37,0.027,4,13.636,0.006,4,NA,NA,0,NA,NA,0
165.798208,0.066,-77.351212,0.047,11.394,0.062,4,12.935,0.033,4,NA,NA,0,12.219,0.007,4,10.838,0.003,4,10.071,0.01,4,NA,NA,0,NA,NA,0
165.822502,0.65,-77.100444,0.262,16.711,0.101,1,17.898,0.188,1,NA,NA,0,17.209,0.063,1,16.223,0.068,1,15.57,0.094,1,NA,NA,0,NA,NA,0
165.826893,0.09,-77.426162,0.138,NA,NA,0,NA,NA,0,NA,NA,0,17.476,0.081,1,15.431,0.035,1,14.342,0.037,1,NA,NA,0,NA,NA,0
165.828938,0.32,-77.240445,0.255,16.568,0.085,1,17.771,0.162,1,NA,NA,0,17.134,0.141,2,16.173,0.049,2,15.307,0.129,2,NA,NA,0,NA,NA,0
165.831155,0.302,-77.281266,0.157,NA,NA,0,NA,NA,0,NA,NA,0,18.322,0.174,1,16.835,0.12,1,16.129,0.157,1,NA,NA,0,NA,NA,0
165.838115,0.595,-77.311194,0.43,16.739,0.105,1,17.892,0.191,1,NA,NA,0,17.299,0.071,1,15.963,0.057,1,15.245,0.077,1,NA,NA,0,NA,NA,0
165.847428,0.068,-77.112005,0.114,NA,NA,0,NA,NA,0,NA,NA,0,18.502,0.203,1,17.033,0.146,1,NA,NA,0,NA,NA,0,NA,NA,0
165.854218,0.71,-77.31221,0.26,14.843,0.067,4,16.16,0.207,4,NA,NA,0,15.54,0.036,4,14.387,0.024,4,13.699,0.031,4,NA,NA,0,NA,NA,0
165.855645,0.546,-77.120578,0.319,16.773,0.101,1,17.915,0.181,1,NA,NA,0,17.248,0.046,2,16.31,0.039,2,15.705,0.189,2,NA,NA,0,NA,NA,0
165.859017,0.331,-77.334387,0.19,15.027,0.012,2,16.955,0.011,2,NA,NA,0,15.982,0.047,4,14.484,0.011,4,13.594,0.028,4,NA,NA,0,NA,NA,0
165.868574,0.267,-77.457457,0.209,17.236,0.157,1,17.937,0.205,1,NA,NA,0,17.618,0.095,1,16.569,0.094,1,15.773,0.118,1,NA,NA,0,NA,NA,0
165.883905,0.355,-77.368515,0.278,NA,NA,0,NA,NA,0,NA,NA,0,17.761,0.112,1,16.423,0.085,1,15.949,0.142,1,NA,NA,0,NA,NA,0
165.902956,0.328,-77.176527,0.281,16.157,0.061,1,17.278,0.109,1,NA,NA,0,16.786,0.048,3,15.52,0.033,3,14.976,0.161,3,NA,NA,0,NA,NA,0
165.907605,0.206,-77.110354,0.115,NA,NA,0,NA,NA,0,NA,NA,0,19.073,0.35,1,17.301,0.191,1,16.135,0.18,1,NA,NA,0,NA,NA,0
165.917321,0.345,-77.219579,0.125,NA,NA,0,NA,NA,0,NA,NA,0,18.455,0.197,1,16.795,0.115,1,15.785,0.124,1,NA,NA,0,NA,NA,0
165.935482,0.349,-77.215738,0.329,NA,NA,0,NA,NA,0,NA,NA,0,18.24,0.164,1,16.896,0.123,1,16.115,0.166,1,NA,NA,0,NA,NA,0
165.937417,0.434,-77.106163,0.328,16.55,0.082,1,17.469,0.127,1,NA,NA,0,16.827,0.207,3,15.864,0.045,3,15.397,0.034,3,NA,NA,0,NA,NA,0
165.947654,0.262,-77.152693,0.31,NA,NA,0,NA,NA,0,NA,NA,0,18.163,0.147,1,16.813,0.115,1,16.427,0.202,1,NA,NA,0,NA,NA,0
165.956719,0.184,-77.171034,0.234,15.785,0.094,2,16.842,0.331,2,NA,NA,0,16.484,0.036,4,15.215,0.047,4,14.475,0.061,4,NA,NA,0,NA,NA,0
165.968923,0.334,-77.100035,0.272,15.73,0.051,2,17.038,0.068,2,NA,NA,0,16.49,0.082,4,15.439,0.022,4,14.995,0.043,4,NA,NA,0,NA,NA,0
165.970132,0.216,-77.252313,0.086,NA,NA,0,NA,NA,0,NA,NA,0,17.826,0.115,1,16.492,0.084,1,15.91,0.128,1,NA,NA,0,NA,NA,0
165.986659,0.419,-77.359158,0.241,15.343,0.088,2,16.93,0.154,2,NA,NA,0,16.33,0.112,4,14.751,0.032,4,13.282,0.038,4,NA,NA,0,NA,NA,0
165.991408,0.083,-77.288105,0.114,NA,NA,0,NA,NA,0,NA,NA,0,17.885,0.124,1,16.809,0.121,1,15.861,0.13,1,NA,NA,0,NA,NA,0
165.991574,0.106,-77.343167,0.084,13.543,0.075,4,14.717,0.045,4,NA,NA,0,14.189,0.015,4,13.152,0.006,4,12.567,0.019,4,NA,NA,0,NA,NA,0
165.99183,0.12,-77.086421,0.126,13.871,0.07,4,15.14,0.032,4,NA,NA,0,14.571,0.011,4,13.481,0.009,4,12.884,0.036,4,NA,NA,0,NA,NA,0
166.018004,0.373,-77.106588,0.445,16.25,0.064,1,17.569,0.14,1,NA,NA,0,16.915,0.089,3,15.761,0.037,3,15.281,0.14,3,NA,NA,0,NA,NA,0
166.034563,0.263,-77.267277,0.414,NA,NA,0,NA,NA,0,NA,NA,0,18.376,0.19,1,16.745,0.112,1,15.87,0.125,1,NA,NA,0,NA,NA,0
166.041444,0.158,-77.277889,0.262,15.169,0.021,3,16.803,0.074,3,NA,NA,0,16.059,0.039,4,14.442,0.019,4,13.517,0.022,4,NA,NA,0,NA,NA,0
166.059571,0.221,-77.172278,0.166,15.684,0.04,1,17.228,0.105,1,NA,NA,0,16.549,0.069,4,15.102,0.041,4,14.297,0.06,4,NA,NA,0,NA,NA,0
166.060851,0.189,-77.325772,0.131,14.665,0.062,5,16.014,0.054,5,NA,NA,0,15.399,0.03,5,14.254,0.027,5,13.629,0.115,5,NA,NA,0,NA,NA,0
166.063022,0.139,-77.084054,0.13,14.399,0.059,4,15.646,0.116,4,NA,NA,0,15.083,0.026,4,14.033,0.039,4,13.471,0.043,4,NA,NA,0,NA,NA,0
166.070459,0.178,-77.29407,0.161,13.962,0.056,5,16.006,0.11,5,NA,NA,0,15.008,0.032,5,13.161,0.037,5,12.121,0.092,5,NA,NA,0,NA,NA,0
166.083388,0.284,-77.158838,0.224,15.856,0.048,1,17.57,0.131,1,NA,NA,0,16.691,0.106,3,15.148,0.004,3,14.318,0.053,3,NA,NA,0,NA,NA,0
166.084773,0.324,-77.111125,0.35,15.56,0.078,3,16.581,0.123,3,NA,NA,0,16.164,0.11,4,15.267,0.038,4,14.768,0.067,4,NA,NA,0,NA,NA,0
166.086464,0.17,-77.165326,0.178,14.095,0.081,4,15.848,0.072,4,NA,NA,0,14.978,0.033,4,13.467,0.007,4,12.623,0.031,4,NA,NA,0,NA,NA,0
166.094354,0.513,-77.302169,0.355,NA,NA,0,NA,NA,0,NA,NA,0,18.163,0.169,1,16.749,0.124,1,NA,NA,0,NA,NA,0,NA,NA,0
166.10078,0.217,-77.430253,0.263,16.155,0.06,1,17.532,0.139,1,NA,NA,0,16.909,0.056,5,15.242,0.067,5,14.125,0.122,5,NA,NA,0,NA,NA,0
166.105809,0.499,-77.345316,0.361,16.448,0.08,1,18.22,0.246,1,NA,NA,0,17.24,0.172,5,15.64,0.08,5,14.91,0.155,5,NA,NA,0,NA,NA,0
166.108724,0.548,-77.089726,0.216,16.253,0.069,1,18.224,0.238,1,NA,NA,0,17.155,0.049,2,15.589,0.033,2,14.798,0.018,2,NA,NA,0,NA,NA,0
166.110837,0.245,-77.199144,0.182,14.975,0.068,3,16.596,0.045,3,NA,NA,0,15.865,0.017,4,14.47,0.019,4,13.705,0.031,4,NA,NA,0,NA,NA,0
166.115588,0.333,-77.262918,0.169,NA,NA,0,NA,NA,0,NA,NA,0,18.265,0.165,1,17.006,0.131,1,16.059,0.152,1,NA,NA,0,NA,NA,0
166.129636,0.333,-77.124478,0.283,15.125,0.065,4,16.523,0.173,4,NA,NA,0,15.851,0.059,4,14.782,0.012,4,14.239,0.023,4,NA,NA,0,NA,NA,0
166.133074,0.255,-77.247509,0.09,NA,NA,0,NA,NA,0,NA,NA,0,18.251,0.163,1,16.777,0.115,1,15.615,0.107,1,NA,NA,0,NA,NA,0
166.136077,0.161,-77.149263,0.116,17.013,0.126,1,18.464,0.3,1,NA,NA,0,17.632,0.092,1,16.328,0.076,1,16.103,0.155,1,NA,NA,0,NA,NA,0
166.137091,0.198,-77.300994,0.244,15.406,0.007,2,16.924,0.07,2,NA,NA,0,16.135,0.119,7,14.743,0.042,7,13.966,0.144,7,NA,NA,0,NA,NA,0
166.141092,0.268,-77.138747,0.342,16.384,0.074,1,17.863,0.175,1,NA,NA,0,17.275,0.097,2,15.925,0.006,2,15.226,0.004,2,NA,NA,0,NA,NA,0
166.147027,0.2,-77.145185,0.315,NA,NA,0,NA,NA,0,NA,NA,0,18.396,0.188,1,17.709,0.257,1,NA,NA,0,NA,NA,0,NA,NA,0
166.16445,0.276,-77.171537,0.183,NA,NA,0,NA,NA,0,NA,NA,0,18.361,0.181,1,17.448,0.196,1,16.448,0.213,1,NA,NA,0,NA,NA,0
166.171995,0.428,-77.121006,0.411,NA,NA,0,NA,NA,0,NA,NA,0,18.66,0.243,1,16.796,0.128,1,16.102,0.173,1,NA,NA,0,NA,NA,0
166.176498,0.51,-77.317832,0.29,NA,NA,0,NA,NA,0,NA,NA,0,17.655,0.107,4,15.784,0.085,4,15.079,0.118,4,NA,NA,0,NA,NA,0
166.185869,0.082,-77.106678,0.123,13.221,0.06,4,15.09,0.052,4,NA,NA,0,14.196,0.011,4,12.541,0.012,4,11.684,0.018,4,NA,NA,0,NA,NA,0
166.191395,0.503,-77.32993,0.299,16.243,0.059,2,17.704,0.02,2,NA,NA,0,16.904,0.138,6,15.603,0.067,6,14.837,0.186,6,NA,NA,0,NA,NA,0
166.199513,0.424,-77.19222,0.293,16.357,0.076,1,18.005,0.208,1,NA,NA,0,17.255,0.065,4,15.574,0.119,4,14.852,0.149,4,NA,NA,0,NA,NA,0
166.20068,0.047,-77.124705,0.009,NA,NA,0,NA,NA,0,NA,NA,0,18.612,0.242,1,16.629,0.104,1,16.119,0.162,1,NA,NA,0,NA,NA,0
166.204243,0.196,-77.273967,0.158,13.001,0.074,7,15.634,0.096,7,NA,NA,0,14.327,0.029,7,11.804,0.042,7,NA,NA,0,NA,NA,0,NA,NA,0
166.220774,0.405,-77.319861,0.28,NA,NA,0,NA,NA,0,NA,NA,0,18.234,0.163,1,16.816,0.117,1,16.154,0.165,1,NA,NA,0,NA,NA,0
166.226489,0.687,-77.1844,0.329,NA,NA,0,NA,NA,0,NA,NA,0,18.169,0.197,2,16.828,0.029,2,16.129,0.156,1,NA,NA,0,NA,NA,0
166.228426,0.208,-77.152338,0.161,15.072,0.071,6,16.256,0.058,6,NA,NA,0,15.723,0.057,7,14.71,0.041,7,14.157,0.165,7,NA,NA,0,NA,NA,0
166.289055,0.191,-77.116118,0.156,13.759,0.057,7,15.626,0.06,7,NA,NA,0,14.735,0.015,7,13.095,0.049,7,12.335,0.115,7,NA,NA,0,NA,NA,0
166.310749,0.222,-77.191463,0.223,NA,NA,0,NA,NA,0,NA,NA,0,17.735,0.157,2,15.778,0.159,2,14.014,0.113,2,NA,NA,0,NA,NA,0
166.325105,0.171,-77.115773,0.146,13.994,0.046,7,16.066,0.115,7,NA,NA,0,15.067,0.018,7,13.193,0.044,7,12.24,0.092,7,NA,NA,0,NA,NA,0
166.338631,0.749,-77.3419,0.376,16.95,0.126,1,18.387,0.295,1,NA,NA,0,17.706,0.054,3,16.673,0.089,3,15.978,0.068,2,NA,NA,0,NA,NA,0
166.367603,0.653,-77.116574,0.39,NA,NA,0,NA,NA,0,NA,NA,0,17.786,0.248,2,16.664,0.089,2,16.056,0.154,1,NA,NA,0,NA,NA,0
166.394201,0.365,-77.130263,0.219,16.676,0.127,2,18.01,0.068,2,NA,NA,0,17.438,0.038,3,16.03,0.093,3,15.397,0.319,3,NA,NA,0,NA,NA,0
166.428626,0.5,-77.447647,0.212,NA,NA,0,NA,NA,0,NA,NA,0,18.165,0.018,2,16.332,0.067,2,14.319,0.066,2,NA,NA,0,NA,NA,0
166.461337,0.287,-77.207721,0.039,NA,NA,0,NA,NA,0,NA,NA,0,18.021,0.154,1,16.946,0.19,1,NA,NA,0,NA,NA,0,NA,NA,0
166.47688,0.466,-77.13364,0.337,NA,NA,0,NA,NA,0,NA,NA,0,17.917,0.098,2,16.857,0.135,2,16.286,0.199,1,NA,NA,0,NA,NA,0
166.479954,0.562,-77.179435,0.27,16.825,0.108,1,18.026,0.203,1,NA,NA,0,17.437,0.176,4,16.246,0.185,4,15.537,0.057,4,NA,NA,0,NA,NA,0
166.48336,0.761,-77.201844,0.289,NA,NA,0,NA,NA,0,NA,NA,0,17.505,0.105,4,16.008,0.145,4,15.356,0.219,4,NA,NA,0,NA,NA,0
166.491889,0.277,-77.150435,0.227,15.612,0.087,5,16.841,0.201,5,NA,NA,0,16.27,0.055,7,15.202,0.074,7,14.646,0.125,7,NA,NA,0,NA,NA,0
166.499047,0.215,-77.137882,0.062,NA,NA,0,NA,NA,0,NA,NA,0,18.988,0.308,1,17.051,0.151,1,16.259,0.188,1,NA,NA,0,NA,NA,0
166.563872,0.339,-77.365983,1.222,11.318,0.003,1,12.743,0.007,1,NA,NA,0,12.106,0.034,4,10.699,0.036,3,9.897,0.01,1,9.27,0.008,1,NA,NA,0
166.56938,0.421,-77.174047,0.268,NA,NA,0,NA,NA,0,NA,NA,0,17.823,0.025,2,16.411,0.015,2,15.663,0.007,2,NA,NA,0,NA,NA,0
166.593066,0.11,-77.183287,0.206,NA,NA,0,NA,NA,0,NA,NA,0,18.207,0.16,1,16.669,0.104,1,NA,NA,0,NA,NA,0,NA,NA,0
166.61746,0.289,-77.172908,0.365,NA,NA,0,NA,NA,0,NA,NA,0,18.087,0.233,2,16.428,0.073,2,15.498,0.237,2,NA,NA,0,NA,NA,0
166.623722,0.582,-77.200232,0.321,NA,NA,0,NA,NA,0,NA,NA,0,17.2,0.086,6,15.559,0.079,6,14.659,0.122,6,NA,NA,0,NA,NA,0
166.658368,0.404,-77.160778,0.251,16.087,0.025,2,17.834,0.038,2,NA,NA,0,16.983,0.073,6,15.448,0.058,6,14.645,0.093,6,NA,NA,0,NA,NA,0
166.668935,0.583,-77.186874,0.315,NA,NA,0,NA,NA,0,NA,NA,0,18.272,0.033,2,16.864,0.084,2,15.832,0.017,2,NA,NA,0,NA,NA,0
166.680846,0.421,-77.442905,0.215,15.942,0.05,1,17.82,0.181,1,NA,NA,0,17.036,0.074,4,15.063,0.047,4,13.696,0.049,4,NA,NA,0,NA,NA,0
166.685885,0.425,-77.208857,0.288,15.805,0.074,2,17.053,0.243,2,NA,NA,0,16.589,0.056,7,15.288,0.043,7,14.597,0.119,7,NA,NA,0,NA,NA,0
166.687676,0.324,-77.450658,0.406,14.425,0.651,6,16.305,0.748,6,NA,NA,0,15.635,0.796,7,13.825,0.641,7,12.662,0.684,7,11.9,0.065,1,NA,NA,0
166.688465,0.115,-77.308861,0.122,11.755,0.049,7,13.026,0.038,7,NA,NA,0,12.448,0.006,7,11.286,0.038,7,10.927,0.109,8,10.76,0.023,1,NA,NA,0
166.718317,0.373,-77.202843,0.3,NA,NA,0,NA,NA,0,NA,NA,0,18.448,0.31,2,16.994,0.055,2,16.171,0.167,1,NA,NA,0,NA,NA,0
166.723865,0.253,-77.186042,0.189,NA,NA,0,NA,NA,0,NA,NA,0,18.375,0.188,1,16.872,0.126,1,16.111,0.161,1,NA,NA,0,NA,NA,0
166.743993,0.21,-77.225686,0.133,12.936,0.052,7,15.34,0.057,7,NA,NA,0,14.159,0.025,7,11.954,0.077,7,10.553,0.068,8,9.677,0.011,1,NA,NA,0
166.745733,0.276,-77.314832,0.195,15.541,0.308,4,16.825,0.353,4,NA,NA,0,16.469,0.387,7,15.069,0.168,7,13.724,0.154,7,NA,NA,0,NA,NA,0
166.791371,0.167,-77.237892,0.304,NA,NA,0,NA,NA,0,NA,NA,0,18.284,0.169,1,16.562,0.096,1,16.041,0.161,1,NA,NA,0,NA,NA,0
166.818772,0.21,-77.439319,0.185,15.028,0.041,2,17.805,0.102,2,NA,NA,0,16.426,0.064,7,13.825,0.05,7,12.246,0.085,7,11.205,0.037,1,NA,NA,0
166.820063,0.53,-77.2204,0.379,16.859,0.021,2,17.672,0.045,2,NA,NA,0,17.446,0.074,3,16.231,0.034,3,15.654,0.134,3,NA,NA,0,NA,NA,0
166.834728,0.362,-77.494535,0.287,16.131,0.061,1,17.694,0.161,1,NA,NA,0,16.934,0.115,7,15.578,0.087,7,13.808,0.086,6,NA,NA,0,NA,NA,0
166.874189,0.625,-77.41705,0.528,16.554,0.085,1,18.037,0.214,1,NA,NA,0,17.382,0.167,4,15.933,0.083,4,14.971,0.056,4,NA,NA,0,NA,NA,0
166.886601,0.29,-77.474215,0.244,15.842,0.046,1,17.49,0.136,1,NA,NA,0,16.681,0.13,5,15.208,0.048,5,13.936,0.106,5,NA,NA,0,NA,NA,0
166.982573,0.156,-77.457142,0.133,13.348,0.092,7,15.218,0.093,7,NA,NA,0,14.372,0.066,7,12.556,0.057,7,11.592,0.102,7,10.948,0.029,1,NA,NA,0
