radeg,raerr("),decdeg,decerr("),Johnson_V (V),Verr,Vnobs,Johnson_B (B),Berr,Bnobs,Sloan_u (SU),SUerr,SUnobs,Sloan_g (SG),SGerr,SGnobs,Sloan_r (SR),SRerr,SRnobs,Sloan_i (SI),SIerr,SInobs,Sloan_z (SZ),SZerr,SZnobs,PanSTARRS_Y (Y),Yerr,Ynobs
84.629407,0.553,-2.508781,0.374,16.538,0.121,5,17.731,0.137,5,NA,NA,0,17.053,0.076,5,16.061,0.058,5,15.67,0.087,5,NA,NA,0,NA,NA,0
84.636188,0.293,-2.521079,0.222,14.294,0.022,5,15.196,0.052,5,NA,NA,0,14.726,0.023,5,14.014,0.013,5,13.744,0.017,5,13.936,0.245,1,NA,NA,0
84.639052,0.266,-2.510302,0.506,15.446,0.043,5,16.537,0.089,5,NA,NA,0,15.939,0.029,5,15.054,0.041,5,14.719,0.076,5,NA,NA,0,NA,NA,0
84.643505,0.146,-2.479887,0.156,11.268,0.012,5,11.466,0.016,5,NA,NA,0,11.317,0.02,5,11.256,0.012,5,11.328,0.008,5,11.313,0.07,3,NA,NA,0
84.643946,0.306,-2.571046,0.178,8.011,0.071,3,8.016,0.108,3,NA,NA,0,7.972,0.063,2,8.204,0.016,2,8.464,0.043,2,8.512,0.081,3,NA,NA,0
84.64447,0.95,-2.450179,0.251,17.774,0.229,1,18.451,0.311,1,NA,NA,0,18.143,0.061,4,17.438,0.219,4,NA,NA,0,NA,NA,0,NA,NA,0
84.646014,0.51,-2.498816,0.388,14.064,0.029,5,14.951,0.036,5,NA,NA,0,14.451,0.023,5,13.746,0.028,5,13.471,0.023,5,13.28,0.205,1,NA,NA,0
84.64691,0.496,-2.46836,0.604,NA,NA,0,NA,NA,0,NA,NA,0,18.14,0.101,2,17.75,0.276,2,NA,NA,0,NA,NA,0,NA,NA,0
84.647285,0.206,-2.525702,0.735,16.851,0.198,2,18.082,0.215,2,NA,NA,0,NA,NA,0,NA,NA,0,NA,NA,0,NA,NA,0,NA,NA,0
84.647367,0.356,-2.50132,0.356,14.008,0.024,5,14.852,0.037,5,NA,NA,0,14.396,0.011,5,13.701,0.015,5,13.406,0.011,5,13.083,0.123,1,NA,NA,0
84.648764,0.645,-2.437491,0.342,17.1,0.151,5,18.018,0.207,5,NA,NA,0,17.572,0.16,5,16.786,0.068,5,16.458,0.233,5,NA,NA,0,NA,NA,0
84.649501,0.337,-2.512027,0.195,13.947,0.031,5,15.156,0.029,5,NA,NA,0,14.545,0.033,5,13.453,0.034,5,12.935,0.029,5,12.545,0.055,2,NA,NA,0
84.65214,0.776,-2.553439,0.456,7.88,0.012,4,7.788,0.04,4,NA,NA,0,7.761,0.032,3,8.064,0.04,3,8.361,0.054,3,8.49,0.058,4,NA,NA,0
84.653348,0.303,-2.412304,0.167,15.875,0.06,5,16.664,0.072,5,NA,NA,0,16.239,0.016,5,15.585,0.051,5,15.319,0.045,5,NA,NA,0,NA,NA,0
84.65475,0.526,-2.450488,0.264,NA,NA,0,NA,NA,0,NA,NA,0,18.449,0.141,4,17.269,0.09,4,NA,NA,0,NA,NA,0,NA,NA,0
84.658146,0.614,-2.522293,0.275,NA,NA,0,NA,NA,0,NA,NA,0,18.74,0.407,1,17.674,0.257,1,NA,NA,0,NA,NA,0,NA,NA,0
84.660669,0.259,-2.445776,0.203,14.663,0.012,5,15.852,0.071,5,NA,NA,0,15.26,0.012,5,14.223,0.009,5,13.787,0.016,5,13.608,0.189,1,NA,NA,0
84.665241,0.26,-2.447227,0.263,13.149,0.008,5,14.143,0.018,5,NA,NA,0,13.636,0.015,5,12.772,0.003,5,12.468,0.018,5,12.293,0.064,3,NA,NA,0
84.665296,0.457,-2.517132,0.689,17.474,0.195,3,18.046,0.071,3,NA,NA,0,17.694,0.083,5,17.355,0.094,5,NA,NA,0,NA,NA,0,NA,NA,0
84.66772,0.735,-2.505161,0.504,15.073,0.397,5,16.576,0.507,5,NA,NA,0,15.742,0.436,5,14.478,0.374,5,13.75,0.327,5,13.64,0.474,2,NA,NA,0
84.672577,0.415,-2.475553,0.354,NA,NA,0,NA,NA,0,NA,NA,0,18.327,0.078,2,17.359,0.018,2,NA,NA,0,NA,NA,0,NA,NA,0
84.67305,0.321,-2.49145,0.209,NA,NA,0,NA,NA,0,NA,NA,0,18.191,0.025,2,17.238,0.068,2,16.996,0.311,1,NA,NA,0,NA,NA,0
84.673209,0.736,-2.409833,0.344,17.506,0.21,1,17.948,0.223,1,NA,NA,0,17.757,0.074,5,17.104,0.135,5,NA,NA,0,NA,NA,0,NA,NA,0
84.673344,0.566,-2.508053,0.246,NA,NA,0,NA,NA,0,NA,NA,0,17.745,0.145,5,16.39,0.072,5,15.133,0.07,5,NA,NA,0,NA,NA,0
84.675981,0.541,-2.413703,0.326,17.059,0.072,5,18.006,0.266,5,NA,NA,0,17.455,0.071,5,16.484,0.088,5,16.063,0.11,5,NA,NA,0,NA,NA,0
84.676636,0.199,-2.452776,0.153,15.331,0.041,5,16.295,0.043,5,NA,NA,0,15.834,0.019,5,14.977,0.021,5,14.665,0.061,5,NA,NA,0,NA,NA,0
84.677033,0.605,-2.376062,0.361,NA,NA,0,NA,NA,0,NA,NA,0,17.662,0.098,5,16.954,0.174,5,NA,NA,0,NA,NA,0,NA,NA,0
84.682815,0.634,-2.675716,0.488,15.388,0.044,4,16.584,0.094,4,NA,NA,0,15.918,0.042,3,14.954,0.03,3,14.322,0.048,3,NA,NA,0,NA,NA,0
84.684349,0.379,-2.672145,0.507,13.909,0.064,4,15.176,0.088,4,NA,NA,0,14.617,0.008,2,13.457,0.004,2,12.907,0.008,2,12.39,0.125,2,NA,NA,0
84.686847,0.503,-2.599973,0.415,5.677,0.042,2,5.719,0.083,2,NA,NA,0,6.436,0.122,2,5.707,0.001,2,4.75,0.085,2,4.613,0.095,2,NA,NA,0
84.688352,0.65,-2.448498,0.271,NA,NA,0,NA,NA,0,NA,NA,0,18.318,0.206,3,17.587,0.213,3,NA,NA,0,NA,NA,0,NA,NA,0
84.688652,0.674,-2.474412,0.293,17.126,0.151,3,18.251,0.035,3,NA,NA,0,17.832,0.124,5,16.677,0.037,5,16.257,0.157,5,NA,NA,0,NA,NA,0
84.688656,0.836,-2.381999,0.423,17.474,0.158,1,18.122,0.229,1,NA,NA,0,17.858,0.111,4,17.277,0.252,4,16.514,0.187,1,NA,NA,0,NA,NA,0
84.689081,0.237,-2.699812,0.16,15.455,0.072,6,16.748,0.142,6,NA,NA,0,16.159,0.112,7,14.866,0.094,7,13.974,0.06,7,NA,NA,0,NA,NA,0
84.689183,0.353,-2.491698,0.696,NA,NA,0,NA,NA,0,NA,NA,0,18.09,0.087,2,17.649,0.088,2,NA,NA,0,NA,NA,0,NA,NA,0
84.690219,0.402,-2.343259,0.287,NA,NA,0,NA,NA,0,NA,NA,0,17.951,0.125,5,16.554,0.072,5,15.973,0.104,5,NA,NA,0,NA,NA,0
84.693252,0.436,-2.705463,0.462,NA,NA,0,NA,NA,0,NA,NA,0,18.446,0.222,1,17.833,0.246,1,NA,NA,0,NA,NA,0,NA,NA,0
84.694315,0.297,-2.33813,0.536,NA,NA,0,NA,NA,0,NA,NA,0,18.021,0.122,3,17.266,0.262,3,17.113,0.33,1,NA,NA,0,NA,NA,0
84.694838,0.412,-2.390866,0.314,17.122,0.063,4,17.956,0.218,4,NA,NA,0,17.736,0.033,5,16.757,0.074,5,16.453,0.119,3,NA,NA,0,NA,NA,0
84.695085,0.656,-2.520423,0.343,16.78,0.128,4,17.627,0.067,4,NA,NA,0,17.186,0.048,5,16.4,0.072,5,15.929,0.093,5,NA,NA,0,NA,NA,0
84.695163,0.311,-2.410945,0.24,NA,NA,0,NA,NA,0,NA,NA,0,18.247,0.158,1,17.357,0.157,1,NA,NA,0,NA,NA,0,NA,NA,0
84.696515,0.364,-2.59454,0.157,6.715,0.022,2,6.565,0.012,2,NA,NA,0,6.813,0.065,2,6.88,0.028,2,7.126,0.067,2,7.319,0.094,2,NA,NA,0
84.699358,0.275,-2.415302,0.188,13.421,0.008,5,14.054,0.022,5,NA,NA,0,13.71,0.019,5,13.217,0.015,5,13.017,0.014,5,13.046,0.059,2,NA,NA,0
84.699967,0.617,-2.423325,0.381,NA,NA,0,NA,NA,0,NA,NA,0,18.143,0.093,4,17.07,0.1,4,16.234,0.154,1,NA,NA,0,NA,NA,0
84.700108,0.239,-2.453911,0.236,13.291,0.189,5,14.526,0.207,5,NA,NA,0,13.868,0.204,5,12.797,0.178,5,12.143,0.162,5,11.547,0.073,3,NA,NA,0
84.70033,0.395,-2.70203,0.171,15.482,0.107,7,16.516,0.063,7,NA,NA,0,15.926,0.097,7,14.98,0.106,7,14.555,0.112,7,NA,NA,0,NA,NA,0
84.702599,0.696,-2.707583,0.401,18.109,0.451,1,18.025,0.289,1,NA,NA,0,18.111,0.17,5,17.42,0.165,5,NA,NA,0,NA,NA,0,NA,NA,0
84.703135,0.216,-2.49519,0.137,16.02,0.081,5,16.974,0.059,5,NA,NA,0,16.457,0.041,5,15.698,0.057,5,15.386,0.082,5,NA,NA,0,NA,NA,0
84.704114,0.312,-2.486591,0.171,15.34,0.026,5,16.16,0.041,5,NA,NA,0,15.746,0.014,5,15.041,0.019,5,14.755,0.054,5,NA,NA,0,NA,NA,0
84.70528,1.262,-2.690281,0.378,15.912,0.043,4,17.532,0.085,4,NA,NA,0,16.565,0.102,5,15.271,0.096,5,13.837,0.105,4,NA,NA,0,NA,NA,0
84.705968,0.243,-2.667473,0.243,15.289,0.055,5,16.156,0.015,5,NA,NA,0,15.723,0.016,4,15.035,0.045,4,14.653,0.049,4,NA,NA,0,NA,NA,0
84.707758,0.37,-2.349654,0.201,16.605,0.066,5,17.526,0.053,5,NA,NA,0,17.079,0.063,5,16.277,0.047,5,16.025,0.155,5,NA,NA,0,NA,NA,0
84.707971,0.618,-2.341573,0.287,17.24,0.004,2,18.029,0.022,2,NA,NA,0,17.707,0.115,5,16.807,0.07,5,16.328,0.088,4,NA,NA,0,NA,NA,0
84.708084,0.426,-2.689714,0.382,NA,NA,0,NA,NA,0,NA,NA,0,17.283,0.175,4,15.938,0.14,4,14.512,0.108,2,NA,NA,0,NA,NA,0
84.70989,0.325,-2.446575,0.174,NA,NA,0,NA,NA,0,NA,NA,0,17.507,0.058,5,16.185,0.063,5,14.835,0.073,5,NA,NA,0,NA,NA,0
84.709974,0.429,-2.403132,0.012,NA,NA,0,NA,NA,0,NA,NA,0,18.769,0.248,1,17.787,0.225,1,NA,NA,0,NA,NA,0,NA,NA,0
84.712564,0.592,-2.462668,0.436,NA,NA,0,NA,NA,0,NA,NA,0,18.957,0.036,2,16.896,0.006,2,15.958,0.046,2,NA,NA,0,NA,NA,0
84.713338,0.229,-2.520322,0.097,NA,NA,0,NA,NA,0,NA,NA,0,18.081,0.035,2,17.02,0.131,2,NA,NA,0,NA,NA,0,NA,NA,0
84.71404,0.589,-2.540708,0.283,16.402,0.11,2,17.497,0.282,2,NA,NA,0,NA,NA,0,NA,NA,0,NA,NA,0,NA,NA,0,NA,NA,0
84.714725,0.711,-2.404,0.419,NA,NA,0,NA,NA,0,NA,NA,0,18.546,0.223,4,17.071,0.064,4,16.538,0.062,2,NA,NA,0,NA,NA,0
84.71536,0.343,-2.488874,0.343,17.055,0.107,3,17.951,0.11,3,NA,NA,0,17.52,0.082,5,16.663,0.093,5,16.321,0.193,5,NA,NA,0,NA,NA,0
84.717698,0.344,-2.440098,0.191,15.72,0.097,5,16.779,0.1,5,NA,NA,0,16.271,0.04,5,15.436,0.037,5,15.06,0.097,5,NA,NA,0,NA,NA,0
84.71826,0.354,-2.310954,0.303,16.33,0.061,5,17.689,0.13,5,NA,NA,0,17.088,0.062,5,15.685,0.026,5,15.064,0.067,5,NA,NA,0,NA,NA,0
84.719197,0.442,-2.701671,0.4,16.601,0.105,6,17.642,0.122,6,NA,NA,0,17.119,0.174,7,15.932,0.126,7,15.479,0.16,7,NA,NA,0,NA,NA,0
84.719539,0.171,-2.332481,0.117,15.197,0.023,5,16.011,0.031,5,NA,NA,0,15.566,0.021,5,14.875,0.007,5,14.562,0.034,5,NA,NA,0,NA,NA,0
84.719719,0.214,-2.32397,0.222,15.519,0.031,5,16.528,0.063,5,NA,NA,0,16.036,0.047,5,15.226,0.044,5,14.912,0.057,5,NA,NA,0,NA,NA,0
84.720298,0.206,-2.720641,0.194,15.588,0.094,7,16.522,0.065,7,NA,NA,0,15.964,0.116,7,15.122,0.099,7,14.812,0.088,7,NA,NA,0,NA,NA,0
84.721549,0.268,-2.731361,0.244,15.784,0.129,7,17.334,0.159,7,NA,NA,0,16.452,0.192,7,15.1,0.163,7,14.184,0.157,7,NA,NA,0,NA,NA,0
84.722532,0.374,-2.341898,0.217,17.066,0.16,1,18.226,0.314,1,NA,NA,0,17.806,0.122,5,16.424,0.082,5,15.618,0.099,5,NA,NA,0,NA,NA,0
84.724102,0.362,-2.371614,0.255,16.498,0.057,5,17.458,0.143,5,NA,NA,0,17.005,0.081,5,16.195,0.046,5,15.73,0.122,5,NA,NA,0,NA,NA,0
84.724133,0.277,-2.696984,0.506,NA,NA,0,NA,NA,0,NA,NA,0,18.49,0.401,2,17.35,0.093,2,NA,NA,0,NA,NA,0,NA,NA,0
84.726138,0.263,-2.35917,0.175,15.553,0.023,5,16.441,0.065,5,NA,NA,0,15.991,0.025,5,15.204,0.023,5,14.821,0.018,5,NA,NA,0,NA,NA,0
84.730913,0.393,-2.396209,0.234,NA,NA,0,NA,NA,0,NA,NA,0,18.497,0.161,2,17.696,0.042,2,NA,NA,0,NA,NA,0,NA,NA,0
84.73113,0.637,-2.466858,0.37,17.137,0.142,5,18.197,0.263,5,NA,NA,0,17.597,0.082,5,16.598,0.12,5,16.211,0.233,5,NA,NA,0,NA,NA,0
84.731325,0.333,-2.691513,0.332,16.128,0.035,6,17.892,0.281,6,NA,NA,0,16.908,0.062,6,15.572,0.031,6,14.262,0.07,6,NA,NA,0,NA,NA,0
84.731841,0.37,-2.321852,0.364,16.871,0.131,5,17.957,0.246,5,NA,NA,0,17.286,0.085,5,16.534,0.063,5,16.21,0.176,5,NA,NA,0,NA,NA,0
84.73428,0.445,-2.520887,0.243,NA,NA,0,NA,NA,0,NA,NA,0,16.723,0.047,3,15.543,0.004,3,14.99,0.027,3,NA,NA,0,NA,NA,0
84.735171,0.536,-2.31281,0.315,16.63,0.107,5,17.967,0.291,5,NA,NA,0,17.377,0.044,5,16.118,0.059,5,15.584,0.058,5,NA,NA,0,NA,NA,0
84.736153,0.607,-2.305647,0.449,17.135,0.076,5,17.852,0.236,5,NA,NA,0,17.582,0.141,5,16.81,0.066,5,16.312,0.073,4,NA,NA,0,NA,NA,0
84.736469,0.237,-2.706403,0.16,NA,NA,0,NA,NA,0,NA,NA,0,18.836,0.297,1,17.539,0.2,1,NA,NA,0,NA,NA,0,NA,NA,0
84.736663,0.484,-2.300858,0.272,16.771,0.124,5,17.921,0.148,5,NA,NA,0,17.352,0.042,5,16.364,0.086,5,15.834,0.121,5,NA,NA,0,NA,NA,0
84.736926,0.666,-2.444907,0.573,NA,NA,0,NA,NA,0,NA,NA,0,17.83,0.087,5,17.029,0.062,5,16.638,0.277,1,NA,NA,0,NA,NA,0
84.737512,0.22,-2.523811,0.18,12.908,0.008,5,13.607,0.014,5,NA,NA,0,13.237,0.026,5,12.691,0.012,5,12.516,0.018,5,12.39,0.167,3,NA,NA,0
84.737606,0.312,-2.715878,0.38,16.651,0.161,7,17.579,0.113,7,NA,NA,0,17.129,0.051,7,16.256,0.113,7,15.78,0.106,7,NA,NA,0,NA,NA,0
84.740494,0.358,-2.495374,0.2,16.646,0.013,2,17.894,0.124,2,NA,NA,0,17.271,0.061,5,16.382,0.061,5,15.887,0.106,5,NA,NA,0,NA,NA,0
84.741651,0.551,-2.736046,0.517,NA,NA,0,NA,NA,0,NA,NA,0,18.783,0.034,2,17.359,0.263,1,16.37,0.303,1,NA,NA,0,NA,NA,0
84.742734,0.352,-2.690507,0.203,15.996,0.069,6,17.035,0.1,6,NA,NA,0,16.558,0.056,6,15.579,0.063,6,15.208,0.063,6,NA,NA,0,NA,NA,0
84.742934,0.663,-2.536149,0.192,NA,NA,0,NA,NA,0,NA,NA,0,18.031,0.239,1,17.073,0.202,1,NA,NA,0,NA,NA,0,NA,NA,0
84.744085,0.326,-2.48419,0.263,16.673,0.056,3,17.811,0.196,3,NA,NA,0,17.29,0.095,5,16.084,0.066,5,15.494,0.11,5,NA,NA,0,NA,NA,0
84.746264,0.432,-2.669414,0.471,16.77,0.055,3,17.381,0.068,3,NA,NA,0,17.073,0.065,2,16.446,0.01,2,16.263,0.15,2,NA,NA,0,NA,NA,0
84.746353,0.287,-2.429154,0.23,15.409,0.019,5,16.495,0.039,5,NA,NA,0,15.929,0.023,5,15,0.017,5,14.612,0.047,5,NA,NA,0,NA,NA,0
84.746778,0.409,-2.500546,0.331,16.911,0.193,2,18.234,0.17,2,NA,NA,0,17.446,0.039,5,16.244,0.043,5,15.725,0.21,5,NA,NA,0,NA,NA,0
84.747729,0.154,-2.7054,0.186,14.013,0.079,7,14.843,0.067,7,NA,NA,0,14.325,0.113,7,13.615,0.112,7,13.314,0.096,7,13.543,0.089,2,NA,NA,0
84.748141,0.167,-2.75223,0.2,12.444,0.089,7,13.047,0.055,7,NA,NA,0,12.62,0.115,7,12.174,0.132,7,12.064,0.101,7,12.111,0.14,3,NA,NA,0
84.750361,0.254,-2.310621,0.205,13.761,0.021,5,14.678,0.016,5,NA,NA,0,14.227,0.018,5,13.43,0.012,5,13.083,0.016,5,12.753,0.074,2,NA,NA,0
84.750905,0.057,-2.315715,0.163,NA,NA,0,NA,NA,0,NA,NA,0,18.47,0.193,1,17.313,0.156,1,NA,NA,0,NA,NA,0,NA,NA,0
84.752276,0.375,-2.741551,0.359,16.876,0.135,7,17.77,0.14,7,NA,NA,0,17.242,0.113,7,16.322,0.125,7,16.032,0.165,7,NA,NA,0,NA,NA,0
84.75338,0.56,-2.625559,0.302,16.561,0.059,5,18.14,0.268,5,NA,NA,0,17.241,0.121,1,15.937,0.076,1,15.428,0.115,1,NA,NA,0,NA,NA,0
84.754611,0.652,-2.435842,0.3,16.904,0.142,1,18.033,0.255,1,NA,NA,0,17.813,0.179,5,16.471,0.03,5,16.164,0.146,5,NA,NA,0,NA,NA,0
84.755122,0.282,-2.727713,0.229,14.233,0.075,7,15.37,0.098,7,NA,NA,0,14.69,0.107,7,13.72,0.116,7,13.423,0.098,7,13.243,0.081,2,NA,NA,0
84.755721,0.183,-2.307626,0.203,15.08,0.069,5,16.555,0.108,5,NA,NA,0,15.854,0.06,5,14.419,0.037,5,13.633,0.048,5,13.01,0.116,1,NA,NA,0
84.756037,0.283,-2.298795,0.183,15.88,0.051,5,16.859,0.048,5,NA,NA,0,16.397,0.039,5,15.54,0.026,5,15.171,0.014,5,NA,NA,0,NA,NA,0
84.756156,0.388,-2.648967,0.204,8.047,0.01,3,7.974,0.03,3,NA,NA,0,7.915,0.053,3,8.2,0.046,3,8.473,0.056,3,8.597,0.062,3,NA,NA,0
84.761557,0.296,-2.49883,0.236,17.18,0.129,1,18.272,0.266,1,NA,NA,0,17.864,0.127,5,16.454,0.085,5,14.955,0.084,5,NA,NA,0,NA,NA,0
84.761641,0.534,-2.689627,0.67,15.439,0.037,6,16.689,0.117,6,NA,NA,0,16.04,0.051,6,14.935,0.03,6,14.32,0.152,6,NA,NA,0,NA,NA,0
84.76203,0.511,-2.391068,0.398,NA,NA,0,NA,NA,0,NA,NA,0,18.076,0.063,5,17.117,0.159,5,16.377,0.083,3,NA,NA,0,NA,NA,0
84.762597,0.206,-2.357589,0.229,14.001,0.013,5,14.947,0.031,5,NA,NA,0,14.464,0.023,5,13.653,0.013,5,13.286,0.011,5,13.037,0.084,2,NA,NA,0
84.763327,0.264,-2.759091,0.297,15.021,0.111,7,15.837,0.074,7,NA,NA,0,15.318,0.114,7,14.598,0.121,7,14.291,0.114,7,NA,NA,0,NA,NA,0
84.763407,0.293,-2.695662,0.214,15.964,0.08,6,16.908,0.058,6,NA,NA,0,16.414,0.068,6,15.588,0.054,6,15.248,0.071,6,NA,NA,0,NA,NA,0
84.76425,0.268,-2.62453,0.282,15.306,0.033,5,16.305,0.073,5,NA,NA,0,15.766,0.029,5,14.973,0.029,5,14.62,0.025,5,NA,NA,0,NA,NA,0
84.766824,0.475,-2.425832,0.759,NA,NA,0,NA,NA,0,NA,NA,0,18.513,0.144,3,17.484,0.085,3,16.418,0.198,1,NA,NA,0,NA,NA,0
84.767722,0.437,-2.720596,0.384,16.686,0.166,7,17.593,0.154,7,NA,NA,0,17.087,0.11,7,16.283,0.152,7,16.007,0.221,7,NA,NA,0,NA,NA,0
84.767876,0.671,-2.697079,0.193,15.664,0.052,6,16.73,0.089,6,NA,NA,0,16.226,0.046,6,15.307,0.105,6,14.813,0.076,6,NA,NA,0,NA,NA,0
84.769805,0.326,-2.285625,0.321,13.903,0.016,5,14.794,0.018,5,NA,NA,0,14.36,0.024,5,13.602,0.012,5,13.295,0.02,5,13.151,0.119,2,NA,NA,0
84.770085,0.455,-2.280908,0.359,16.759,0.088,3,17.667,0.126,3,NA,NA,0,17.242,0.049,5,16.379,0.105,5,15.976,0.18,5,NA,NA,0,NA,NA,0
84.771066,0.337,-2.492788,0.253,16.458,0.027,5,17.407,0.077,5,NA,NA,0,16.901,0.089,5,16.061,0.04,5,15.603,0.052,5,NA,NA,0,NA,NA,0
84.77141,0.537,-2.414972,0.414,NA,NA,0,NA,NA,0,NA,NA,0,18.12,0.137,5,16.94,0.125,5,16.73,0.232,1,NA,NA,0,NA,NA,0
84.772128,0.404,-2.550055,0.524,NA,NA,0,NA,NA,0,NA,NA,0,18.469,0.284,1,16.893,0.156,1,15.516,0.128,1,NA,NA,0,NA,NA,0
84.772438,0.206,-2.296283,0.388,13.927,0.019,5,14.959,0.01,5,NA,NA,0,14.424,0.018,5,13.584,0.015,5,13.228,0.012,5,13.019,0.093,2,NA,NA,0
84.772548,0.347,-2.541751,0.271,14.459,0.026,5,15.816,0.042,5,NA,NA,0,15.16,0.03,5,13.871,0.027,5,13.252,0.025,5,12.685,0.113,3,NA,NA,0
84.773233,0.301,-2.596531,0.425,NA,NA,0,NA,NA,0,NA,NA,0,17.789,0.137,5,16.786,0.057,5,16.388,0.216,3,NA,NA,0,NA,NA,0
84.773825,0.404,-2.706886,0.422,NA,NA,0,NA,NA,0,NA,NA,0,18.111,0.24,4,17.512,0.209,4,NA,NA,0,NA,NA,0,NA,NA,0
84.774247,0.533,-2.738057,0.518,17.331,0.186,5,18.019,0.211,5,NA,NA,0,17.732,0.181,6,16.911,0.125,6,16.411,0.167,6,NA,NA,0,NA,NA,0
84.775667,0.288,-2.764274,0.34,16.081,0.107,7,16.881,0.101,7,NA,NA,0,16.387,0.117,7,15.65,0.145,7,15.349,0.143,7,NA,NA,0,NA,NA,0
84.77595,0.507,-2.563529,0.362,16.704,0.081,1,17.885,0.187,1,NA,NA,0,17.474,0.16,5,16.525,0.076,5,16.028,0.123,5,NA,NA,0,NA,NA,0
84.776764,0.557,-2.375621,0.375,NA,NA,0,NA,NA,0,NA,NA,0,18.162,0.044,4,16.97,0.18,4,16.421,0.064,3,NA,NA,0,NA,NA,0
84.77682,0.366,-2.399079,0.363,NA,NA,0,NA,NA,0,NA,NA,0,17.951,0.145,5,17.027,0.133,5,16.48,0.223,3,NA,NA,0,NA,NA,0
84.777678,0.467,-2.635576,0.333,16.117,0.036,5,17.162,0.1,5,NA,NA,0,16.661,0.045,4,15.75,0.03,4,15.366,0.074,4,NA,NA,0,NA,NA,0
84.778119,0.074,-2.580826,0.999,NA,NA,0,NA,NA,0,NA,NA,0,17.948,0.15,1,17.1,0.123,1,NA,NA,0,NA,NA,0,NA,NA,0
84.778394,0.375,-2.273087,0.287,16.563,0.122,5,17.552,0.098,5,NA,NA,0,16.991,0.03,5,16.232,0.102,5,15.976,0.103,5,NA,NA,0,NA,NA,0
84.778452,0.219,-2.295264,0.147,14.649,0.016,5,15.681,0.045,5,NA,NA,0,15.166,0.022,5,14.299,0.008,5,13.927,0.019,5,NA,NA,0,NA,NA,0
84.778498,0.508,-2.621561,0.413,17.308,0.175,2,18.235,0.005,2,NA,NA,0,17.784,0.136,5,16.997,0.153,5,16.484,0.077,4,NA,NA,0,NA,NA,0
84.780203,0.328,-2.340624,0.194,15.926,0.016,5,17.074,0.149,5,NA,NA,0,16.451,0.013,5,15.467,0.02,5,15.038,0.067,5,NA,NA,0,NA,NA,0
84.78053,0.483,-2.284181,0.292,16.774,0.053,4,17.99,0.142,4,NA,NA,0,17.488,0.081,5,16.082,0.079,5,15.545,0.075,5,NA,NA,0,NA,NA,0
84.781094,0.303,-2.586342,0.156,NA,NA,0,NA,NA,0,NA,NA,0,17.912,0.09,2,17.035,0.066,2,NA,NA,0,NA,NA,0,NA,NA,0
84.781662,0.334,-2.473201,0.41,16.985,0.11,2,18.031,0.004,2,NA,NA,0,17.685,0.195,5,16.307,0.087,5,15.116,0.077,5,NA,NA,0,NA,NA,0
84.781723,0.207,-2.544171,0.283,14.321,0.163,5,15.52,0.152,5,NA,NA,0,14.882,0.161,5,13.724,0.163,5,13.21,0.155,5,12.583,0.173,2,NA,NA,0
84.782555,0.204,-2.669183,0.163,15.537,0.044,4,16.486,0.061,4,NA,NA,0,15.939,0.02,4,15.191,0.038,4,14.83,0.028,4,NA,NA,0,NA,NA,0
84.782824,0.569,-2.719092,0.428,17.385,0.209,4,18.279,0.241,4,NA,NA,0,17.851,0.078,6,17.203,0.151,6,16.484,0.199,1,NA,NA,0,NA,NA,0
84.783533,0.51,-2.321167,0.371,NA,NA,0,NA,NA,0,NA,NA,0,18.272,0.096,2,17.488,0.26,2,NA,NA,0,NA,NA,0,NA,NA,0
84.784523,0.611,-2.601117,0.413,NA,NA,0,NA,NA,0,NA,NA,0,17.781,0.137,4,16.605,0.099,4,16.179,0.189,4,NA,NA,0,NA,NA,0
84.785105,0.638,-2.332125,0.363,16.882,0.042,4,18.067,0.149,4,NA,NA,0,17.441,0.13,5,16.539,0.045,5,16.076,0.256,5,NA,NA,0,NA,NA,0
84.786519,0.305,-2.355876,0.27,17.251,0.039,2,17.876,0.134,2,NA,NA,0,17.506,0.132,5,16.729,0.067,5,16.181,0.17,5,NA,NA,0,NA,NA,0
84.786638,0.586,-2.519943,0.488,NA,NA,0,NA,NA,0,NA,NA,0,18.173,0.172,2,16.983,0.019,2,15.417,0.12,2,NA,NA,0,NA,NA,0
84.786638,0.236,-2.454118,0.201,15.956,0.046,5,16.929,0.046,5,NA,NA,0,16.446,0.008,5,15.595,0.038,5,15.18,0.061,5,NA,NA,0,NA,NA,0
84.788283,0.606,-2.725045,0.64,17.001,0.186,1,18.521,0.424,1,NA,NA,0,17.934,0.174,6,16.612,0.152,6,16.045,0.099,6,NA,NA,0,NA,NA,0
84.788676,0.274,-2.320291,0.227,16.228,0.024,5,17.711,0.118,5,NA,NA,0,17.024,0.063,5,15.621,0.033,5,14.631,0.043,5,NA,NA,0,NA,NA,0
84.791166,0.359,-2.430002,0.214,13.21,0.011,5,14.233,0.032,5,NA,NA,0,13.706,0.019,5,12.817,0.006,5,12.553,0.014,5,12.311,0.015,3,NA,NA,0
84.791822,0.346,-2.711773,0.257,16.184,0.189,7,18.086,0.29,7,NA,NA,0,16.977,0.136,7,15.422,0.086,7,14.794,0.09,7,NA,NA,0,NA,NA,0
84.792378,0.418,-2.583472,0.257,16.407,0.033,3,17.347,0.167,3,NA,NA,0,16.984,0.05,5,15.965,0.022,5,15.468,0.096,5,NA,NA,0,NA,NA,0
84.793067,0.459,-2.329839,0.248,17.058,0.196,3,17.954,0.237,3,NA,NA,0,17.613,0.111,5,16.548,0.103,5,16.211,0.162,4,NA,NA,0,NA,NA,0
84.795262,0.364,-2.282197,0.358,16.734,0.07,5,17.607,0.146,5,NA,NA,0,17.072,0.047,5,16.324,0.101,5,16.132,0.081,5,NA,NA,0,NA,NA,0
84.796651,0.19,-2.430275,0.112,12.88,0.009,5,13.777,0.029,5,NA,NA,0,13.33,0.023,5,12.548,0.018,5,12.203,0.015,5,12.015,0.12,3,NA,NA,0
84.797108,0.431,-2.782312,0.613,17.676,0.152,3,18.349,0.025,3,NA,NA,0,17.862,0.242,7,17.28,0.183,7,NA,NA,0,NA,NA,0,NA,NA,0
84.797588,0.174,-2.268044,0.102,14.919,0.033,5,15.707,0.042,5,NA,NA,0,15.318,0.027,5,14.644,0.024,5,14.348,0.032,5,NA,NA,0,NA,NA,0
84.797967,0.713,-2.51855,0.493,15.492,0.239,2,16.93,0.215,2,NA,NA,0,NA,NA,0,NA,NA,0,NA,NA,0,13.466,0.056,2,NA,NA,0
84.798474,0.241,-2.600791,0.256,14.811,0.066,5,16.192,0.096,5,NA,NA,0,15.54,0.078,5,14.228,0.057,5,13.538,0.061,5,13.103,0.161,3,NA,NA,0
84.798637,0.543,-2.549174,0.385,NA,NA,0,NA,NA,0,NA,NA,0,17.941,0.045,4,17.228,0.102,4,NA,NA,0,NA,NA,0,NA,NA,0
84.799444,0.241,-2.461436,0.14,NA,NA,0,NA,NA,0,NA,NA,0,18.736,0.248,1,17.462,0.17,1,16.035,0.135,1,NA,NA,0,NA,NA,0
84.802851,0.287,-2.479294,0.395,15.575,0.02,5,16.61,0.1,5,NA,NA,0,16.123,0.022,3,15.111,0.031,3,14.66,0.01,3,NA,NA,0,NA,NA,0
84.803086,0.423,-2.638043,0.435,16.974,0.164,1,17.874,0.248,1,NA,NA,0,17.569,0.078,5,16.5,0.094,5,16.104,0.097,3,NA,NA,0,NA,NA,0
84.803653,0.574,-2.499324,0.317,17.418,0.146,2,18.973,0.005,2,NA,NA,0,18.269,0.058,4,17.323,0.13,4,NA,NA,0,NA,NA,0,NA,NA,0
84.80583,0.169,-2.503845,0.175,15.539,0.031,5,16.459,0.088,5,NA,NA,0,15.964,0.046,5,15.267,0.02,5,14.919,0.036,5,NA,NA,0,NA,NA,0
84.806389,0.626,-2.397641,0.203,NA,NA,0,NA,NA,0,NA,NA,0,18.391,0.113,3,17.137,0.105,3,15.864,0.13,3,NA,NA,0,NA,NA,0
84.807163,0.399,-2.480437,0.311,16.771,0.11,4,17.877,0.098,4,NA,NA,0,17.315,0.04,3,16.282,0.02,3,15.625,0.173,3,NA,NA,0,NA,NA,0
84.807376,0.346,-2.345524,0.162,16.113,0.035,5,16.975,0.057,5,NA,NA,0,16.532,0.06,5,15.767,0.033,5,15.425,0.064,5,NA,NA,0,NA,NA,0
84.808149,0.485,-2.585447,0.337,17.022,0.081,3,17.699,0.198,3,NA,NA,0,17.49,0.059,5,16.67,0.029,5,16.26,0.071,4,NA,NA,0,NA,NA,0
84.808646,0.505,-2.293349,0.562,NA,NA,0,NA,NA,0,NA,NA,0,18.534,0.202,1,17.744,0.22,1,NA,NA,0,NA,NA,0,NA,NA,0
84.80887,0.253,-2.680218,0.162,15.699,0.024,5,16.783,0.062,5,NA,NA,0,16.267,0.022,5,15.333,0.026,5,14.937,0.069,5,NA,NA,0,NA,NA,0
84.809544,0.321,-2.362697,0.391,14.148,0.003,5,15.202,0.005,5,NA,NA,0,14.672,0.023,5,13.759,0.01,5,13.324,0.02,5,12.977,0.019,2,NA,NA,0
84.810191,0.845,-2.475937,0.545,NA,NA,0,NA,NA,0,NA,NA,0,17.724,0.051,3,16.742,0.133,3,15.551,0.042,3,NA,NA,0,NA,NA,0
84.810583,0.237,-2.326841,0.202,15.902,0.137,5,17.256,0.142,5,NA,NA,0,16.687,0.11,5,15.286,0.126,5,14.314,0.046,5,NA,NA,0,NA,NA,0
84.811249,0.481,-2.703729,0.529,17.144,0.203,1,18.216,0.349,1,NA,NA,0,17.888,0.122,6,16.762,0.082,6,16.269,0.312,6,NA,NA,0,NA,NA,0
84.811858,0.194,-2.744845,0.201,15.047,0.071,7,16.39,0.087,7,NA,NA,0,15.609,0.115,7,14.434,0.12,7,13.918,0.116,7,13.761,0.213,1,NA,NA,0
84.812674,0.279,-2.5271,0.211,8.442,0.001,3,8.663,0.044,3,NA,NA,0,8.487,0.059,2,8.512,0.022,2,8.63,0.061,2,8.617,0.069,3,NA,NA,0
84.815083,0.404,-2.758419,0.426,16.542,0.139,7,17.609,0.187,7,NA,NA,0,16.972,0.131,7,16.067,0.097,7,15.686,0.209,7,NA,NA,0,NA,NA,0
84.815108,0.775,-2.475365,0.28,16.869,0.139,1,18.257,0.336,1,NA,NA,0,17.952,0.064,4,16.693,0.229,4,16.288,0.198,3,NA,NA,0,NA,NA,0
84.815148,0.2,-2.499261,0.113,11.029,0.015,5,11.716,0.009,5,NA,NA,0,11.352,0.023,5,10.849,0.03,8,10.708,0.053,8,10.649,0.036,3,NA,NA,0
84.815464,0.525,-2.71167,0.535,17.191,0.229,1,18.529,0.485,1,NA,NA,0,18.036,0.191,6,16.791,0.161,6,16.377,0.209,5,NA,NA,0,NA,NA,0
84.815598,0.003,-2.570181,0.003,NA,NA,0,NA,NA,0,NA,NA,0,18.859,0.295,1,17.748,0.225,1,NA,NA,0,NA,NA,0,NA,NA,0
84.815988,0.448,-2.614069,0.364,NA,NA,0,NA,NA,0,NA,NA,0,18.464,0.212,5,17.194,0.221,5,15.621,0.114,5,NA,NA,0,NA,NA,0
84.816224,0.16,-2.640322,0.471,NA,NA,0,NA,NA,0,NA,NA,0,18.214,0.227,1,17.766,0.315,1,NA,NA,0,NA,NA,0,NA,NA,0
84.816672,0.92,-2.670432,0.391,17.806,0.235,1,18.322,0.292,1,NA,NA,0,18.401,0.204,4,16.951,0.077,4,16.124,0.131,4,NA,NA,0,NA,NA,0
84.816906,0.205,-2.58431,0.359,NA,NA,0,NA,NA,0,NA,NA,0,18.19,0.109,3,17.085,0.141,3,NA,NA,0,NA,NA,0,NA,NA,0
84.817903,0.269,-2.260488,0.293,16.315,0.046,5,17.662,0.174,5,NA,NA,0,17.067,0.078,5,15.777,0.042,5,15.228,0.042,5,NA,NA,0,NA,NA,0
84.819156,0.33,-2.373382,0.216,14.197,0.018,5,15.852,0.038,5,NA,NA,0,15.027,0.029,5,13.548,0.01,5,12.862,0.022,5,12.403,0.112,3,NA,NA,0
84.819355,0.369,-2.276645,0.257,14.473,0.016,5,15.42,0.022,5,NA,NA,0,14.939,0.02,5,14.154,0.012,5,13.836,0.024,5,13.374,0.049,2,NA,NA,0
84.819663,0.208,-2.441424,0.141,15.659,0.039,5,16.617,0.033,5,NA,NA,0,16.142,0.024,5,15.273,0.016,5,14.889,0.071,5,NA,NA,0,NA,NA,0
84.821411,0.549,-2.775345,0.549,NA,NA,0,NA,NA,0,NA,NA,0,17.796,0.144,7,16.936,0.228,7,16.081,0.256,5,NA,NA,0,NA,NA,0
84.821694,0.744,-2.428698,0.233,16.341,0.049,5,17.842,0.249,5,NA,NA,0,17.147,0.11,5,15.705,0.063,5,14.8,0.079,5,NA,NA,0,NA,NA,0
84.822133,0.657,-2.66708,0.309,NA,NA,0,NA,NA,0,NA,NA,0,18.064,0.108,5,16.981,0.052,5,16.254,0.164,4,NA,NA,0,NA,NA,0
84.822399,0.304,-2.702318,0.29,16.217,0.082,7,17.271,0.092,7,NA,NA,0,16.699,0.093,7,15.768,0.132,7,15.344,0.115,7,NA,NA,0,NA,NA,0
84.823978,0.226,-2.470723,0.174,NA,NA,0,NA,NA,0,NA,NA,0,18.918,0.363,1,18.479,0.459,1,NA,NA,0,NA,NA,0,NA,NA,0
84.824841,0.387,-2.383497,0.352,16.675,0.088,5,17.796,0.091,5,NA,NA,0,17.239,0.021,5,16.285,0.049,5,15.888,0.063,5,NA,NA,0,NA,NA,0
84.825296,0.191,-2.491241,0.141,12.518,0.016,5,13.441,0.032,5,NA,NA,0,12.958,0.022,5,12.197,0.017,5,11.906,0.019,5,11.823,0.063,3,NA,NA,0
84.826028,0.546,-2.745995,0.24,NA,NA,0,NA,NA,0,NA,NA,0,18.457,0.094,3,17.356,0.206,3,15.997,0.234,1,NA,NA,0,NA,NA,0
84.826739,0.325,-2.614982,0.318,14.757,0.013,5,15.701,0.024,5,NA,NA,0,15.249,0.017,5,14.393,0.023,5,14.007,0.039,5,13.461,0.254,1,NA,NA,0
84.827332,0.476,-2.349529,0.5,17.337,0.151,1,18.04,0.223,1,NA,NA,0,17.82,0.05,4,17.228,0.091,4,16.91,0.398,1,NA,NA,0,NA,NA,0
84.827936,0.427,-2.575145,0.165,NA,NA,0,NA,NA,0,NA,NA,0,18.204,0.166,1,17.482,0.173,1,NA,NA,0,NA,NA,0,NA,NA,0
84.828174,0.459,-2.711055,0.34,17.625,0.193,1,18.414,0.292,1,NA,NA,0,18.223,0.225,3,17.514,0.018,3,NA,NA,0,NA,NA,0,NA,NA,0
84.829189,0.303,-2.284869,0.301,16.952,0.123,5,17.902,0.157,5,NA,NA,0,17.365,0.066,5,16.629,0.078,5,16.304,0.115,3,NA,NA,0,NA,NA,0
84.829244,0.445,-2.657388,0.373,NA,NA,0,NA,NA,0,NA,NA,0,18.077,0.029,4,16.977,0.079,4,16.879,0.176,2,NA,NA,0,NA,NA,0
84.829293,0.357,-2.360615,0.228,12.925,0.017,5,14.12,0.014,5,NA,NA,0,13.526,0.017,5,12.48,0.008,5,12.013,0.015,5,11.665,0.003,3,NA,NA,0
84.829747,0.48,-2.339126,0.332,16.65,0.14,5,17.685,0.275,5,NA,NA,0,17.177,0.062,5,16.371,0.044,5,16.047,0.15,5,NA,NA,0,NA,NA,0
84.83024,0.837,-2.453106,0.533,15.974,0.045,5,16.925,0.079,5,NA,NA,0,16.457,0.008,3,15.7,0.046,3,15.242,0.054,3,NA,NA,0,NA,NA,0
84.830359,0.332,-2.759971,0.407,16.441,0.13,7,17.546,0.169,7,NA,NA,0,16.896,0.142,7,15.923,0.118,7,15.399,0.137,7,NA,NA,0,NA,NA,0
84.830731,0.279,-2.380391,0.241,16.007,0.038,5,16.951,0.038,5,NA,NA,0,16.41,0.023,5,15.702,0.053,5,15.37,0.139,5,NA,NA,0,NA,NA,0
84.831886,0.485,-2.493712,0.249,16.141,0.045,5,17.697,0.202,5,NA,NA,0,16.987,0.085,4,15.659,0.069,4,14.968,0.108,4,NA,NA,0,NA,NA,0
84.831954,0.582,-2.534852,0.421,17.405,0.003,2,18.255,0.09,2,NA,NA,0,17.764,0.139,5,16.948,0.088,5,16.266,0.074,2,NA,NA,0,NA,NA,0
84.832247,0.321,-2.487258,0.259,16.279,0.047,5,17.386,0.095,5,NA,NA,0,16.856,0.063,5,15.801,0.043,5,15.389,0.069,5,NA,NA,0,NA,NA,0
84.832918,0.482,-2.632432,0.371,17.186,0.029,2,17.85,0.072,2,NA,NA,0,17.714,0.123,5,16.812,0.094,5,16.244,0.083,3,NA,NA,0,NA,NA,0
84.833068,0.643,-2.285331,0.248,NA,NA,0,NA,NA,0,NA,NA,0,18.131,0.015,2,17.146,0.052,2,16.147,0.019,2,NA,NA,0,NA,NA,0
84.835312,0.195,-2.464183,0.228,11.869,0.011,5,12.544,0.008,5,NA,NA,0,12.182,0.018,5,11.681,0.002,5,11.529,0.017,5,11.483,0.045,3,NA,NA,0
84.835672,0.317,-2.24501,0.138,15.876,0.048,5,16.852,0.061,5,NA,NA,0,16.348,0.033,5,15.652,0.027,5,15.273,0.087,5,NA,NA,0,NA,NA,0
84.837271,0.589,-2.31939,0.354,17.37,0.155,1,18.215,0.243,1,NA,NA,0,17.961,0.149,5,16.982,0.186,5,16.292,0.112,4,NA,NA,0,NA,NA,0
84.838331,0.356,-2.574237,0.349,NA,NA,0,NA,NA,0,NA,NA,0,18.002,0.107,5,17.057,0.128,5,16.404,0.193,4,NA,NA,0,NA,NA,0
84.840642,0.296,-2.734384,0.291,14.14,0.095,7,15.684,0.084,7,NA,NA,0,14.815,0.099,7,13.481,0.089,7,12.848,0.107,7,12.512,0.178,3,NA,NA,0
84.840959,0.231,-2.481169,0.278,16.047,0.038,5,16.972,0.113,5,NA,NA,0,16.565,0.049,5,15.692,0.042,5,15.302,0.104,5,NA,NA,0,NA,NA,0
84.842035,0.541,-2.435836,0.515,NA,NA,0,NA,NA,0,NA,NA,0,18.331,0.175,4,17.06,0.07,4,16.566,0.075,4,NA,NA,0,NA,NA,0
84.842224,0.315,-2.55312,0.235,16.129,0.025,5,17.17,0.089,5,NA,NA,0,16.646,0.053,5,15.778,0.059,5,15.405,0.12,5,NA,NA,0,NA,NA,0
84.842384,0.41,-2.260209,0.376,16.872,0.082,4,17.797,0.223,4,NA,NA,0,17.389,0.102,5,16.6,0.175,5,16.334,0.154,4,NA,NA,0,NA,NA,0
84.84294,0.324,-2.273975,0.188,15.993,0.078,5,16.968,0.118,5,NA,NA,0,16.438,0.058,5,15.624,0.028,5,15.308,0.04,5,NA,NA,0,NA,NA,0
84.843175,0.768,-2.56348,0.475,NA,NA,0,NA,NA,0,NA,NA,0,18.096,0.11,4,16.881,0.052,4,16.551,0.351,4,NA,NA,0,NA,NA,0
84.844259,0.241,-2.31023,0.191,14.848,0.022,5,15.804,0.06,5,NA,NA,0,15.311,0.024,5,14.492,0.012,5,14.144,0.051,5,NA,NA,0,NA,NA,0
84.844617,0.387,-2.289272,0.304,17.003,0.131,2,17.938,0.109,2,NA,NA,0,17.626,0.047,5,16.598,0.032,5,16.105,0.143,5,NA,NA,0,NA,NA,0
84.845255,0.516,-2.55918,0.307,16.368,0.125,5,17.872,0.098,5,NA,NA,0,17.2,0.178,5,15.899,0.055,5,14.778,0.115,5,NA,NA,0,NA,NA,0
84.846175,0.384,-2.469835,0.405,13.98,0.007,5,14.934,0.014,5,NA,NA,0,14.47,0.023,5,13.635,0.013,5,13.244,0.031,5,12.954,0.083,2,NA,NA,0
84.846615,0.523,-2.742081,0.389,NA,NA,0,NA,NA,0,NA,NA,0,18.999,0.328,1,17.895,0.272,1,NA,NA,0,NA,NA,0,NA,NA,0
84.846754,0.182,-2.323686,0.254,15.873,0.026,5,16.856,0.125,5,NA,NA,0,16.372,0.035,5,15.448,0.053,5,15.076,0.016,5,NA,NA,0,NA,NA,0
84.847606,0.546,-2.706048,0.593,NA,NA,0,NA,NA,0,NA,NA,0,18.475,0.277,3,17.292,0.157,3,16.827,0.266,1,NA,NA,0,NA,NA,0
84.847875,0.248,-2.280496,0.183,12.949,0.01,5,14.43,0.017,5,NA,NA,0,13.687,0.017,5,12.418,0.005,5,11.88,0.011,5,11.56,0.044,3,NA,NA,0
84.848154,0.874,-2.563961,0.23,NA,NA,0,NA,NA,0,NA,NA,0,18.25,0.015,2,17.502,0.144,2,NA,NA,0,NA,NA,0,NA,NA,0
84.848587,0.493,-2.571345,0.378,17.217,0.144,1,18.304,0.279,1,NA,NA,0,17.611,0.087,5,16.758,0.088,5,16.338,0.334,4,NA,NA,0,NA,NA,0
84.849728,0.938,-2.802833,0.648,17.541,0.336,1,17.944,0.253,1,NA,NA,0,17.881,0.172,7,16.497,0.089,7,16.112,0.197,7,NA,NA,0,NA,NA,0
84.850287,0.749,-2.27196,0.285,16.46,0.032,4,17.796,0.227,4,NA,NA,0,17.32,0.112,5,16.034,0.041,5,15.276,0.04,5,NA,NA,0,NA,NA,0
84.850748,0.433,-2.257073,0.251,17.029,0.087,5,18.082,0.326,5,NA,NA,0,17.486,0.094,5,17.104,0.157,5,16.478,0.069,2,NA,NA,0,NA,NA,0
84.851251,0.498,-2.782044,0.426,17.176,0.038,2,18.295,0.165,2,NA,NA,0,17.623,0.176,7,16.631,0.108,7,16.006,0.145,7,NA,NA,0,NA,NA,0
84.85132,0.224,-2.522681,0.16,15.49,0.016,5,16.444,0.076,5,NA,NA,0,15.924,0.037,5,15.096,0.02,5,14.715,0.044,5,NA,NA,0,NA,NA,0
84.851514,0.464,-2.56702,0.328,16.583,0.044,4,18.214,0.153,4,NA,NA,0,17.379,0.022,5,15.921,0.054,5,14.921,0.079,5,NA,NA,0,NA,NA,0
84.851556,0.886,-2.616823,0.419,17.338,0.146,1,18.22,0.258,1,NA,NA,0,18.02,0.186,5,17.116,0.2,5,16.185,0.074,3,NA,NA,0,NA,NA,0
84.851677,0.622,-2.663903,0.405,NA,NA,0,NA,NA,0,NA,NA,0,18.384,0.114,3,17.264,0.106,3,16.301,0.139,3,NA,NA,0,NA,NA,0
84.852387,0.386,-2.345545,0.375,13.884,0.059,5,15.065,0.043,5,NA,NA,0,14.483,0.03,5,13.403,0.031,5,12.927,0.03,5,12.515,0.036,2,NA,NA,0
84.853476,0.532,-2.466934,0.323,16.838,0.059,4,17.895,0.168,4,NA,NA,0,17.368,0.083,5,16.193,0.082,5,15.69,0.117,5,NA,NA,0,NA,NA,0
84.853891,0.386,-2.342624,0.285,15.277,0.019,5,16.238,0.059,5,NA,NA,0,15.695,0.075,4,14.879,0.049,4,14.421,0.047,4,NA,NA,0,NA,NA,0
84.854135,0.409,-2.306234,0.234,16.972,0.148,1,18.281,0.35,1,NA,NA,0,17.699,0.125,5,16.541,0.105,5,16.001,0.103,5,NA,NA,0,NA,NA,0
84.854706,0.572,-2.760882,0.3,NA,NA,0,NA,NA,0,NA,NA,0,18.181,0.03,2,17.408,0.113,2,NA,NA,0,NA,NA,0,NA,NA,0
84.854714,0.287,-2.472119,0.233,15.946,0.055,5,17.338,0.106,5,NA,NA,0,16.628,0.051,5,15.422,0.044,5,14.878,0.029,5,NA,NA,0,NA,NA,0
84.855017,0.124,-2.639434,0.161,14.638,0.09,5,15.828,0.178,5,NA,NA,0,15.301,0.141,5,14.044,0.092,5,13.33,0.066,5,12.887,0.098,1,NA,NA,0
84.855632,0.191,-2.528774,0.2,15.464,0.035,5,17.103,0.085,5,NA,NA,0,16.307,0.043,5,14.871,0.031,5,14.266,0.036,5,NA,NA,0,NA,NA,0
84.856651,0.814,-2.652588,0.336,NA,NA,0,NA,NA,0,NA,NA,0,18.594,0.158,4,17.367,0.244,4,16.754,0.255,1,NA,NA,0,NA,NA,0
84.856848,0.198,-2.569534,0.419,14.804,0.025,5,15.818,0.039,5,NA,NA,0,15.295,0.014,5,14.444,0.022,5,13.963,0.011,5,NA,NA,0,NA,NA,0
84.857398,0.565,-2.579742,0.349,NA,NA,0,NA,NA,0,NA,NA,0,17.814,0.156,5,16.667,0.078,5,15.896,0.361,5,NA,NA,0,NA,NA,0
84.857519,0.314,-2.619568,0.287,16.204,0.092,5,17.317,0.079,5,NA,NA,0,16.728,0.047,5,15.814,0.049,5,15.41,0.089,5,NA,NA,0,NA,NA,0
84.85759,0.294,-2.701702,0.304,15.886,0.103,7,16.965,0.14,7,NA,NA,0,16.26,0.138,7,15.4,0.098,7,15.03,0.165,7,NA,NA,0,NA,NA,0
84.85793,0.276,-2.518899,0,NA,NA,0,NA,NA,0,NA,NA,0,18.752,0.268,1,18.119,0.319,1,NA,NA,0,NA,NA,0,NA,NA,0
84.858367,0.661,-2.315496,0.46,NA,NA,0,NA,NA,0,NA,NA,0,18.146,0.323,4,17.16,0.13,4,16.738,0.251,1,NA,NA,0,NA,NA,0
84.858949,0.849,-2.613895,0.685,17.715,0.31,1,18.202,0.336,1,NA,NA,0,18.365,0.21,4,17.324,0.173,4,16.433,0.18,1,NA,NA,0,NA,NA,0
84.859362,0.579,-2.39785,0.408,NA,NA,0,NA,NA,0,NA,NA,0,18.571,0.321,4,17.098,0.141,4,16.286,0.258,4,NA,NA,0,NA,NA,0
84.860011,0.177,-2.250942,0.291,14.656,0.07,5,15.824,0.132,5,NA,NA,0,15.261,0.095,5,14.132,0.06,5,13.542,0.063,5,13.179,0.043,2,NA,NA,0
84.860182,0.316,-2.508291,0.316,16.542,0.088,5,17.566,0.133,5,NA,NA,0,17.056,0.022,5,16.058,0.057,5,15.691,0.086,5,NA,NA,0,NA,NA,0
84.860325,0.544,-2.437581,0.233,NA,NA,0,NA,NA,0,NA,NA,0,17.848,0.14,5,16.337,0.099,5,15.408,0.045,5,NA,NA,0,NA,NA,0
84.860567,0.436,-2.579357,0.33,17.083,0.117,1,17.858,0.18,1,NA,NA,0,17.695,0.103,5,16.514,0.086,5,15.967,0.205,5,NA,NA,0,NA,NA,0
84.861422,0.556,-2.63604,0.462,16.942,0.06,2,17.768,0.092,2,NA,NA,0,17.507,0.069,5,16.705,0.098,5,16.331,0.205,4,NA,NA,0,NA,NA,0
84.86156,0.249,-2.716192,0.317,NA,NA,0,NA,NA,0,NA,NA,0,18.43,0.211,2,17.005,0.087,2,15.532,0.056,2,NA,NA,0,NA,NA,0
84.861642,0.282,-2.560573,0.182,12.714,0.014,5,13.37,0.007,5,NA,NA,0,13.018,0.013,5,12.537,0.019,5,12.354,0.027,5,12.351,0.045,4,NA,NA,0
84.861748,0.232,-2.323533,0.153,15.596,0.041,5,17.083,0.061,5,NA,NA,0,16.415,0.038,5,14.966,0.033,5,14.043,0.042,5,NA,NA,0,NA,NA,0
84.862714,0.758,-2.402663,0.665,17.384,0.151,1,18.312,0.281,1,NA,NA,0,18.077,0.08,5,17.134,0.122,5,16.378,0.212,4,NA,NA,0,NA,NA,0
84.86312,0.487,-2.551781,0.263,16.509,0.089,5,17.313,0.12,5,NA,NA,0,16.907,0.048,5,16.373,0.141,5,16.077,0.179,5,NA,NA,0,NA,NA,0
84.863221,0.456,-2.759141,0.416,NA,NA,0,NA,NA,0,NA,NA,0,18.076,0.13,6,16.836,0.139,6,16.122,0.246,6,NA,NA,0,NA,NA,0
84.865118,0.421,-2.731433,0.686,17.161,0.123,1,18.282,0.243,1,NA,NA,0,17.879,0.109,7,16.567,0.215,7,16.089,0.174,7,NA,NA,0,NA,NA,0
84.86636,0.525,-2.751594,0.466,16.956,0.096,4,18.203,0.091,4,NA,NA,0,17.596,0.146,7,16.441,0.171,7,15.976,0.244,7,NA,NA,0,NA,NA,0
84.867574,0.563,-2.288791,0.439,NA,NA,0,NA,NA,0,NA,NA,0,17.929,0.184,5,17.009,0.116,5,16.456,0.202,4,NA,NA,0,NA,NA,0
84.867673,0.542,-2.512843,0.383,17.192,0.062,2,18.074,0.334,2,NA,NA,0,17.785,0.128,5,16.727,0.059,5,16.332,0.142,5,NA,NA,0,NA,NA,0
84.868378,0.62,-2.587965,0.179,NA,NA,0,NA,NA,0,NA,NA,0,18.131,0.146,5,17.042,0.196,5,16.298,0.016,2,NA,NA,0,NA,NA,0
84.869107,0.375,-2.28539,0.317,17.28,0.218,3,18.178,0.13,3,NA,NA,0,17.92,0.122,4,17.188,0.126,4,NA,NA,0,NA,NA,0,NA,NA,0
84.869137,0.244,-2.334069,0.28,13.818,0.014,5,14.692,0.021,5,NA,NA,0,14.259,0.017,5,13.531,0.023,5,13.241,0.022,5,12.807,0.016,2,NA,NA,0
84.869625,0.536,-2.303309,0.594,17.45,0.046,2,18.244,0.179,2,NA,NA,0,17.782,0.166,5,16.821,0.092,5,16.329,0.146,4,NA,NA,0,NA,NA,0
84.870017,0.63,-2.506631,0.39,17.433,0.218,1,18.18,0.286,1,NA,NA,0,17.802,0.185,5,16.783,0.147,5,16.205,0.023,2,NA,NA,0,NA,NA,0
84.870143,0.426,-2.297585,0.28,17.496,0.224,1,18.337,0.342,1,NA,NA,0,18.02,0.131,5,16.567,0.089,5,15.227,0.082,5,NA,NA,0,NA,NA,0
84.8707,0.265,-2.260319,0.205,16.036,0.052,5,17.052,0.154,5,NA,NA,0,16.608,0.041,5,15.602,0.024,5,15.323,0.057,5,NA,NA,0,NA,NA,0
84.870908,0.635,-2.651424,0.468,16.558,0.052,5,17.641,0.165,5,NA,NA,0,17.09,0.068,5,16.182,0.064,5,15.708,0.092,5,NA,NA,0,NA,NA,0
84.871853,0.544,-2.715963,0.475,NA,NA,0,NA,NA,0,NA,NA,0,18.338,0.15,5,17.536,0.229,5,NA,NA,0,NA,NA,0,NA,NA,0
84.873396,0.493,-2.658629,0.471,17.309,0.113,2,17.984,0.223,2,NA,NA,0,17.741,0.088,5,16.922,0.078,5,16.461,0.429,4,NA,NA,0,NA,NA,0
84.87352,0.324,-2.456205,0.151,14.954,0.027,5,16.334,0.105,5,NA,NA,0,15.684,0.019,5,14.407,0.023,5,13.815,0.017,5,13.676,0.275,1,NA,NA,0
84.87523,0.625,-2.779597,0.341,NA,NA,0,NA,NA,0,NA,NA,0,18.404,0.111,4,17.39,0.232,4,NA,NA,0,NA,NA,0,NA,NA,0
84.875442,0.55,-2.600889,0.307,17.11,0.106,3,18.272,0.106,3,NA,NA,0,17.879,0.086,5,16.845,0.115,5,16.319,0.182,4,NA,NA,0,NA,NA,0
84.875898,0.781,-2.41739,0.33,NA,NA,0,NA,NA,0,NA,NA,0,18.537,0.174,2,17.168,0.102,2,16.295,0.061,2,NA,NA,0,NA,NA,0
84.876816,0.339,-2.585345,0.278,14.222,0.027,5,15.543,0.045,5,NA,NA,0,14.887,0.01,5,13.751,0.016,5,13.21,0.029,5,12.933,0.165,4,NA,NA,0
84.877488,0.697,-2.640824,0.39,NA,NA,0,NA,NA,0,NA,NA,0,18.647,0.065,2,17.312,0.061,2,16.021,0.097,2,NA,NA,0,NA,NA,0
84.877967,0.493,-2.771784,0.559,17.744,0.264,2,18.02,0.052,2,NA,NA,0,17.883,0.088,6,17.254,0.269,6,NA,NA,0,NA,NA,0,NA,NA,0
84.879918,0.468,-2.775624,0.621,NA,NA,0,NA,NA,0,NA,NA,0,17.886,0.136,7,16.976,0.232,7,16.479,0.204,3,NA,NA,0,NA,NA,0
84.882218,0.549,-2.716541,0.431,17.43,0.139,2,18.257,0.148,2,NA,NA,0,17.827,0.205,7,17.125,0.224,7,16.304,0.282,1,NA,NA,0,NA,NA,0
84.883119,0.742,-2.315931,0.633,NA,NA,0,NA,NA,0,NA,NA,0,18.332,0.134,3,17.253,0.152,3,16.463,0.198,2,NA,NA,0,NA,NA,0
84.883574,0.516,-2.33129,0.381,16.629,0.004,2,18.23,0.013,2,NA,NA,0,17.552,0.15,5,16.039,0.067,5,15.453,0.035,5,NA,NA,0,NA,NA,0
84.88358,0.503,-2.34544,0.233,NA,NA,0,NA,NA,0,NA,NA,0,18.41,0.239,4,16.772,0.129,4,15.99,0.053,4,NA,NA,0,NA,NA,0
84.884766,0.452,-2.465875,0.533,14.073,0.014,5,15.504,0.012,5,NA,NA,0,14.801,0.009,5,13.538,0.009,5,12.93,0.012,5,12.57,0.084,3,NA,NA,0
84.885513,0.563,-2.250546,0.532,17.417,0.196,1,17.926,0.249,1,NA,NA,0,17.675,0.097,5,16.809,0.173,5,16.343,0.144,5,NA,NA,0,NA,NA,0
84.885734,0.25,-2.662174,0.287,13.741,0.092,5,15.106,0.072,5,NA,NA,0,14.481,0.081,5,13.155,0.085,5,12.513,0.078,5,12.065,0.028,3,NA,NA,0
84.885775,0.164,-2.593568,0.208,15.501,0.043,5,16.647,0.056,5,NA,NA,0,16.057,0.032,5,15.027,0.01,5,14.574,0.074,5,NA,NA,0,NA,NA,0
84.886076,0.607,-2.635003,0.192,NA,NA,0,NA,NA,0,NA,NA,0,18.22,0.179,2,17.506,0.1,2,NA,NA,0,NA,NA,0,NA,NA,0
84.887151,0.238,-2.79695,0.308,15.026,0.109,7,16.432,0.113,7,NA,NA,0,15.656,0.104,7,14.312,0.13,7,13.568,0.106,7,12.994,0.116,1,NA,NA,0
84.887517,0.225,-2.312994,0.275,NA,NA,0,NA,NA,0,NA,NA,0,18.26,0.206,3,17.618,0.193,3,NA,NA,0,NA,NA,0,NA,NA,0
84.889311,0.327,-2.611633,0.391,14.006,0.02,5,15.044,0.021,5,NA,NA,0,14.539,0.025,5,13.626,0.01,5,13.203,0.028,5,13.011,0.159,4,NA,NA,0
84.890246,0.406,-2.519082,0.259,16.588,0.037,5,17.885,0.219,5,NA,NA,0,17.234,0.077,5,16.158,0.041,5,15.644,0.051,5,NA,NA,0,NA,NA,0
84.890769,0.235,-2.344377,0.272,15.953,0.042,5,17.295,0.12,5,NA,NA,0,16.725,0.051,5,15.333,0.066,5,14.39,0.063,5,NA,NA,0,NA,NA,0
84.890818,0.183,-2.515534,0.214,NA,NA,0,NA,NA,0,NA,NA,0,18.448,0.238,1,17.424,0.209,1,NA,NA,0,NA,NA,0,NA,NA,0
84.892766,0.548,-2.657998,0.377,17.607,0.188,1,18.195,0.234,1,NA,NA,0,17.889,0.148,4,17.024,0.223,4,16.735,0.242,1,NA,NA,0,NA,NA,0
84.893842,0.633,-2.606224,0.365,NA,NA,0,NA,NA,0,NA,NA,0,18.298,0.092,4,16.678,0.034,4,15.797,0.124,4,NA,NA,0,NA,NA,0
84.894309,0.467,-2.68082,0.452,17.059,0.088,4,18.054,0.101,4,NA,NA,0,17.425,0.076,5,16.703,0.095,5,16.284,0.246,5,NA,NA,0,NA,NA,0
84.894837,0.245,-2.407688,0.19,15.703,0.036,5,16.699,0.103,5,NA,NA,0,16.197,0.032,5,15.256,0.022,5,14.939,0.044,5,NA,NA,0,NA,NA,0
84.896206,0.411,-2.666441,0.334,16.44,0.229,5,17.517,0.143,5,NA,NA,0,17.088,0.071,5,16.157,0.096,5,15.764,0.187,5,NA,NA,0,NA,NA,0
84.896302,0.32,-2.791592,0.334,14.24,0.096,7,15.483,0.07,7,NA,NA,0,14.775,0.126,7,13.643,0.129,7,13.181,0.113,7,12.938,0.04,2,NA,NA,0
84.897127,0.731,-2.500034,0.477,17.195,0.128,3,18.192,0.207,3,NA,NA,0,17.856,0.166,5,16.836,0.119,5,16.259,0.154,5,NA,NA,0,NA,NA,0
84.898175,0.321,-2.447371,0.19,15.814,0.03,5,16.647,0.079,5,NA,NA,0,16.123,0.064,5,15.593,0.034,5,15.262,0.023,5,NA,NA,0,NA,NA,0
84.898758,0.426,-2.801627,0.343,NA,NA,0,NA,NA,0,NA,NA,0,18.623,0.195,3,17.233,0.159,3,NA,NA,0,NA,NA,0,NA,NA,0
84.899351,0.316,-2.491456,0.173,NA,NA,0,NA,NA,0,NA,NA,0,18.163,0.152,1,16.924,0.112,1,NA,NA,0,NA,NA,0,NA,NA,0
84.899766,0.775,-2.727724,0.373,NA,NA,0,NA,NA,0,NA,NA,0,18.611,0.137,3,17.288,0.17,3,17.06,0.318,1,NA,NA,0,NA,NA,0
84.900215,0.363,-2.608605,0.296,16.033,0.111,5,17.504,0.125,5,NA,NA,0,16.762,0.091,5,15.505,0.051,5,14.797,0.064,5,NA,NA,0,NA,NA,0
84.900324,0.873,-2.31392,0.86,NA,NA,0,NA,NA,0,NA,NA,0,18.585,0.054,3,17.385,0.086,3,16.507,0.195,1,NA,NA,0,NA,NA,0
84.900362,0.746,-2.528275,0.022,NA,NA,0,NA,NA,0,NA,NA,0,18.369,0.183,1,17.743,0.22,1,NA,NA,0,NA,NA,0,NA,NA,0
84.902245,0.263,-2.704784,0.18,10.091,0.121,6,10.739,0.076,7,NA,NA,0,10.384,0.09,5,9.869,0.16,5,9.535,0.042,3,9.375,0.045,3,NA,NA,0
84.902399,0.452,-2.275732,0.347,NA,NA,0,NA,NA,0,NA,NA,0,18.004,0.135,5,16.808,0.089,5,16.182,0.201,4,NA,NA,0,NA,NA,0
84.902694,0.246,-2.75898,0.324,14.902,0.094,7,15.746,0.049,7,NA,NA,0,15.22,0.113,7,14.478,0.12,7,14.122,0.101,7,NA,NA,0,NA,NA,0
84.90295,0.541,-2.471176,0.583,17.008,0.117,1,18.266,0.247,1,NA,NA,0,17.75,0.124,5,16.771,0.105,5,16.213,0.153,4,NA,NA,0,NA,NA,0
84.903335,0.331,-2.445939,0.315,NA,NA,0,NA,NA,0,NA,NA,0,17.615,0.092,3,16.705,0.159,3,15.974,0.167,1,NA,NA,0,NA,NA,0
84.90486,0.571,-2.238578,0.428,17.239,0.059,3,17.81,0.192,3,NA,NA,0,17.734,0.129,5,16.98,0.094,5,16.59,0.333,2,NA,NA,0,NA,NA,0
84.905377,0.275,-2.449069,0.355,14.709,0.1,5,16.078,0.077,5,NA,NA,0,15.443,0.077,5,14.131,0.09,5,13.456,0.074,5,13.017,0.191,2,NA,NA,0
84.90597,0.382,-2.517915,0.596,NA,NA,0,NA,NA,0,NA,NA,0,18.261,0.076,3,17.657,0.265,3,NA,NA,0,NA,NA,0,NA,NA,0
84.906849,0.227,-2.490503,0.145,12.479,0.011,5,13.08,0.017,5,NA,NA,0,12.739,0.014,5,12.314,0.011,5,12.181,0.028,5,12.166,0.088,3,NA,NA,0
84.907471,0.227,-2.479049,0.415,14.081,0.012,5,15.445,0.035,5,NA,NA,0,14.809,0.009,5,13.52,0.013,5,12.887,0.02,5,12.569,0.039,3,NA,NA,0
84.907999,0.251,-2.530178,0.241,15.928,0.056,5,16.967,0.141,5,NA,NA,0,16.446,0.084,5,15.59,0.01,5,15.275,0.032,5,NA,NA,0,NA,NA,0
84.908112,0.609,-2.241082,0.398,17.389,0.039,3,18.202,0.23,3,NA,NA,0,17.794,0.16,5,16.989,0.084,5,NA,NA,0,NA,NA,0,NA,NA,0
84.908573,0.235,-2.784721,0.341,15.55,0.118,7,16.822,0.138,7,NA,NA,0,16.051,0.098,7,14.999,0.11,7,14.523,0.144,7,NA,NA,0,NA,NA,0
84.909621,0.383,-2.551431,0.253,13.42,0.021,5,14.276,0.018,5,NA,NA,0,13.84,0.018,5,13.129,0.016,5,12.787,0.018,5,12.514,0.074,4,NA,NA,0
84.911011,0.322,-2.807402,0.392,15.775,0.141,7,17.052,0.087,7,NA,NA,0,16.35,0.09,7,15.224,0.114,7,14.7,0.12,7,NA,NA,0,NA,NA,0
84.911126,0.351,-2.567423,0.309,16.548,0.104,5,17.488,0.056,5,NA,NA,0,17.014,0.041,5,16.214,0.045,5,15.839,0.091,5,NA,NA,0,NA,NA,0
84.912011,0.318,-2.342403,0.429,17.135,0.167,1,18.092,0.294,1,NA,NA,0,17.735,0.085,5,16.606,0.141,5,15.993,0.083,5,NA,NA,0,NA,NA,0
84.912834,0.381,-2.252303,0.38,16.784,0.131,4,17.854,0.075,4,NA,NA,0,17.29,0.07,5,16.298,0.077,5,15.974,0.032,5,NA,NA,0,NA,NA,0
84.91335,0.388,-2.632168,0.333,16.413,0.08,5,17.586,0.094,5,NA,NA,0,17.041,0.046,5,15.955,0.026,5,15.504,0.084,5,NA,NA,0,NA,NA,0
84.913998,0.337,-2.503294,0.249,NA,NA,0,NA,NA,0,NA,NA,0,18.623,0.08,2,17.527,0.188,2,NA,NA,0,NA,NA,0,NA,NA,0
84.914089,0.163,-2.284558,0.208,15.096,0.318,5,16.623,0.3,5,NA,NA,0,15.926,0.33,5,14.385,0.28,5,13.588,0.247,5,12.852,0.099,1,NA,NA,0
84.915935,0.296,-2.522713,0.3,14.206,0.226,5,14.989,0.272,5,NA,NA,0,14.689,0.257,5,13.705,0.18,5,13.246,0.179,5,12.871,0.002,2,NA,NA,0
84.915942,0.4,-2.554459,0.212,16.946,0.026,2,17.76,0.073,2,NA,NA,0,17.56,0.204,5,16.3,0.219,5,15.527,0.275,5,NA,NA,0,NA,NA,0
84.916027,1.118,-2.237148,0.369,16.583,0.056,4,17.769,0.234,4,NA,NA,0,17.08,0.077,5,16.184,0.055,5,15.647,0.092,4,NA,NA,0,NA,NA,0
84.916602,0.324,-2.719318,0.379,13.122,0.148,7,14.296,0.149,7,NA,NA,0,13.604,0.174,7,12.57,0.15,7,12.11,0.151,7,12.114,0.163,3,NA,NA,0
84.917365,0.26,-2.346656,0.307,14.416,0.283,5,15.565,0.333,5,NA,NA,0,15.105,0.322,5,13.899,0.257,5,13.296,0.243,5,12.674,0.015,2,NA,NA,0
84.917903,0.2,-2.727767,0.358,14.652,0.088,7,15.928,0.091,7,NA,NA,0,15.18,0.103,7,14.039,0.123,7,13.494,0.094,7,13.207,0.05,2,NA,NA,0
84.918636,0.487,-2.587793,0.336,16.847,0.034,2,17.771,0.123,2,NA,NA,0,17.647,0.152,5,16.387,0.059,5,15.737,0.103,5,NA,NA,0,NA,NA,0
84.919026,0.193,-2.429659,0.146,11.485,0.004,5,11.964,0.007,5,NA,NA,0,11.71,0.017,5,11.355,0.011,5,11.248,0.018,5,11.169,0.057,3,NA,NA,0
84.919157,0.234,-2.602444,0.146,15.475,0.038,5,16.682,0.039,5,NA,NA,0,16.084,0.053,5,15.041,0.033,5,14.556,0.048,5,NA,NA,0,NA,NA,0
84.919949,0.215,-2.501528,0.369,NA,NA,0,NA,NA,0,NA,NA,0,18.169,0.129,2,17.479,0.207,2,NA,NA,0,NA,NA,0,NA,NA,0
84.921169,0.244,-2.417508,0.16,15.829,0.048,5,17.25,0.098,5,NA,NA,0,16.45,0.05,5,15.272,0.027,5,14.719,0.041,5,NA,NA,0,NA,NA,0
84.921667,0.426,-2.799127,0.414,16.471,0.15,7,17.782,0.176,7,NA,NA,0,17.005,0.143,7,15.943,0.109,7,15.46,0.188,7,NA,NA,0,NA,NA,0
84.92238,1.158,-2.528696,0.682,16.476,0.11,4,17.744,0.252,4,NA,NA,0,17.091,0.04,4,15.996,0.081,4,15.561,0.059,3,NA,NA,0,NA,NA,0
84.922747,0.292,-2.727552,0.342,15.788,0.107,7,17.099,0.094,7,NA,NA,0,16.302,0.118,7,15.18,0.099,7,14.652,0.12,7,NA,NA,0,NA,NA,0
84.92394,0.555,-2.75566,0.409,NA,NA,0,NA,NA,0,NA,NA,0,18.452,0.182,1,17.251,0.138,1,16.28,0.16,1,NA,NA,0,NA,NA,0
84.924204,0.412,-2.3234,0.274,NA,NA,0,NA,NA,0,NA,NA,0,18.509,0.208,1,17.384,0.165,1,NA,NA,0,NA,NA,0,NA,NA,0
84.925905,0.205,-2.281914,0.193,15.754,0.035,5,16.787,0.047,5,NA,NA,0,16.242,0.037,5,15.418,0.043,5,15.072,0.092,5,NA,NA,0,NA,NA,0
84.926145,0.047,-2.506714,0.108,NA,NA,0,NA,NA,0,NA,NA,0,18.437,0.197,1,18.05,0.3,1,NA,NA,0,NA,NA,0,NA,NA,0
84.929395,0.204,-2.479351,0.107,11.423,0.011,5,12.742,0.017,5,NA,NA,0,12.089,0.016,5,10.957,0.021,7,10.489,0.041,8,10.165,0.069,3,NA,NA,0
84.929942,0.299,-2.54531,0.316,NA,NA,0,NA,NA,0,NA,NA,0,18.311,0.221,4,16.899,0.132,4,15.488,0.064,4,NA,NA,0,NA,NA,0
84.930236,0.603,-2.329526,0.354,17.254,0.185,1,18.148,0.28,1,NA,NA,0,17.914,0.103,5,16.97,0.108,5,16.152,0.199,4,NA,NA,0,NA,NA,0
84.930387,0.148,-2.407511,0.158,14.942,0.011,5,15.967,0.017,5,NA,NA,0,15.465,0.014,5,14.563,0.028,5,14.15,0.034,5,NA,NA,0,NA,NA,0
84.930734,0.266,-2.374102,0.223,16.235,0.019,5,17.353,0.074,5,NA,NA,0,16.802,0.028,5,15.798,0.046,5,15.332,0.037,5,NA,NA,0,NA,NA,0
84.931459,0.439,-2.774243,0.373,NA,NA,0,NA,NA,0,NA,NA,0,17.876,0.216,6,16.537,0.202,6,15.386,0.222,6,NA,NA,0,NA,NA,0
84.931893,0.622,-2.630547,0.372,NA,NA,0,NA,NA,0,NA,NA,0,18.392,0.022,2,17.613,0.033,2,NA,NA,0,NA,NA,0,NA,NA,0
84.933781,0.344,-2.519222,0.2,13.86,0.014,5,15.246,0.021,5,NA,NA,0,14.55,0.017,5,13.343,0.017,5,12.819,0.024,5,12.473,0.031,2,NA,NA,0
84.934062,0.269,-2.72762,0.408,14.079,0.091,7,15.074,0.066,7,NA,NA,0,14.454,0.102,7,13.613,0.116,7,13.328,0.107,7,13.38,0.107,2,NA,NA,0
84.937183,0.661,-2.390537,0.385,16.705,0.082,4,17.529,0.175,4,NA,NA,0,17.147,0.084,4,16.281,0.114,4,15.974,0.16,1,NA,NA,0,NA,NA,0
84.937727,0.623,-2.785365,0.587,NA,NA,0,NA,NA,0,NA,NA,0,17.705,0.139,7,16.589,0.131,7,16.01,0.242,7,NA,NA,0,NA,NA,0
84.937762,0.56,-2.313366,0.278,17.018,0.136,4,18.059,0.098,4,NA,NA,0,17.452,0.138,5,16.633,0.077,5,16.23,0.16,5,NA,NA,0,NA,NA,0
84.937775,0.522,-2.580524,0.055,NA,NA,0,NA,NA,0,NA,NA,0,18.344,0.174,1,17.932,0.267,1,NA,NA,0,NA,NA,0,NA,NA,0
84.939035,0.67,-2.442854,0.258,NA,NA,0,NA,NA,0,NA,NA,0,18.059,0.047,4,17.347,0.124,4,NA,NA,0,NA,NA,0,NA,NA,0
84.940852,0.721,-2.390531,0.144,15.163,0.03,5,16.204,0.034,5,NA,NA,0,15.71,0.043,5,14.739,0.029,5,14.29,0.025,5,NA,NA,0,NA,NA,0
84.941636,0.417,-2.552533,0.347,13.82,0.013,5,14.727,0.02,5,NA,NA,0,14.249,0.014,5,13.52,0.019,5,13.293,0.024,5,13.424,0.439,3,NA,NA,0
84.94172,0.353,-2.417865,0.175,15.897,0.046,5,17.476,0.073,5,NA,NA,0,16.581,0.063,5,15.452,0.037,5,14.968,0.062,5,NA,NA,0,NA,NA,0
84.942437,0.297,-2.67556,0.214,8.994,0.015,3,9.061,0.041,3,NA,NA,0,9.217,0.462,4,9.109,0.019,3,9.323,0.066,3,9.379,0.055,3,NA,NA,0
84.94252,0.514,-2.515467,0.362,17.134,0.232,4,17.857,0.191,4,NA,NA,0,17.435,0.142,5,16.908,0.194,5,16.519,0.098,2,NA,NA,0,NA,NA,0
84.942871,0.125,-2.450139,0.256,NA,NA,0,NA,NA,0,NA,NA,0,18.578,0.233,1,17.454,0.175,1,NA,NA,0,NA,NA,0,NA,NA,0
84.943649,0.342,-2.767276,0.482,16.724,0.111,7,17.692,0.168,7,NA,NA,0,17.164,0.145,7,16.232,0.156,7,15.855,0.247,7,NA,NA,0,NA,NA,0
84.94478,0.213,-2.422391,0.205,15.853,0.04,5,17.131,0.091,5,NA,NA,0,16.531,0.019,5,15.373,0.022,5,14.904,0.062,5,NA,NA,0,NA,NA,0
84.94564,0.638,-2.39952,0.706,NA,NA,0,NA,NA,0,NA,NA,0,18.184,0.06,5,16.878,0.061,5,16.265,0.148,2,NA,NA,0,NA,NA,0
84.945729,0.232,-2.788148,0.382,14.936,0.093,7,15.956,0.071,7,NA,NA,0,15.341,0.108,7,14.459,0.094,7,14.038,0.117,7,13.629,0.196,1,NA,NA,0
84.946058,0.358,-2.594516,0.165,15.761,0.023,5,16.999,0.061,5,NA,NA,0,16.375,0.063,5,15.265,0.037,5,14.712,0.068,5,NA,NA,0,NA,NA,0
84.946178,0.561,-2.23457,0.314,17.13,0.001,2,18.186,0.005,2,NA,NA,0,17.865,0.175,5,16.771,0.094,5,16.198,0.085,5,NA,NA,0,NA,NA,0
84.947544,0.222,-2.437864,0.143,11.836,0.029,5,12.737,0.036,5,NA,NA,0,12.287,0.02,5,11.538,0.02,5,11.212,0.021,5,11.081,0.069,3,NA,NA,0
84.948334,0.364,-2.27896,0.257,16.236,0.059,5,17.907,0.177,5,NA,NA,0,17.004,0.059,5,15.794,0.084,5,15.152,0.04,5,NA,NA,0,NA,NA,0
84.948661,0.607,-2.606347,0.404,NA,NA,0,NA,NA,0,NA,NA,0,18.656,0.265,2,17.355,0.113,2,15.938,0.036,2,NA,NA,0,NA,NA,0
84.949314,0.453,-2.540227,0.264,13.81,0.051,5,15.084,0.066,5,NA,NA,0,14.48,0.048,5,13.261,0.036,5,12.697,0.044,5,12.386,0.102,4,NA,NA,0
84.949926,0.716,-2.625955,0.528,NA,NA,0,NA,NA,0,NA,NA,0,18.221,0.183,3,17.22,0.205,3,16.282,0.197,2,NA,NA,0,NA,NA,0
84.950192,0.415,-2.765746,0.485,16.484,0.121,2,17.966,0.073,2,NA,NA,0,17.309,0.149,7,15.898,0.125,7,14.812,0.132,7,NA,NA,0,NA,NA,0
84.950626,0.268,-2.783574,0.557,NA,NA,0,NA,NA,0,NA,NA,0,18.198,0.267,3,17.174,0.126,3,NA,NA,0,NA,NA,0,NA,NA,0
84.951759,0.482,-2.525075,0.295,NA,NA,0,NA,NA,0,NA,NA,0,18.375,0.236,3,17.434,0.079,3,NA,NA,0,NA,NA,0,NA,NA,0
84.952112,0.347,-2.621609,0.267,16.043,0.057,5,17.055,0.138,5,NA,NA,0,16.513,0.024,5,15.63,0.052,5,15.302,0.062,5,NA,NA,0,NA,NA,0
84.952403,0.27,-2.275125,0.2,15.951,0.042,5,17.453,0.135,5,NA,NA,0,16.688,0.045,5,15.343,0.03,5,14.333,0.035,5,NA,NA,0,NA,NA,0
84.953004,0.277,-2.577144,0.229,15.857,0.068,5,16.852,0.051,5,NA,NA,0,16.338,0.042,5,15.43,0.039,5,15.046,0.085,5,NA,NA,0,NA,NA,0
84.953804,0.378,-2.486463,0.279,NA,NA,0,NA,NA,0,NA,NA,0,18.138,0.133,5,16.791,0.113,5,15.375,0.076,5,NA,NA,0,NA,NA,0
84.95404,0.296,-2.808989,0.497,15.729,0.116,7,16.747,0.142,7,NA,NA,0,16.149,0.081,7,15.293,0.132,7,14.854,0.165,7,NA,NA,0,NA,NA,0
84.955522,0.341,-2.334838,0.26,16.443,0.082,5,17.433,0.074,5,NA,NA,0,16.958,0.04,5,16.084,0.058,5,15.61,0.122,5,NA,NA,0,NA,NA,0
84.955529,0.384,-2.365212,0.248,15.362,0.013,5,16.21,0.038,5,NA,NA,0,15.796,0.022,5,15.074,0.028,5,14.7,0.032,5,NA,NA,0,NA,NA,0
84.955869,0.692,-2.795627,0.75,NA,NA,0,NA,NA,0,NA,NA,0,18.574,0.172,2,17.346,0.145,2,NA,NA,0,NA,NA,0,NA,NA,0
84.95599,0.197,-2.292261,0.22,14.572,0.019,5,16.087,0.045,5,NA,NA,0,15.324,0.031,5,14.031,0.016,5,13.459,0.021,5,12.96,0.009,2,NA,NA,0
84.956939,1.162,-2.395388,0.699,NA,NA,0,NA,NA,0,NA,NA,0,17.866,0.099,4,16.791,0.05,4,16.019,0.032,2,NA,NA,0,NA,NA,0
84.959369,0.746,-2.633373,0.409,NA,NA,0,NA,NA,0,NA,NA,0,18.178,0.195,1,17.082,0.196,1,NA,NA,0,NA,NA,0,NA,NA,0
84.959806,0.645,-2.438561,0.341,NA,NA,0,NA,NA,0,NA,NA,0,18.419,0.253,4,17.401,0.22,4,NA,NA,0,NA,NA,0,NA,NA,0
84.959918,0.186,-2.725141,0.25,15.084,0.086,7,16.584,0.092,7,NA,NA,0,15.732,0.105,7,14.39,0.113,7,13.497,0.117,7,NA,NA,0,NA,NA,0
84.959925,0.442,-2.630664,0.347,17.399,0.249,1,17.564,0.18,1,NA,NA,0,17.681,0.041,4,16.885,0.086,4,16.418,0.101,3,NA,NA,0,NA,NA,0
84.960459,0.142,-2.323481,0.954,NA,NA,0,NA,NA,0,NA,NA,0,18.781,0.254,1,17.602,0.205,1,NA,NA,0,NA,NA,0,NA,NA,0
84.960589,0.429,-2.742866,0.488,16.775,0.19,7,18.052,0.197,7,NA,NA,0,17.272,0.126,7,16.32,0.154,7,15.797,0.221,7,NA,NA,0,NA,NA,0
84.960604,0.986,-2.654158,0.576,NA,NA,0,NA,NA,0,NA,NA,0,18.124,0.265,5,17.09,0.186,5,16.446,0.24,5,NA,NA,0,NA,NA,0
84.961439,0.654,-2.782987,0.685,16.98,0.179,6,18.025,0.257,6,NA,NA,0,17.477,0.059,7,16.454,0.132,7,16.129,0.397,7,NA,NA,0,NA,NA,0
84.961808,0.194,-2.728452,0.366,15.578,0.1,7,16.801,0.162,7,NA,NA,0,16.072,0.122,7,15.019,0.117,7,14.443,0.112,7,NA,NA,0,NA,NA,0
84.962888,0.325,-2.405005,0.217,16.411,0.038,5,17.468,0.118,5,NA,NA,0,16.868,0.036,5,15.996,0.063,5,15.572,0.132,5,NA,NA,0,NA,NA,0
84.963008,0.47,-2.540448,0.185,13.567,0.018,5,15.614,0.036,5,NA,NA,0,14.57,0.009,5,12.772,0.009,5,11.699,0.017,5,11.024,0.062,4,NA,NA,0
84.963562,0.856,-2.379517,0.221,15.667,0.035,5,17.338,0.167,5,NA,NA,0,16.43,0.063,5,15.136,0.049,5,14.383,0.048,5,NA,NA,0,NA,NA,0
84.964869,0.414,-2.252569,0.353,NA,NA,0,NA,NA,0,NA,NA,0,18.017,0.074,4,17.186,0.161,4,16.255,0.18,2,NA,NA,0,NA,NA,0
84.96506,0.414,-2.610294,0.409,NA,NA,0,NA,NA,0,NA,NA,0,18.221,0.289,4,17.306,0.194,4,16.357,0.094,2,NA,NA,0,NA,NA,0
84.968232,0.505,-2.604047,0.35,16.829,0.074,2,18.276,0.095,2,NA,NA,0,17.622,0.058,5,16.224,0.084,5,15.005,0.084,5,NA,NA,0,NA,NA,0
84.968371,0.498,-2.618552,0.44,NA,NA,0,NA,NA,0,NA,NA,0,18.064,0.133,5,17.175,0.216,5,16.692,0.087,2,NA,NA,0,NA,NA,0
84.968649,0.244,-2.533985,0.242,14.274,0.078,5,15.543,0.099,5,NA,NA,0,14.925,0.082,5,13.744,0.079,5,13.17,0.065,5,12.896,0.248,3,NA,NA,0
84.968885,0.343,-2.722831,0.286,14.052,0.105,7,15.876,0.077,7,NA,NA,0,14.865,0.1,7,13.254,0.103,7,12.549,0.097,7,12.173,0.081,2,NA,NA,0
84.969329,0.539,-2.517311,0.444,17.172,0.12,4,17.943,0.086,4,NA,NA,0,17.576,0.064,5,16.863,0.203,5,16.524,0.163,4,NA,NA,0,NA,NA,0
84.970114,0.456,-2.487938,0.361,16.947,0.092,3,18.334,0.064,3,NA,NA,0,17.52,0.052,5,16.589,0.151,5,16.291,0.247,5,NA,NA,0,NA,NA,0
84.970549,0.214,-2.402355,0.266,13.388,0.011,5,14.267,0.015,5,NA,NA,0,13.838,0.022,5,13.062,0.01,5,12.713,0.013,5,12.407,0.147,2,NA,NA,0
84.970992,0.583,-2.696383,0.903,NA,NA,0,NA,NA,0,NA,NA,0,18.407,0.246,1,18.003,0.463,1,NA,NA,0,NA,NA,0,NA,NA,0
84.971367,0.181,-2.718972,0.266,13.937,0.093,7,15.35,0.082,7,NA,NA,0,14.543,0.109,7,13.294,0.112,7,12.724,0.087,7,12.378,0.036,2,NA,NA,0
84.971593,0.303,-2.468977,0.15,13.271,0.018,5,14.245,0.007,5,NA,NA,0,13.764,0.019,5,12.918,0.012,5,12.562,0.029,5,12.413,0.013,2,NA,NA,0
84.97251,0.395,-2.571444,0.47,17.247,0.197,1,18.317,0.351,1,NA,NA,0,17.907,0.106,5,16.847,0.118,5,16.304,0.231,5,NA,NA,0,NA,NA,0
84.972927,0.655,-2.802955,0.37,NA,NA,0,NA,NA,0,NA,NA,0,18.757,0.035,2,17.747,0.216,2,NA,NA,0,NA,NA,0,NA,NA,0
84.973387,0.834,-2.795951,0.569,NA,NA,0,NA,NA,0,NA,NA,0,18.352,0.08,4,17.422,0.189,4,NA,NA,0,NA,NA,0,NA,NA,0
84.973451,0.408,-2.561862,0.33,16.867,0.077,4,17.868,0.247,4,NA,NA,0,17.374,0.174,5,16.384,0.116,5,15.343,0.077,5,NA,NA,0,NA,NA,0
84.973926,0.294,-2.526551,0.191,15.656,0.049,5,16.64,0.027,5,NA,NA,0,16.165,0.01,5,15.344,0.038,5,15.027,0.083,5,NA,NA,0,NA,NA,0
84.974268,0.388,-2.737162,0.376,16.296,0.122,7,17.376,0.243,7,NA,NA,0,16.702,0.125,7,15.829,0.121,7,15.49,0.16,7,NA,NA,0,NA,NA,0
84.975548,0.728,-2.458226,0.727,16.944,0.097,3,17.942,0.188,3,NA,NA,0,17.56,0.095,5,16.385,0.028,5,15.425,0.041,5,NA,NA,0,NA,NA,0
84.976169,0.196,-2.410846,0.193,14.983,0.044,5,16.392,0.075,5,NA,NA,0,15.728,0.016,5,14.357,0.041,5,13.266,0.046,5,12.501,0.074,1,NA,NA,0
84.976285,0.531,-2.266908,0.311,17.894,0.232,1,18.062,0.213,1,NA,NA,0,18.061,0.068,4,17.126,0.077,4,16.633,0.226,1,NA,NA,0,NA,NA,0
84.976527,0.205,-2.746523,0.28,12.979,0.105,7,14.444,0.078,7,NA,NA,0,13.589,0.112,7,12.35,0.1,7,11.769,0.109,7,11.459,0.059,3,NA,NA,0
84.976567,0.202,-2.673944,0.249,15.273,0.028,5,16.578,0.072,5,NA,NA,0,15.9,0.035,5,14.749,0.053,5,14.344,0.031,5,NA,NA,0,NA,NA,0
84.977724,0.263,-2.776085,0.415,14.304,0.103,7,15.546,0.083,7,NA,NA,0,14.852,0.145,7,13.636,0.154,7,13.049,0.12,7,12.556,0.079,3,NA,NA,0
84.977986,0.572,-2.508378,0.527,NA,NA,0,NA,NA,0,NA,NA,0,18.404,0.102,2,17.405,0.038,2,NA,NA,0,NA,NA,0,NA,NA,0
84.978544,0.307,-2.324985,0.183,15.33,0.026,5,16.802,0.087,5,NA,NA,0,16.108,0.034,5,14.721,0.016,5,14.016,0.029,5,13.505,0.179,1,NA,NA,0
84.97909,0.595,-2.679993,0.623,17.579,0.174,1,18.397,0.281,1,NA,NA,0,18.175,0.038,4,17.058,0.068,4,NA,NA,0,NA,NA,0,NA,NA,0
84.979685,0.276,-2.442983,0.219,13.591,0.018,5,14.479,0.018,5,NA,NA,0,14.036,0.015,5,13.275,0.014,5,12.926,0.011,5,12.751,0.134,2,NA,NA,0
84.980088,0.312,-2.500765,0.27,16.45,0.06,5,17.725,0.186,5,NA,NA,0,16.998,0.027,5,16.081,0.064,5,15.606,0.111,5,NA,NA,0,NA,NA,0
84.98083,0.493,-2.285212,0.469,NA,NA,0,NA,NA,0,NA,NA,0,18.097,0.052,4,17.253,0.176,4,16.491,0.143,3,NA,NA,0,NA,NA,0
84.981424,0.464,-2.512558,0.306,16.746,0.071,5,17.71,0.175,5,NA,NA,0,17.134,0.048,5,16.411,0.048,5,16.005,0.087,5,NA,NA,0,NA,NA,0
84.982399,0.374,-2.318782,0.315,16.57,0.043,4,17.724,0.083,4,NA,NA,0,17.204,0.057,5,16.112,0.064,5,15.756,0.086,5,NA,NA,0,NA,NA,0
84.982924,0.698,-2.717494,0.584,17.286,0.267,4,17.883,0.065,4,NA,NA,0,17.581,0.142,7,16.749,0.119,7,16.151,0.192,7,NA,NA,0,NA,NA,0
84.983111,0.345,-2.343526,0.253,15.933,0.032,5,17.376,0.138,5,NA,NA,0,16.7,0.045,5,15.343,0.028,5,14.314,0.061,5,NA,NA,0,NA,NA,0
84.984964,0.697,-2.383625,0.483,NA,NA,0,NA,NA,0,NA,NA,0,17.981,0.213,4,16.92,0.094,4,16.303,0.232,1,NA,NA,0,NA,NA,0
84.98515,0.772,-2.299935,0.319,17.583,0.231,1,17.896,0.252,1,NA,NA,0,17.954,0.139,5,17.078,0.114,5,16.642,0.201,3,NA,NA,0,NA,NA,0
84.985719,0.3,-2.773164,0.541,16.583,0.163,6,17.681,0.107,6,NA,NA,0,17.167,0.109,7,16.047,0.144,7,15.591,0.294,7,NA,NA,0,NA,NA,0
84.986125,0.292,-2.636842,0.528,16.295,0.075,5,17.945,0.279,5,NA,NA,0,17.014,0.079,5,15.742,0.059,5,15.029,0.093,5,NA,NA,0,NA,NA,0
84.986164,0.348,-2.590873,0.294,16.358,0.053,5,17.392,0.111,5,NA,NA,0,16.872,0.059,5,16.047,0.044,5,15.611,0.099,5,NA,NA,0,NA,NA,0
84.986761,0.519,-2.583006,0.37,16.997,0.027,3,17.95,0.099,3,NA,NA,0,17.522,0.137,5,16.522,0.03,5,16.183,0.237,5,NA,NA,0,NA,NA,0
84.988869,0.355,-2.684794,0.318,16.267,0.065,5,17.421,0.116,5,NA,NA,0,16.852,0.029,5,15.886,0.056,5,15.44,0.157,5,NA,NA,0,NA,NA,0
84.990061,0.318,-2.79328,0.467,16.352,0.103,6,18.039,0.27,6,NA,NA,0,17.112,0.102,7,15.638,0.076,7,14.924,0.116,7,NA,NA,0,NA,NA,0
84.990723,0.127,-2.596938,0.629,NA,NA,0,NA,NA,0,NA,NA,0,18.49,0.267,1,NA,NA,0,16.441,0.293,1,NA,NA,0,NA,NA,0
84.991567,0.216,-2.800108,0.549,15.252,0.093,7,16.739,0.119,7,NA,NA,0,15.901,0.092,7,14.619,0.087,7,13.973,0.109,7,NA,NA,0,NA,NA,0
84.99166,0.57,-2.732259,0.498,16.995,0.14,5,18.05,0.055,5,NA,NA,0,17.568,0.165,7,16.467,0.152,7,15.865,0.192,7,NA,NA,0,NA,NA,0
84.992656,0.449,-2.438563,0.259,17.098,0.162,1,18.086,0.275,1,NA,NA,0,17.641,0.143,5,16.239,0.15,5,14.987,0.059,5,NA,NA,0,NA,NA,0
84.993074,0.313,-2.483117,0.229,16.06,0.047,5,17.405,0.045,5,NA,NA,0,16.765,0.035,5,15.568,0.033,5,14.993,0.099,5,NA,NA,0,NA,NA,0
84.993133,0.494,-2.640876,0.525,16.675,0.145,5,17.685,0.223,5,NA,NA,0,17.272,0.078,5,16.198,0.106,5,15.638,0.083,5,NA,NA,0,NA,NA,0
84.994421,0.278,-2.369389,0.198,15.915,0.056,5,17.006,0.075,5,NA,NA,0,16.451,0.022,5,15.552,0.023,5,15.094,0.054,5,NA,NA,0,NA,NA,0
84.995923,0.37,-2.287877,0.327,14.424,0.021,5,15.51,0.035,5,NA,NA,0,14.972,0.016,5,14.036,0.011,5,13.631,0.026,5,13.275,0.147,1,NA,NA,0
84.99633,0.303,-2.298433,0.249,15.673,0.057,5,16.905,0.051,5,NA,NA,0,16.295,0.055,5,15.288,0.036,5,14.723,0.051,5,NA,NA,0,NA,NA,0
84.996912,0.354,-2.561599,0.555,NA,NA,0,NA,NA,0,NA,NA,0,18.374,0.09,2,17.425,0.188,2,NA,NA,0,NA,NA,0,NA,NA,0
84.997091,0.199,-2.381766,0.089,10.91,0.043,8,11.727,0.047,5,NA,NA,0,11.31,0.05,5,10.658,0.055,8,10.442,0.076,8,10.265,0.065,3,NA,NA,0
84.997447,1.235,-2.465418,0.7,16.714,0.028,3,17.287,0.137,3,NA,NA,0,16.874,0.152,3,16.43,0.12,3,NA,NA,0,NA,NA,0,NA,NA,0
84.997619,0.398,-2.687702,0.343,16.732,0.147,1,17.975,0.264,1,NA,NA,0,17.65,0.08,5,16.233,0.12,5,15.67,0.209,5,NA,NA,0,NA,NA,0
84.998071,0.054,-2.722358,0.907,NA,NA,0,NA,NA,0,NA,NA,0,18.346,0.223,1,17.692,0.382,1,NA,NA,0,NA,NA,0,NA,NA,0
84.999434,1.049,-2.466249,0.459,NA,NA,0,NA,NA,0,NA,NA,0,17.081,0.033,2,16.33,0.132,2,15.571,0.117,1,NA,NA,0,NA,NA,0
84.999507,0.407,-2.33935,0.518,NA,NA,0,NA,NA,0,NA,NA,0,18.154,0.096,3,16.949,0.139,3,16.268,0.124,2,NA,NA,0,NA,NA,0
85.000232,0.567,-2.510086,0.29,NA,NA,0,NA,NA,0,NA,NA,0,18.591,0.164,3,17.177,0.056,3,16.53,0.202,1,NA,NA,0,NA,NA,0
85.000408,0.59,-2.731351,0.325,16.766,0.188,7,17.884,0.18,7,NA,NA,0,17.126,0.136,7,16.237,0.134,7,15.658,0.193,7,NA,NA,0,NA,NA,0
85.000695,0.899,-2.281788,0.243,16.083,0.041,5,17.122,0.082,5,NA,NA,0,16.596,0.04,5,15.674,0.033,5,15.218,0.04,5,NA,NA,0,NA,NA,0
85.001244,0.394,-2.456329,0.369,NA,NA,0,NA,NA,0,NA,NA,0,18.434,0.204,4,17.231,0.122,4,16.795,0.266,1,NA,NA,0,NA,NA,0
85.001696,0.45,-2.754515,0.711,NA,NA,0,NA,NA,0,NA,NA,0,18.189,0.181,6,17.091,0.134,6,16.451,0.1,5,NA,NA,0,NA,NA,0
85.003148,0.215,-2.664447,0.272,12.968,0.022,5,13.587,0.012,5,NA,NA,0,13.243,0.017,5,12.783,0.019,5,12.624,0.037,5,12.461,0.12,2,NA,NA,0
85.003386,0.5,-2.254596,0.143,NA,NA,0,NA,NA,0,NA,NA,0,18.584,0.235,2,17.713,0.04,2,NA,NA,0,NA,NA,0,NA,NA,0
85.003457,0.597,-2.270581,0.237,NA,NA,0,NA,NA,0,NA,NA,0,18.238,0.056,3,17.281,0.056,3,NA,NA,0,NA,NA,0,NA,NA,0
85.007456,0.664,-2.722813,0.624,17.098,0.039,4,18.06,0.27,4,NA,NA,0,17.62,0.055,7,16.724,0.281,7,16.144,0.156,7,NA,NA,0,NA,NA,0
85.007475,0.483,-2.620917,0.193,16.126,0.041,5,17.271,0.075,5,NA,NA,0,16.737,0.028,5,15.658,0.032,5,15.193,0.113,5,NA,NA,0,NA,NA,0
85.008153,0.407,-2.359073,0.232,16.785,0.14,3,17.958,0.33,3,NA,NA,0,17.563,0.293,5,16.142,0.152,5,14.957,0.182,5,NA,NA,0,NA,NA,0
85.010271,0.927,-2.654926,0.712,NA,NA,0,NA,NA,0,NA,NA,0,18.471,0.084,3,17.122,0.103,3,16.17,0.087,2,NA,NA,0,NA,NA,0
85.010954,0.371,-2.275826,0.142,NA,NA,0,NA,NA,0,NA,NA,0,18.304,0.242,1,16.794,0.143,1,16.123,0.196,1,NA,NA,0,NA,NA,0
85.012933,0.631,-2.35273,0.525,NA,NA,0,NA,NA,0,NA,NA,0,18.233,0.249,5,16.961,0.145,5,16.322,0.198,5,NA,NA,0,NA,NA,0
85.01411,0.247,-2.483715,0.31,14.681,0.049,5,16.084,0.043,5,NA,NA,0,15.416,0.051,5,14.117,0.046,5,13.461,0.034,5,12.99,0.109,2,NA,NA,0
85.014755,0.605,-2.265908,0.25,17.31,0.191,1,18.057,0.307,1,NA,NA,0,17.897,0.101,5,16.713,0.125,5,16.085,0.174,5,NA,NA,0,NA,NA,0
85.015234,0.202,-2.279463,0.245,14.918,0.029,5,16.416,0.085,5,NA,NA,0,15.699,0.054,5,14.279,0.024,5,13.512,0.02,5,13.031,0.058,2,NA,NA,0
85.016813,0.631,-2.396623,0.482,17.756,0.288,1,17.774,0.234,1,NA,NA,0,18.116,0.093,5,17.47,0.148,5,16.335,0.238,1,NA,NA,0,NA,NA,0
85.017907,0.519,-2.25329,0.423,NA,NA,0,NA,NA,0,NA,NA,0,18.21,0.114,3,17.249,0.186,3,17.028,0.311,1,NA,NA,0,NA,NA,0
85.017956,0.411,-2.620088,0.222,NA,NA,0,NA,NA,0,NA,NA,0,18.539,0.284,2,17.523,0.093,2,NA,NA,0,NA,NA,0,NA,NA,0
85.018224,0.808,-2.712354,0.466,17.418,0.102,2,17.909,0.169,2,NA,NA,0,17.785,0.098,5,16.904,0.151,5,16.104,0.217,2,NA,NA,0,NA,NA,0
85.019017,0.201,-2.478067,0.135,15.3,0.056,5,16.569,0.058,5,NA,NA,0,15.981,0.036,5,14.838,0.012,5,14.347,0.053,5,NA,NA,0,NA,NA,0
85.021047,0.477,-2.707978,0.462,16.427,0.091,7,17.723,0.222,7,NA,NA,0,17.041,0.169,7,15.818,0.155,7,15.195,0.126,7,NA,NA,0,NA,NA,0
85.021214,0.191,-2.599016,0.227,15.085,0.037,5,16.127,0.037,5,NA,NA,0,15.594,0.02,5,14.685,0.033,5,14.254,0.036,5,NA,NA,0,NA,NA,0
85.021275,0.296,-2.333092,0.176,14.733,0.075,5,16.176,0.094,5,NA,NA,0,15.488,0.07,5,14.149,0.07,5,13.326,0.059,5,12.885,0.018,2,NA,NA,0
85.021471,0.231,-2.681861,0.268,NA,NA,0,NA,NA,0,NA,NA,0,18.037,0.212,2,17.17,0.017,2,16.704,0.219,1,NA,NA,0,NA,NA,0
85.02208,0.29,-2.760498,0.411,12.827,0.099,7,14.288,0.071,7,NA,NA,0,13.456,0.099,7,12.199,0.102,7,11.639,0.099,7,11.373,0.029,3,NA,NA,0
85.022109,0.74,-2.501241,0.548,17.872,0.212,1,18,0.187,1,NA,NA,0,18.632,0.243,3,17.405,0.032,3,16.691,0.343,1,NA,NA,0,NA,NA,0
85.022903,0.474,-2.413261,0.337,16.78,0.131,5,17.837,0.174,5,NA,NA,0,17.268,0.09,5,16.393,0.065,5,15.893,0.071,5,NA,NA,0,NA,NA,0
85.024239,0.395,-2.734663,0.422,16.29,0.123,7,17.133,0.064,7,NA,NA,0,16.66,0.131,7,15.911,0.139,7,15.658,0.101,7,NA,NA,0,NA,NA,0
85.024956,0.187,-2.539149,0.247,15.786,0.036,5,17.12,0.037,5,NA,NA,0,16.432,0.058,5,15.312,0.048,5,14.758,0.046,5,NA,NA,0,NA,NA,0
85.024978,0.234,-2.280557,0.185,15.553,0.049,5,16.859,0.019,5,NA,NA,0,16.236,0.037,5,15.025,0.039,5,14.507,0.061,5,NA,NA,0,NA,NA,0
85.027054,0.43,-2.75895,0.463,16.805,0.182,1,17.982,0.283,1,NA,NA,0,17.321,0.018,2,16.331,0.028,2,NA,NA,0,NA,NA,0,NA,NA,0
85.02727,0.547,-2.555411,0.354,16.751,0.083,5,17.618,0.046,5,NA,NA,0,17.147,0.046,5,16.385,0.074,5,15.921,0.233,5,NA,NA,0,NA,NA,0
85.027808,0.449,-2.263177,0.394,17.239,0.041,3,17.795,0.049,3,NA,NA,0,17.672,0.18,5,16.692,0.073,5,16.239,0.19,5,NA,NA,0,NA,NA,0
85.027903,0.694,-2.271315,0.541,NA,NA,0,NA,NA,0,NA,NA,0,18.198,0.142,3,17.189,0.058,3,16.476,0.259,1,NA,NA,0,NA,NA,0
85.0283,0.596,-2.724917,0.464,NA,NA,0,NA,NA,0,NA,NA,0,17.899,0.136,7,16.417,0.138,7,15.813,0.127,7,NA,NA,0,NA,NA,0
85.029003,0.205,-2.475003,0.139,11.398,0.014,5,11.927,0.017,5,NA,NA,0,11.635,0.021,5,11.269,0.013,5,11.18,0.015,5,11.201,0.045,3,NA,NA,0
85.03174,0.361,-2.731047,0.455,15.107,0.079,7,16.079,0.068,7,NA,NA,0,15.5,0.105,7,14.639,0.116,7,14.243,0.123,7,NA,NA,0,NA,NA,0
85.033695,0.275,-2.600398,0.368,15.127,0.031,5,16.296,0.088,5,NA,NA,0,15.753,0.033,5,14.661,0.017,5,14.241,0.051,5,NA,NA,0,NA,NA,0
85.033825,0.558,-2.302268,0.301,17.766,0.286,1,18.607,0.473,1,NA,NA,0,17.994,0.135,5,16.683,0.06,5,16.103,0.229,5,NA,NA,0,NA,NA,0
85.034751,0.381,-2.28564,0.278,NA,NA,0,NA,NA,0,NA,NA,0,18.785,0.053,2,16.81,0.157,2,16.114,0.15,1,NA,NA,0,NA,NA,0
85.035157,0.535,-2.662268,0.485,NA,NA,0,NA,NA,0,NA,NA,0,18.493,0.268,4,17.464,0.129,4,16.385,0.185,2,NA,NA,0,NA,NA,0
85.035478,0.296,-2.607708,0.265,15.653,0.036,5,16.666,0.033,5,NA,NA,0,16.203,0.021,5,15.277,0.049,5,14.858,0.06,5,NA,NA,0,NA,NA,0
85.035693,0.378,-2.704615,0.361,14.094,0.014,5,15.318,0.006,5,NA,NA,0,14.72,0.012,5,13.628,0.007,5,13.097,0.023,5,12.761,0.047,2,NA,NA,0
85.035711,0.322,-2.40147,0.161,15.878,0.048,5,17.275,0.15,5,NA,NA,0,16.587,0.046,5,15.403,0.033,5,14.793,0.044,5,NA,NA,0,NA,NA,0
85.035802,0.253,-2.722897,0.417,16.269,0.114,7,17.462,0.115,7,NA,NA,0,16.777,0.161,7,15.722,0.089,7,15.267,0.115,7,NA,NA,0,NA,NA,0
85.036118,0.423,-2.545293,0.264,NA,NA,0,NA,NA,0,NA,NA,0,17.947,0.095,5,16.427,0.058,5,14.616,0.097,5,NA,NA,0,NA,NA,0
85.037022,0.358,-2.559335,0.306,14.822,0.372,4,15.99,0.58,4,NA,NA,0,15.531,0.854,5,14.502,0.722,5,13.855,0.582,5,12.829,0.155,1,NA,NA,0
85.037835,0.402,-2.783688,0.597,16.661,0.055,5,17.955,0.243,5,NA,NA,0,17.334,0.088,7,16.099,0.088,7,15.504,0.135,7,NA,NA,0,NA,NA,0
85.038605,0.41,-2.304488,0.223,NA,NA,0,NA,NA,0,NA,NA,0,18.461,0.133,3,17.299,0.243,3,16.055,0.14,1,NA,NA,0,NA,NA,0
85.038731,0.548,-2.525886,0.488,NA,NA,0,NA,NA,0,NA,NA,0,18.099,0.152,3,17.244,0.144,2,16.364,0.272,1,NA,NA,0,NA,NA,0
85.041553,0.453,-2.445006,0.353,NA,NA,0,NA,NA,0,NA,NA,0,17.984,0.168,3,17.326,0.068,3,NA,NA,0,NA,NA,0,NA,NA,0
85.042568,0.453,-2.492409,0.759,NA,NA,0,NA,NA,0,NA,NA,0,19.238,0.414,1,17.909,0.273,1,NA,NA,0,NA,NA,0,NA,NA,0
85.042691,0.222,-2.544572,0.175,15.473,0.068,5,16.56,0.028,5,NA,NA,0,16.012,0.039,5,15.064,0.019,5,14.608,0.028,5,NA,NA,0,NA,NA,0
85.043428,0.385,-2.633212,0.586,17.515,0.279,1,17.921,0.244,1,NA,NA,0,18.301,0.118,3,17.389,0.08,3,NA,NA,0,NA,NA,0,NA,NA,0
85.043639,0.293,-2.600507,0.228,15.61,0.034,5,16.95,0.072,5,NA,NA,0,16.334,0.042,5,15.02,0.043,5,14.416,0.034,5,NA,NA,0,NA,NA,0
85.045499,0.522,-2.596046,0.332,NA,NA,0,NA,NA,0,NA,NA,0,18.039,0.063,4,17.199,0.131,4,16.516,0.2,1,NA,NA,0,NA,NA,0
85.046556,0.168,-2.329912,0.348,14.357,0.021,5,15.369,0.029,5,NA,NA,0,14.887,0.024,5,14.015,0.016,5,13.632,0.027,5,13.451,0.03,2,NA,NA,0
85.047605,0.285,-2.266804,0.192,15.927,0.1,5,16.741,0.141,5,NA,NA,0,16.384,0.04,5,15.628,0.051,5,15.226,0.069,5,NA,NA,0,NA,NA,0
85.048099,0.204,-2.646019,0.392,15.345,0.021,5,16.289,0.077,5,NA,NA,0,15.831,0.016,5,15.025,0.033,5,14.664,0.121,5,NA,NA,0,NA,NA,0
85.048575,0.819,-2.468202,0.485,17.109,0.029,3,17.791,0.13,3,NA,NA,0,17.705,0.102,5,16.973,0.208,5,16.234,0.196,3,NA,NA,0,NA,NA,0
85.049176,0.832,-2.657425,0.536,NA,NA,0,NA,NA,0,NA,NA,0,18.251,0.107,5,17.057,0.099,5,16.399,0.128,3,NA,NA,0,NA,NA,0
85.04945,0.497,-2.387432,0.165,16.116,0.045,5,17.291,0.13,5,NA,NA,0,16.639,0.027,5,15.76,0.072,5,15.255,0.065,5,NA,NA,0,NA,NA,0
85.049502,0.033,-2.271212,0.169,NA,NA,0,NA,NA,0,NA,NA,0,18.346,0.184,1,17.694,0.234,1,NA,NA,0,NA,NA,0,NA,NA,0
85.051626,0.296,-2.548512,0.328,15.988,0.035,5,17.284,0.093,5,NA,NA,0,16.658,0.031,5,15.551,0.041,5,15.026,0.068,5,NA,NA,0,NA,NA,0
85.053119,0.465,-2.472233,0.3,14.445,0.071,5,15.833,0.058,5,NA,NA,0,15.178,0.07,5,13.865,0.062,5,13.179,0.052,5,12.6,0.041,3,NA,NA,0
85.053594,0.173,-2.367258,0.186,13.581,0.068,5,14.903,0.061,5,NA,NA,0,14.261,0.065,5,13.05,0.069,5,12.453,0.067,5,11.957,0.085,3,NA,NA,0
85.053841,0.421,-2.277521,0.481,17.305,0.157,1,18.18,0.249,1,NA,NA,0,17.914,0.103,5,17.123,0.12,5,16.533,0.335,2,NA,NA,0,NA,NA,0
85.054471,0.343,-2.750579,0.772,15.68,0.123,6,16.905,0.124,6,NA,NA,0,16.227,0.13,7,15.062,0.124,7,14.577,0.098,7,NA,NA,0,NA,NA,0
85.054493,0.236,-2.514759,0.178,9.206,0.011,3,9.242,0.05,3,NA,NA,0,9.131,0.061,3,9.359,0.064,3,9.62,0.092,3,9.676,0.065,3,NA,NA,0
85.055048,0.514,-2.765789,0.579,16.943,0.1,4,17.98,0.213,4,NA,NA,0,17.477,0.164,7,16.588,0.086,7,16.262,0.309,7,NA,NA,0,NA,NA,0
85.055344,0.507,-2.594956,0.399,14.713,0.056,5,15.816,0.096,5,NA,NA,0,15.254,0.05,5,14.3,0.061,5,13.905,0.047,5,13.634,0.251,3,NA,NA,0
85.055411,0.374,-2.287965,0.168,14.7,0.013,5,15.631,0.046,5,NA,NA,0,15.179,0.017,5,14.377,0.014,5,14.021,0.031,5,13.517,0.26,1,NA,NA,0
85.055728,0.538,-2.550553,0.522,16.968,0.169,1,17.882,0.249,1,NA,NA,0,17.71,0.121,5,16.885,0.135,5,16.128,0.168,5,NA,NA,0,NA,NA,0
85.056193,0.207,-2.574724,0.255,15.436,0.043,5,16.597,0.054,5,NA,NA,0,16.016,0.028,5,15.08,0.036,5,14.571,0.051,5,NA,NA,0,NA,NA,0
85.056246,0.4,-2.628096,0.363,16.68,0.112,5,17.591,0.106,5,NA,NA,0,17.144,0.037,5,16.281,0.099,5,15.842,0.136,5,NA,NA,0,NA,NA,0
85.056803,0.162,-2.442394,0.271,14.922,0.03,5,16.021,0.043,5,NA,NA,0,15.481,0.036,4,14.483,0.015,4,13.985,0.042,4,NA,NA,0,NA,NA,0
85.059019,0.331,-2.534852,0.451,16.887,0.153,3,18.079,0.329,3,NA,NA,0,17.499,0.125,5,16.423,0.124,5,16.092,0.192,5,NA,NA,0,NA,NA,0
85.05903,1.079,-2.412213,0.872,17.537,0.246,1,17.596,0.197,1,NA,NA,0,18.052,0.149,1,17.075,0.135,1,16.813,0.281,1,NA,NA,0,NA,NA,0
85.059596,0.278,-2.459427,0.303,13.553,0.019,5,14.475,0.009,5,NA,NA,0,14.003,0.021,5,13.217,0.012,5,12.951,0.029,5,12.807,0.014,2,NA,NA,0
85.060195,0.601,-2.735883,0.488,16.875,0.09,2,17.885,0.067,2,NA,NA,0,17.388,0.095,5,16.369,0.088,5,15.737,0.199,1,NA,NA,0,NA,NA,0
85.0602,0.209,-2.391126,0.201,16.007,0.035,5,17.074,0.044,5,NA,NA,0,16.575,0.046,5,15.575,0.044,5,15.124,0.054,5,NA,NA,0,NA,NA,0
85.06054,0.445,-2.324433,0.234,NA,NA,0,NA,NA,0,NA,NA,0,17.979,0.15,3,17.038,0.087,3,16.464,0.182,1,NA,NA,0,NA,NA,0
85.06137,0.257,-2.374053,0.232,15.741,0.031,5,17.869,0.23,5,NA,NA,0,16.735,0.041,5,15.022,0.019,5,14.249,0.019,5,NA,NA,0,NA,NA,0
85.062319,0.259,-2.404056,0.308,16.527,0.065,5,17.501,0.172,5,NA,NA,0,17.042,0.072,5,16.078,0.062,5,15.636,0.169,5,NA,NA,0,NA,NA,0
85.062591,0.351,-2.739295,0.421,13.865,0.113,7,15.17,0.082,7,NA,NA,0,14.403,0.103,7,13.298,0.098,7,12.775,0.111,7,12.491,0.016,3,NA,NA,0
85.064071,0.223,-2.641468,0.334,15.719,0.034,5,16.852,0.094,5,NA,NA,0,16.254,0.028,5,15.268,0.037,5,14.784,0.084,5,NA,NA,0,NA,NA,0
85.064664,0.306,-2.284917,0.269,16.411,0.044,5,17.453,0.204,5,NA,NA,0,16.941,0.055,5,16.014,0.067,5,15.581,0.049,5,NA,NA,0,NA,NA,0
85.066135,0.02,-2.41747,0.975,16.529,0.116,1,17.402,0.183,1,NA,NA,0,NA,NA,0,NA,NA,0,NA,NA,0,NA,NA,0,NA,NA,0
85.067023,0.365,-2.360713,0.263,16.541,0.106,5,17.871,0.205,5,NA,NA,0,17.237,0.098,5,15.943,0.028,5,15.286,0.055,5,NA,NA,0,NA,NA,0
85.067562,0.546,-2.696552,0.828,17.047,0.162,2,18.191,0.091,2,NA,NA,0,17.906,0.061,5,16.862,0.145,5,16.152,0.225,4,NA,NA,0,NA,NA,0
85.067574,0.773,-2.291603,0.372,NA,NA,0,NA,NA,0,NA,NA,0,17.856,0.058,5,16.716,0.117,5,16.342,0.235,5,NA,NA,0,NA,NA,0
85.06799,0.332,-2.625927,0.334,15.819,0.095,5,17.022,0.087,5,NA,NA,0,16.423,0.07,5,15.419,0.077,5,14.943,0.046,5,NA,NA,0,NA,NA,0
85.068858,0.297,-2.700456,0.373,NA,NA,0,NA,NA,0,NA,NA,0,18.578,0.197,1,17.544,0.189,1,16.56,0.197,1,NA,NA,0,NA,NA,0
85.070935,0.278,-2.303132,0.216,15.299,0.052,5,16.717,0.108,5,NA,NA,0,16.053,0.082,5,14.627,0.055,5,13.779,0.047,5,13.358,0.222,1,NA,NA,0
85.072324,0.377,-2.566896,0.497,16.669,0.13,5,17.667,0.151,5,NA,NA,0,17.274,0.048,5,16.409,0.063,5,16.021,0.122,5,NA,NA,0,NA,NA,0
85.073316,0.827,-2.621803,0.693,17.957,0.439,1,17.948,0.281,1,NA,NA,0,18.292,0.161,3,17.145,0.089,3,16.302,0.166,1,NA,NA,0,NA,NA,0
85.076045,0.552,-2.486497,0.358,16.626,0.094,5,17.9,0.102,5,NA,NA,0,17.272,0.03,5,16.116,0.055,5,15.662,0.096,5,NA,NA,0,NA,NA,0
85.076636,0.549,-2.757966,0.412,NA,NA,0,NA,NA,0,NA,NA,0,18.331,0.101,4,17.501,0.096,4,NA,NA,0,NA,NA,0,NA,NA,0
85.077352,0.431,-2.6985,0.556,NA,NA,0,NA,NA,0,NA,NA,0,18.196,0.194,5,17.389,0.432,5,NA,NA,0,NA,NA,0,NA,NA,0
85.077434,0.434,-2.660754,0.516,17.449,0.166,1,18.155,0.227,1,NA,NA,0,17.905,0.109,4,17.376,0.06,3,16.705,0.446,1,NA,NA,0,NA,NA,0
85.078166,0.712,-2.608707,0.474,17.011,0.096,5,18.121,0.163,5,NA,NA,0,17.603,0.114,5,16.721,0.081,5,16.213,0.261,5,NA,NA,0,NA,NA,0
85.079669,0.326,-2.64021,0.711,NA,NA,0,NA,NA,0,NA,NA,0,18.035,0.056,4,17.041,0.067,4,16.47,0.148,2,NA,NA,0,NA,NA,0
85.08117,0.835,-2.583344,0.459,NA,NA,0,NA,NA,0,NA,NA,0,18.196,0.095,3,17.359,0.175,3,16.6,0.201,1,NA,NA,0,NA,NA,0
85.082149,0.258,-2.488413,0.254,15.097,0.043,5,15.866,0.033,5,NA,NA,0,15.503,0.039,5,14.852,0.02,5,14.546,0.043,5,NA,NA,0,NA,NA,0
85.082416,0.432,-2.498915,0.304,16.4,0.044,4,17.947,0.184,4,NA,NA,0,17.203,0.056,5,15.755,0.067,5,14.606,0.045,5,NA,NA,0,NA,NA,0
85.082623,0.42,-2.481327,0.498,NA,NA,0,NA,NA,0,NA,NA,0,18.155,0.114,4,16.984,0.127,4,16.325,0.065,3,NA,NA,0,NA,NA,0
85.08336,0.453,-2.61809,0.347,16.167,0.093,5,17.04,0.082,5,NA,NA,0,16.599,0.042,5,15.811,0.034,5,15.483,0.123,5,NA,NA,0,NA,NA,0
85.084045,0.302,-2.435587,0.241,7.576,0.031,2,7.492,0.053,2,NA,NA,0,7.508,0.004,2,7.792,0.058,2,8.183,0.103,2,8.225,0.072,3,NA,NA,0
85.086549,0.231,-2.508312,0.292,15.046,0.082,5,16.359,0.119,5,NA,NA,0,15.717,0.077,5,14.479,0.072,5,13.804,0.042,5,13.181,0.074,2,NA,NA,0
85.087173,0.433,-2.655457,0.361,14.5,0.027,5,15.249,0.019,5,NA,NA,0,14.888,0.015,5,14.306,0.019,5,14.05,0.045,5,NA,NA,0,NA,NA,0
85.088004,0.207,-2.673746,0.372,11.006,0.016,5,11.413,0.011,5,NA,NA,0,11.169,0.015,5,10.939,0.021,6,10.904,0.035,7,10.961,0.061,3,NA,NA,0
85.090106,0.363,-2.749053,0.745,17.002,0.151,7,18.121,0.153,7,NA,NA,0,17.392,0.114,7,16.387,0.212,7,16.058,0.298,7,NA,NA,0,NA,NA,0
85.091506,0.583,-2.30587,0.476,17.378,0.057,2,18.359,0.271,2,NA,NA,0,17.956,0.157,5,17.2,0.136,5,16.392,0.117,5,NA,NA,0,NA,NA,0
85.092559,0.262,-2.529554,0.337,15.444,0.066,5,16.214,0.039,5,NA,NA,0,15.815,0.012,5,15.24,0.016,5,14.958,0.087,5,NA,NA,0,NA,NA,0
85.093982,0.572,-2.745006,0.384,17.281,0.084,2,18.274,0.078,2,NA,NA,0,17.748,0.21,6,16.78,0.209,6,16.191,0.16,6,NA,NA,0,NA,NA,0
85.094021,0.457,-2.562999,0.437,13.867,0.038,5,15.153,0.055,5,NA,NA,0,14.536,0.039,5,13.341,0.044,5,12.794,0.023,5,12.569,0.109,4,NA,NA,0
85.095413,0.321,-2.72933,0.459,16.383,0.131,7,17.651,0.115,7,NA,NA,0,16.999,0.107,7,15.817,0.11,7,15.254,0.18,7,NA,NA,0,NA,NA,0
85.095957,0.252,-2.602764,0.283,NA,NA,0,NA,NA,0,NA,NA,0,18.056,0.056,4,16.848,0.094,4,15.335,0.07,4,NA,NA,0,NA,NA,0
85.096578,0.246,-2.643444,0.384,15.637,0.042,5,16.67,0.066,5,NA,NA,0,16.17,0.022,5,15.249,0.02,5,14.833,0.09,5,NA,NA,0,NA,NA,0
85.098046,0.75,-2.725354,0.611,17.486,0.322,1,17.558,0.196,1,NA,NA,0,17.85,0.147,4,17.096,0.202,4,NA,NA,0,NA,NA,0,NA,NA,0
85.098427,0.575,-2.400791,0.486,NA,NA,0,NA,NA,0,NA,NA,0,18.235,0.126,4,17.132,0.065,4,16.367,0.101,3,NA,NA,0,NA,NA,0
85.098629,0.245,-2.719109,0.423,12.637,0.096,7,13.268,0.071,7,NA,NA,0,12.817,0.109,7,12.354,0.108,7,12.179,0.102,7,12.219,0.134,3,NA,NA,0
85.099137,0.706,-2.473871,0.447,NA,NA,0,NA,NA,0,NA,NA,0,18.362,0.168,1,17.117,0.029,2,15.858,0.07,2,NA,NA,0,NA,NA,0
85.099254,0.301,-2.6526,0.399,16.479,0.05,5,17.775,0.158,5,NA,NA,0,17.138,0.039,5,16.01,0.059,5,15.393,0.069,5,NA,NA,0,NA,NA,0
85.099624,0.316,-2.59888,0.334,13.422,0.013,5,14.231,0.017,5,NA,NA,0,13.818,0.015,5,13.22,0.019,5,13.017,0.023,5,12.927,0.213,2,NA,NA,0
85.099991,0.578,-2.511375,0.408,17.338,0.193,4,18.184,0.202,4,NA,NA,0,17.734,0.075,5,16.864,0.13,5,16.24,0.341,3,NA,NA,0,NA,NA,0
85.100288,0.693,-2.319132,1.136,NA,NA,0,NA,NA,0,NA,NA,0,18.58,0.182,2,16.784,0.152,2,16.208,0.05,2,NA,NA,0,NA,NA,0
85.100408,0.393,-2.672166,0.651,NA,NA,0,NA,NA,0,NA,NA,0,18.058,0.185,4,16.899,0.193,4,16.193,0.327,2,NA,NA,0,NA,NA,0
85.102964,0.302,-2.494406,0.323,16.754,0.113,2,17.919,0.121,2,NA,NA,0,17.645,0.1,5,16.436,0.084,5,15.868,0.191,5,NA,NA,0,NA,NA,0
85.10502,0.309,-2.545248,0.234,15.582,0.023,5,16.763,0.14,5,NA,NA,0,16.152,0.021,5,15.118,0.041,5,14.595,0.019,5,NA,NA,0,NA,NA,0
85.105325,0.607,-2.367675,0.44,NA,NA,0,NA,NA,0,NA,NA,0,18.249,0.069,5,17.016,0.167,5,16.283,0.196,4,NA,NA,0,NA,NA,0
85.106935,0.346,-2.602301,0.451,NA,NA,0,NA,NA,0,NA,NA,0,18.291,0.13,3,17.106,0.186,3,NA,NA,0,NA,NA,0,NA,NA,0
85.107147,0.365,-2.503537,0.293,14.256,0.026,5,15.112,0.029,5,NA,NA,0,14.687,0.017,5,13.997,0.023,5,13.673,0.031,5,13.443,0.106,2,NA,NA,0
85.113645,0.343,-2.728097,0.525,NA,NA,0,NA,NA,0,NA,NA,0,18.02,0.132,5,16.833,0.093,5,16.216,0.149,4,NA,NA,0,NA,NA,0
85.114809,0.233,-2.428716,0.138,10.149,0.048,5,10.637,0.042,5,NA,NA,0,10.362,0.071,5,10.058,0.093,5,9.974,0.099,3,9.835,0.054,3,NA,NA,0
85.11742,0.325,-2.442828,0.378,16.393,0.095,4,17.879,0.167,4,NA,NA,0,17.166,0.066,5,15.866,0.07,5,15.198,0.118,5,NA,NA,0,NA,NA,0
85.118562,0.541,-2.343116,0.279,16.56,0.094,5,17.71,0.275,5,NA,NA,0,17.235,0.07,5,16.129,0.025,5,15.53,0.182,5,NA,NA,0,NA,NA,0
85.118872,0.28,-2.525163,0.276,15.303,0.042,5,16.915,0.105,5,NA,NA,0,16.135,0.022,5,14.699,0.021,5,14.07,0.025,5,NA,NA,0,NA,NA,0
85.120268,0.228,-2.720428,0.392,15.347,0.124,7,16.802,0.07,7,NA,NA,0,15.975,0.092,7,14.654,0.095,7,13.468,0.095,7,NA,NA,0,NA,NA,0
85.121757,0.505,-2.642983,0.736,NA,NA,0,NA,NA,0,NA,NA,0,18.251,0.253,4,16.692,0.182,4,16.053,0.174,4,NA,NA,0,NA,NA,0
85.122634,0.533,-2.651996,0.476,16.495,0.189,5,17.671,0.113,5,NA,NA,0,17.016,0.035,5,16.009,0.083,5,15.547,0.129,5,NA,NA,0,NA,NA,0
85.124078,0.505,-2.442361,0.262,16.004,0.043,5,17.264,0.057,5,NA,NA,0,16.692,0.065,4,15.532,0.025,4,14.953,0.04,4,NA,NA,0,NA,NA,0
85.125321,0.519,-2.468251,0.426,16.532,0.034,3,18.124,0.25,3,NA,NA,0,17.378,0.079,5,16.009,0.093,5,15.3,0.07,5,NA,NA,0,NA,NA,0
85.127287,0.579,-2.397022,0.256,17.483,0.182,1,18.481,0.313,1,NA,NA,0,17.979,0.11,5,16.752,0.206,5,16.081,0.212,5,NA,NA,0,NA,NA,0
85.129358,0.547,-2.49483,0.412,17.18,0.134,1,18.35,0.283,1,NA,NA,0,17.927,0.109,5,16.911,0.13,5,16.382,0.191,5,NA,NA,0,NA,NA,0
85.129814,0.564,-2.461198,0.302,NA,NA,0,NA,NA,0,NA,NA,0,18.089,0.123,3,17.04,0.068,3,16.558,0.206,1,NA,NA,0,NA,NA,0
85.133698,0.912,-2.56688,0.565,NA,NA,0,NA,NA,0,NA,NA,0,18.425,0.11,2,17.473,0.023,2,NA,NA,0,NA,NA,0,NA,NA,0
85.134572,0.547,-2.397803,0.441,NA,NA,0,NA,NA,0,NA,NA,0,18.343,0.23,5,16.432,0.136,5,15.472,0.046,5,NA,NA,0,NA,NA,0
85.135267,0.259,-2.339748,0.241,16.378,0.06,5,17.447,0.07,5,NA,NA,0,16.978,0.063,5,16.04,0.047,5,15.548,0.09,5,NA,NA,0,NA,NA,0
85.135682,0.351,-2.407402,0.346,NA,NA,0,NA,NA,0,NA,NA,0,18.235,0.074,3,16.858,0.173,3,16.01,0.107,3,NA,NA,0,NA,NA,0
85.13629,0.547,-2.403978,0.27,NA,NA,0,NA,NA,0,NA,NA,0,18.244,0.213,4,16.868,0.081,4,15.999,0.162,4,NA,NA,0,NA,NA,0
85.136494,0.391,-2.65516,0.434,NA,NA,0,NA,NA,0,NA,NA,0,18.131,0.211,3,17.192,0.096,3,16.651,0.227,1,NA,NA,0,NA,NA,0
85.138357,0.481,-2.498313,0.382,16.82,0.144,1,17.932,0.24,1,NA,NA,0,17.514,0.121,5,15.992,0.074,5,15.347,0.069,5,NA,NA,0,NA,NA,0
85.138372,0.4,-2.580907,0.579,17.045,0.163,5,17.518,0.158,5,NA,NA,0,17.353,0.087,5,17.046,0.119,5,16.667,0.046,3,NA,NA,0,NA,NA,0
85.139868,0.459,-2.534432,0.383,16.928,0.189,5,18.09,0.213,5,NA,NA,0,17.537,0.123,5,16.672,0.122,5,16.141,0.194,5,NA,NA,0,NA,NA,0
85.140419,0.189,-2.470115,0.221,15.613,0.021,5,16.819,0.07,5,NA,NA,0,16.23,0.025,5,15.145,0.036,5,14.638,0.037,5,NA,NA,0,NA,NA,0
85.141175,0.468,-2.591878,0.765,17.531,0.178,1,18.196,0.236,1,NA,NA,0,18.123,0.094,5,17.203,0.194,5,16.317,0.219,3,NA,NA,0,NA,NA,0
85.141834,0.203,-2.624267,0.478,15.492,0.025,5,16.527,0.057,5,NA,NA,0,16.022,0.025,5,15.178,0.037,5,14.75,0.061,5,NA,NA,0,NA,NA,0
85.142711,0.833,-2.588283,0.342,NA,NA,0,NA,NA,0,NA,NA,0,18.344,0.229,3,17.364,0.203,3,16.273,0.276,1,NA,NA,0,NA,NA,0
85.143729,0.286,-2.506148,0.311,13.369,0.126,5,14.679,0.125,5,NA,NA,0,14.02,0.136,5,12.827,0.122,5,12.207,0.085,5,11.786,0.045,3,NA,NA,0
85.1459,0.488,-2.576545,0.528,NA,NA,0,NA,NA,0,NA,NA,0,17.884,0.134,5,17.153,0.295,5,16.27,0.124,2,NA,NA,0,NA,NA,0
85.146403,0.313,-2.368208,0.295,NA,NA,0,NA,NA,0,NA,NA,0,17.743,0.255,5,16.21,0.088,5,15.32,0.072,5,NA,NA,0,NA,NA,0
85.146471,0.591,-2.694419,0.594,17.633,0.186,1,18.425,0.275,1,NA,NA,0,17.943,0.074,5,17.162,0.204,5,16.344,0.175,2,NA,NA,0,NA,NA,0
85.147328,0.308,-2.47294,0.311,NA,NA,0,NA,NA,0,NA,NA,0,17.391,0.111,5,16.137,0.043,5,15.432,0.113,5,NA,NA,0,NA,NA,0
85.147719,0.422,-2.585247,0.454,16.857,0.183,4,18.03,0.235,4,NA,NA,0,17.436,0.055,5,16.486,0.073,5,16.298,0.374,5,NA,NA,0,NA,NA,0
85.148669,0.607,-2.558657,0.827,NA,NA,0,NA,NA,0,NA,NA,0,18.123,0.104,4,17.285,0.224,4,16.883,0.509,1,NA,NA,0,NA,NA,0
85.150503,0.667,-2.672745,0.832,NA,NA,0,NA,NA,0,NA,NA,0,18.044,0.242,5,16.843,0.184,5,16.053,0.19,5,NA,NA,0,NA,NA,0
85.153994,0.603,-2.366486,0.217,16.836,0.091,5,17.944,0.121,5,NA,NA,0,17.553,0.103,5,16.308,0.053,5,15.537,0.063,5,NA,NA,0,NA,NA,0
85.154408,0.361,-2.557024,0.405,16.566,0.081,5,17.876,0.09,5,NA,NA,0,17.238,0.08,5,16.11,0.063,5,15.678,0.043,5,NA,NA,0,NA,NA,0
85.154792,0.664,-2.676295,0.623,17.192,0.24,1,17.623,0.21,1,NA,NA,0,17.856,0.091,5,16.872,0.082,5,16.394,0.011,3,NA,NA,0,NA,NA,0
85.157449,0.455,-2.567893,0.493,16.758,0.082,3,18.247,0.067,3,NA,NA,0,17.493,0.094,5,16.421,0.107,5,16.039,0.263,5,NA,NA,0,NA,NA,0
85.157587,0.726,-2.416898,0.563,NA,NA,0,NA,NA,0,NA,NA,0,18.588,0.112,3,17.337,0.212,3,NA,NA,0,NA,NA,0,NA,NA,0
85.157995,0.545,-2.671605,0.528,NA,NA,0,NA,NA,0,NA,NA,0,18.007,0.12,4,17.174,0.124,4,NA,NA,0,NA,NA,0,NA,NA,0
85.159213,0.511,-2.402728,0.352,16.802,0.143,3,18.053,0.145,3,NA,NA,0,17.435,0.059,5,16.156,0.03,5,15.396,0.094,5,NA,NA,0,NA,NA,0
85.159899,0.266,-2.481784,0.666,NA,NA,0,NA,NA,0,NA,NA,0,18.746,0.06,2,17.293,0.004,2,NA,NA,0,NA,NA,0,NA,NA,0
85.161399,0.208,-2.563144,0.25,15.645,0.06,5,17.147,0.052,5,NA,NA,0,16.424,0.032,5,15.004,0.06,5,14.07,0.036,5,NA,NA,0,NA,NA,0
85.16345,1.153,-2.508717,0.647,NA,NA,0,NA,NA,0,NA,NA,0,18.315,0.025,2,17.355,0.104,2,NA,NA,0,NA,NA,0,NA,NA,0
85.163826,0.237,-2.44614,0.227,15.275,0.038,5,16.793,0.069,5,NA,NA,0,16.038,0.025,5,14.652,0.024,5,13.649,0.027,5,13.091,0.124,1,NA,NA,0
85.164623,0.947,-2.599612,0.746,17.074,0.119,5,18.097,0.215,5,NA,NA,0,17.665,0.081,5,16.803,0.106,5,16.141,0.16,5,NA,NA,0,NA,NA,0
85.165166,0.471,-2.535881,0.417,NA,NA,0,NA,NA,0,NA,NA,0,18.33,0.054,4,16.827,0.131,4,16.337,0.218,4,NA,NA,0,NA,NA,0
85.166114,0.545,-2.553045,0.342,16.996,0.189,1,17.755,0.224,1,NA,NA,0,17.842,0.19,5,16.681,0.155,5,16.019,0.079,5,NA,NA,0,NA,NA,0
85.171411,0.37,-2.43765,0.287,16.737,0.056,3,18.073,0.063,3,NA,NA,0,17.336,0.127,5,16.248,0.057,5,15.553,0.126,5,NA,NA,0,NA,NA,0
85.171684,0.314,-2.574663,0.414,15.873,0.043,5,17.304,0.054,5,NA,NA,0,16.519,0.048,5,15.284,0.052,5,14.677,0.055,5,NA,NA,0,NA,NA,0
85.172644,0.412,-2.654004,0.595,NA,NA,0,NA,NA,0,NA,NA,0,18.263,0.156,1,17.822,0.253,1,16.639,0.236,1,NA,NA,0,NA,NA,0
85.174865,0.814,-2.628785,0.47,NA,NA,0,NA,NA,0,NA,NA,0,17.971,0.073,5,16.694,0.163,5,16.352,0.165,3,NA,NA,0,NA,NA,0
85.175401,0.667,-2.517048,0.439,NA,NA,0,NA,NA,0,NA,NA,0,18.372,0.237,5,16.763,0.128,5,15.954,0.187,5,NA,NA,0,NA,NA,0
85.175761,0.653,-2.536024,0.461,16.983,0.126,4,17.971,0.093,4,NA,NA,0,17.496,0.068,5,16.539,0.132,5,16.161,0.038,4,NA,NA,0,NA,NA,0
85.176318,0.356,-2.546207,0.396,13.524,0.013,5,14.499,0.025,5,NA,NA,0,13.995,0.015,5,13.209,0.007,5,12.865,0.032,5,12.765,0.175,3,NA,NA,0
85.17897,0.225,-2.574368,0.215,NA,NA,0,NA,NA,0,NA,NA,0,18.484,0.194,1,17.583,0.203,1,NA,NA,0,NA,NA,0,NA,NA,0
85.179063,0.35,-2.439438,0.245,16.059,0.069,5,17.231,0.039,5,NA,NA,0,16.735,0.046,5,15.578,0.033,5,15.073,0.053,5,NA,NA,0,NA,NA,0
85.18125,0.496,-2.54142,0.594,NA,NA,0,NA,NA,0,NA,NA,0,18.203,0.151,1,17.691,0.222,1,NA,NA,0,NA,NA,0,NA,NA,0
85.181516,0.356,-2.504331,0.385,16.763,0.075,4,18.182,0.165,4,NA,NA,0,17.434,0.087,5,16.321,0.09,5,15.828,0.157,5,NA,NA,0,NA,NA,0
85.183027,0.656,-2.51857,0.732,NA,NA,0,NA,NA,0,NA,NA,0,18.55,0.139,3,17.261,0.073,3,16.31,0.149,3,NA,NA,0,NA,NA,0
85.185708,0.302,-2.510173,0.32,14.18,0.033,5,15.276,0.023,5,NA,NA,0,14.703,0.01,5,13.758,0.014,5,13.317,0.028,5,12.928,0.014,2,NA,NA,0
85.190011,0.315,-2.55724,0.357,NA,NA,0,NA,NA,0,NA,NA,0,18.469,0.001,2,17.566,0.21,2,NA,NA,0,NA,NA,0,NA,NA,0
85.190016,0.655,-2.572618,0.659,17.543,0.303,1,18.224,0.332,1,NA,NA,0,18.175,0.066,3,17.336,0.062,3,16.257,0.289,1,NA,NA,0,NA,NA,0
85.190231,0.082,-2.502785,0.136,NA,NA,0,NA,NA,0,NA,NA,0,18.475,0.206,1,17.426,0.194,1,NA,NA,0,NA,NA,0,NA,NA,0
85.191946,0.304,-2.467613,0.491,14.928,0.033,5,16.345,0.083,5,NA,NA,0,15.647,0.027,5,14.412,0.017,5,13.8,0.025,5,13.383,0.235,1,NA,NA,0
85.192107,0.795,-2.60293,0.921,NA,NA,0,NA,NA,0,NA,NA,0,18.001,0.13,4,16.843,0.14,4,16.228,0.124,3,NA,NA,0,NA,NA,0
85.197449,0.487,-2.514618,0.47,17.007,0.217,4,17.957,0.21,4,NA,NA,0,17.406,0.173,5,16.464,0.112,5,15.962,0.152,5,NA,NA,0,NA,NA,0
85.199381,0.307,-2.461823,0.32,15.119,0.018,5,16.131,0.079,5,NA,NA,0,15.595,0.027,5,14.75,0.022,5,14.32,0.031,5,NA,NA,0,NA,NA,0
85.199847,0.729,-2.487683,0.468,17.32,0.142,3,18.023,0.251,3,NA,NA,0,18.071,0.077,4,16.859,0.106,3,16.298,0.281,1,NA,NA,0,NA,NA,0
