;File (Wave in A; Flux in erg/s/cm2/A)   MJD_start        MJD_end          Wave  Flux        Unc       
lsc0m409-kb29-20210924-0210-e91.fits.fz  59482.360880522  59482.361115360  5450  8.3880e-15  3.1791e-16
lsc0m412-kb26-20210925-0176-e91.fits.fz  59483.364430394  59483.364665163  5450  7.7327e-15  4.7850e-16
lsc0m409-kb29-20210926-0236-e91.fits.fz  59484.355357906  59484.355592721  5450  8.1420e-15  2.8491e-16
lsc0m409-kb29-20210928-0247-e91.fits.fz  59486.349899248  59486.350134028  5450  8.5414e-15  3.8822e-16
lsc0m409-kb29-20210929-0032-e91.fits.fz  59487.373652882  59487.373887616  5450  9.0669e-15  5.1112e-16
lsc0m409-kb29-20210930-0147-e91.fits.fz  59488.344410302  59488.344645082  5450  8.1803e-15  2.9137e-16
lsc0m409-kb29-20211001-0260-e91.fits.fz  59489.341668635  59489.341903368  5450  7.8612e-15  2.7880e-16
lsc0m412-kb26-20211002-0190-e91.fits.fz  59490.339570452  59490.339805221  5450  9.5752e-15  4.8441e-16
lsc0m409-kb29-20211003-0302-e91.fits.fz  59491.337605475  59491.337840278  5450  7.9339e-15  3.1207e-16
coj0m405-kb88-20220115-0036-e91.fits.fz  59594.504493183  59594.504843739  5450  8.7394e-15  1.3510e-16
coj0m403-kb24-20220117-0048-e91.fits.fz  59596.682763658  59596.683113589  5450  9.1495e-15  4.8010e-16
lsc0m412-kb26-20220117-0114-e91.fits.fz  59597.271044618  59597.271395116  5450  8.6326e-15  4.2983e-16
lsc0m409-kb29-20220118-0198-e91.fits.fz  59598.271056563  59598.271407130  5450  9.6999e-15  4.5914e-16
lsc0m409-kb29-20220119-0128-e91.fits.fz  59599.271053137  59599.271403612  5450  8.2379e-15  2.5692e-16
lsc0m409-kb29-20220120-0125-e91.fits.fz  59600.271061818  59600.271412385  5450  8.5478e-15  2.5132e-16
lsc0m409-kb29-20220121-0126-e91.fits.fz  59601.271047998  59601.271398600  5450  8.2175e-15  2.3727e-16
coj0m403-kb24-20220124-0099-e91.fits.fz  59603.541976852  59603.542326783  5450  1.1388e-14  1.6344e-15
lsc0m412-kb26-20220124-0175-e91.fits.fz  59604.271055059  59604.271405545  5450  7.5918e-15  9.7428e-16
lsc0m412-kb26-20220124-0177-e91.fits.fz  59604.273837686  59604.274188183  5450  8.4302e-15  8.5133e-16
cpt0m407-kb87-20220125-0069-e91.fits.fz  59604.832542396  59604.832892905  5450  8.2811e-15  1.5972e-16
cpt0m407-kb87-20220125-0109-e91.fits.fz  59604.915227096  59604.915577605  5450  8.7704e-15  1.6643e-16
cpt0m407-kb87-20220125-0111-e91.fits.fz  59604.919557651  59604.919908160  5450  8.8980e-15  1.7125e-16
cpt0m407-kb87-20220125-0114-e91.fits.fz  59604.926945846  59604.927296355  5450  8.9912e-15  1.7350e-16
cpt0m407-kb87-20220125-0116-e91.fits.fz  59604.929972941  59604.930323438  5450  8.8753e-15  1.7438e-16
cpt0m407-kb87-20220125-0131-e91.fits.fz  59604.940641806  59604.940992350  5450  8.4958e-15  1.4012e-16
cpt0m407-kb87-20220125-0134-e91.fits.fz  59604.950915533  59604.951266042  5450  8.2712e-15  1.3698e-16
cpt0m407-kb87-20220125-0136-e91.fits.fz  59604.961230706  59604.961581239  5450  9.6430e-15  1.5026e-16
cpt0m407-kb87-20220125-0147-e91.fits.fz  59604.972127223  59604.972477767  5450  8.6526e-15  2.5450e-16
lsc0m412-kb26-20220125-0084-e91.fits.fz  59605.110572130  59605.110922593  5450  7.5059e-15  4.1849e-16
lsc0m412-kb26-20220125-0086-e91.fits.fz  59605.112453114  59605.112803611  5450  8.3499e-15  4.3705e-16
lsc0m412-kb26-20220125-0088-e91.fits.fz  59605.117486332  59605.117836841  5450  7.7782e-15  4.0818e-16
lsc0m412-kb26-20220125-0090-e91.fits.fz  59605.127896470  59605.128246922  5450  7.9914e-15  4.0406e-16
lsc0m412-kb26-20220125-0176-e91.fits.fz  59605.271018542  59605.271369052  5450  7.9911e-15  4.1007e-16
lsc0m412-kb26-20220125-0178-e91.fits.fz  59605.274492315  59605.274842790  5450  8.0346e-15  3.8569e-16
cpt0m407-kb87-20220126-0074-e91.fits.fz  59605.840082952  59605.840433461  5450  8.4507e-15  1.3358e-16
cpt0m407-kb87-20220126-0076-e91.fits.fz  59605.842050834  59605.842401320  5450  8.5632e-15  1.2545e-16
lsc0m412-kb26-20220126-0035-e91.fits.fz  59606.279101285  59606.279451760  5450  9.8161e-15  5.3094e-16
coj0m405-kb88-20220127-0038-e91.fits.fz  59606.709029827  59606.709380417  5450  8.5157e-15  2.1977e-16
cpt0m407-kb87-20220127-0061-e91.fits.fz  59606.810690382  59606.811040892  5450  8.1081e-15  1.3960e-16
cpt0m407-kb87-20220127-0067-e91.fits.fz  59606.818952072  59606.819302582  5450  8.1700e-15  1.4048e-16
cpt0m407-kb87-20220127-0078-e91.fits.fz  59606.833602801  59606.833953288  5450  8.3681e-15  1.3948e-16
cpt0m407-kb87-20220127-0083-e91.fits.fz  59606.840558253  59606.840908727  5450  7.7522e-15  1.3147e-16
cpt0m407-kb87-20220127-0085-e91.fits.fz  59606.842456250  59606.842806760  5450  8.0649e-15  1.3261e-16
cpt0m407-kb87-20220127-0087-e91.fits.fz  59606.844518554  59606.844869040  5450  7.8761e-15  1.2612e-16
cpt0m407-kb87-20220127-0089-e91.fits.fz  59606.848034410  59606.848384885  5450  8.1398e-15  1.3341e-16
cpt0m407-kb87-20220127-0100-e91.fits.fz  59606.864007663  59606.864358160  5450  7.9026e-15  1.2280e-16
cpt0m407-kb87-20220127-0102-e91.fits.fz  59606.868867964  59606.869218461  5450  8.0740e-15  1.3160e-16
cpt0m407-kb87-20220127-0108-e91.fits.fz  59606.879415417  59606.879765949  5450  8.0938e-15  1.3436e-16
cpt0m407-kb87-20220127-0110-e91.fits.fz  59606.889708866  59606.890059329  5450  7.8399e-15  1.3126e-16
cpt0m407-kb87-20220127-0112-e91.fits.fz  59606.900125649  59606.900476135  5450  7.8931e-15  1.3027e-16
cpt0m407-kb87-20220127-0122-e91.fits.fz  59606.945327674  59606.945678183  5450  8.1917e-15  1.3143e-16
cpt0m407-kb87-20220127-0124-e91.fits.fz  59606.951510209  59606.951860753  5450  8.0909e-15  1.2708e-16
cpt0m407-kb87-20220127-0126-e91.fits.fz  59606.961922408  59606.962272859  5450  8.0953e-15  1.2584e-16
cpt0m407-kb87-20220127-0128-e91.fits.fz  59606.972332906  59606.972683392  5450  8.0490e-15  1.2811e-16
cpt0m407-kb87-20220127-0130-e91.fits.fz  59606.982749202  59606.983099700  5450  8.2571e-15  1.3209e-16
cpt0m407-kb87-20220127-0132-e91.fits.fz  59606.993177779  59606.993528276  5450  7.8904e-15  1.2251e-16
cpt0m407-kb87-20220127-0135-e91.fits.fz  59607.003802246  59607.004154202  5450  8.0313e-15  1.2330e-16
cpt0m407-kb87-20220127-0137-e91.fits.fz  59607.014009387  59607.014359897  5450  8.0077e-15  1.2733e-16
cpt0m407-kb87-20220127-0139-e91.fits.fz  59607.024421297  59607.024771772  5450  8.0179e-15  1.2899e-16
cpt0m407-kb87-20220127-0141-e91.fits.fz  59607.034837917  59607.035188427  5450  8.1965e-15  1.2663e-16
cpt0m407-kb87-20220127-0143-e91.fits.fz  59607.045262096  59607.045612640  5450  8.6750e-15  1.2949e-16
lsc0m412-kb26-20220127-0213-e91.fits.fz  59607.235781679  59607.236132188  5450  9.2361e-15  3.4928e-16
coj0m403-kb24-20220128-0088-e91.fits.fz  59607.501632246  59607.501982153  5450  1.3859e-14  2.5481e-15
cpt0m407-kb87-20220128-0076-e91.fits.fz  59607.832761181  59607.833111679  5450  7.8038e-15  1.5104e-16
lsc0m412-kb26-20220128-0091-e91.fits.fz  59608.148495440  59608.148845950  5450  8.2668e-15  3.4391e-16
coj0m405-kb88-20220129-0056-e91.fits.fz  59608.581322373  59608.581672859  5450  7.8437e-15  1.2307e-16
coj0m405-kb88-20220130-0041-e91.fits.fz  59609.638761771  59609.639113820  5450  9.2728e-15  1.6222e-16
coj0m403-kb24-20220131-0081-e91.fits.fz  59610.616462350  59610.616812361  5450  9.2107e-15  1.2774e-16
cpt0m407-kb87-20220201-0032-e91.fits.fz  59611.956249434  59611.956599943  5450  9.3032e-15  1.8827e-16
cpt0m407-kb87-20220204-0088-e91.fits.fz  59614.817428415  59614.817778924  5450  8.6443e-15  1.5810e-16
coj0m403-kb24-20220205-0094-e91.fits.fz  59615.500771181  59615.501121065  5450  9.1242e-15  2.5934e-16
coj0m405-kb88-20220206-0089-e91.fits.fz  59616.475810591  59616.476161169  5450  8.8818e-15  1.4325e-16
coj0m405-kb88-20220207-0082-e91.fits.fz  59617.473052107  59617.473402639  5450  8.5094e-15  1.1932e-16
lsc0m412-kb26-20220220-0097-e91.fits.fz  59631.080132975  59631.080367744  5450  8.1021e-15  8.7616e-16
lsc0m409-kb29-20220221-0080-e91.fits.fz  59632.080121771  59632.080356540  5450  6.3620e-15  4.6584e-16
lsc0m409-kb29-20220222-0102-e91.fits.fz  59633.080122477  59633.080357304  5450  9.0844e-15  3.7430e-16
lsc0m409-kb29-20220223-0089-e91.fits.fz  59634.080132952  59634.080367709  5450  8.4523e-15  3.7574e-16
lsc0m409-kb29-20220224-0108-e91.fits.fz  59635.080091332  59635.080326123  5450  6.8888e-15  3.4493e-16
lsc0m409-kb29-20220225-0092-e91.fits.fz  59636.080098577  59636.080333299  5450  9.0407e-15  3.8059e-16
coj0m405-kb88-20220227-0055-e91.fits.fz  59637.410267130  59637.410501887  5450  9.4075e-15  1.9760e-16
lsc0m412-kb26-20220227-0091-e91.fits.fz  59638.080071644  59638.080306447  5450  8.8813e-15  6.3989e-16
lsc0m409-kb29-20220228-0085-e91.fits.fz  59639.080134167  59639.080368866  5450  8.1618e-15  4.2095e-16
cpt0m407-kb87-20220301-0079-e91.fits.fz  59639.798681042  59639.798915822  5450  8.4619e-15  2.0250e-16
lsc0m409-kb29-20220301-0072-e91.fits.fz  59640.053024364  59640.053259191  5450  7.5000e-15  3.7590e-16
lsc0m409-kb29-20220301-0127-e91.fits.fz  59640.110849260  59640.111084063  5450  7.4264e-15  3.5697e-16
lsc0m409-kb29-20220301-0150-e91.fits.fz  59640.138564839  59640.138799607  5450  7.8246e-15  3.5547e-16
lsc0m409-kb29-20220301-0156-e91.fits.fz  59640.148557049  59640.148791829  5450  8.3693e-15  3.6876e-16
lsc0m409-kb29-20220301-0158-e91.fits.fz  59640.154326771  59640.154561494  5450  7.6804e-15  3.6014e-16
lsc0m409-kb29-20220301-0173-e91.fits.fz  59640.169361088  59640.169595845  5450  7.6438e-15  3.8047e-16
lsc0m409-kb29-20220301-0175-e91.fits.fz  59640.175121424  59640.175356274  5450  8.0779e-15  3.8328e-16
lsc0m409-kb29-20220301-0184-e91.fits.fz  59640.185674086  59640.185908901  5450  8.3030e-15  4.2709e-16
lsc0m409-kb29-20220301-0195-e91.fits.fz  59640.196062894  59640.196297651  5450  7.6684e-15  4.2275e-16
lsc0m409-kb29-20220301-0204-e91.fits.fz  59640.211817628  59640.212052408  5450  7.9319e-15  4.0132e-16
lsc0m409-kb29-20220301-0206-e91.fits.fz  59640.216789237  59640.217023994  5450  8.4307e-15  4.0140e-16
lsc0m409-kb29-20220301-0212-e91.fits.fz  59640.227332686  59640.227567489  5450  7.4545e-15  3.8626e-16
lsc0m409-kb29-20220301-0214-e91.fits.fz  59640.237616655  59640.237851493  5450  7.0842e-15  3.9106e-16
lsc0m409-kb29-20220301-0216-e91.fits.fz  59640.248040927  59640.248275695  5450  7.6936e-15  4.0212e-16
lsc0m409-kb29-20220301-0221-e91.fits.fz  59640.258832512  59640.259067327  5450  7.3399e-15  3.8464e-16
lsc0m409-kb29-20220301-0232-e91.fits.fz  59640.269024202  59640.269258971  5450  7.2933e-15  4.0051e-16
lsc0m409-kb29-20220301-0242-e91.fits.fz  59640.281006100  59640.281240880  5450  8.3888e-15  3.7789e-16
lsc0m409-kb29-20220301-0244-e91.fits.fz  59640.289705649  59640.289940394  5450  8.7813e-15  4.1240e-16
coj0m403-kb24-20220302-0103-e91.fits.fz  59640.539246262  59640.539480417  5450  9.8548e-15  1.1075e-15
coj0m405-kb88-20220302-0114-e91.fits.fz  59640.546091748  59640.546326471  5450  7.2905e-15  9.7603e-16
coj0m405-kb88-20220302-0118-e91.fits.fz  59640.564705244  59640.564940128  5450  1.1242e-14  1.3627e-15
cpt0m407-kb87-20220302-0075-e91.fits.fz  59640.805337049  59640.805571794  5450  8.5894e-15  1.9454e-16
lsc0m409-kb29-20220302-0068-e91.fits.fz  59641.009863751  59641.010098612  5450  8.3635e-15  2.2041e-16
coj0m403-kb24-20220303-0064-e91.fits.fz  59641.395754375  59641.395988565  5450  8.3906e-15  1.5055e-16
coj0m403-kb24-20220303-0108-e91.fits.fz  59641.465472570  59641.465706737  5450  9.2614e-15  1.8547e-16
cpt0m407-kb87-20220303-0063-e91.fits.fz  59641.857551135  59641.857785903  5450  8.9252e-15  2.0633e-16
cpt0m407-kb87-20220304-0087-e91.fits.fz  59642.796084896  59642.796319699  5450  8.4485e-15  2.5073e-16
cpt0m407-kb87-20220305-0064-e91.fits.fz  59643.750897975  59643.751132744  5450  8.1748e-15  2.1415e-16
cpt0m407-kb87-20220307-0145-e91.fits.fz  59645.841995417  59645.842230163  5450  8.5728e-15  2.3151e-16
lsc0m409-kb29-20220308-0057-e91.fits.fz  59647.000760973  59647.000995730  5450  8.4834e-15  2.4829e-16
lsc0m409-kb29-20220309-0068-e91.fits.fz  59648.007142674  59648.007377466  5450  7.5181e-15  2.0877e-16
lsc0m409-kb29-20220310-0064-e91.fits.fz  59649.007845487  59649.008080232  5450  8.1968e-15  2.0481e-16
lsc0m409-kb29-20220311-0073-e91.fits.fz  59650.018998820  59650.019233693  5450  7.7832e-15  2.0623e-16
lsc0m412-kb26-20220312-0068-e91.fits.fz  59651.004229156  59651.004463901  5450  9.2112e-15  3.7904e-16
lsc0m409-kb29-20220430-0059-e91.fits.fz  59699.959773878  59699.960124491  5450  8.0639e-15  1.7074e-16
coj0m403-kb24-20220502-0078-e91.fits.fz  59701.385505602  59701.385855556  5450  8.5711e-15  1.0699e-16
lsc0m409-kb29-20220502-0064-e91.fits.fz  59701.958697026  59701.959047570  5450  8.6252e-15  1.7877e-16
lsc0m412-kb26-20220503-0068-e91.fits.fz  59702.963359561  59702.963710116  5450  8.9418e-15  3.2987e-16
lsc0m412-kb26-20220504-0076-e91.fits.fz  59703.978177547  59703.978528022  5450  8.7931e-15  2.1922e-16
lsc0m409-kb29-20220505-0078-e91.fits.fz  59704.969787257  59704.970137755  5450  8.4976e-15  1.6925e-16
lsc0m409-kb29-20220506-0092-e91.fits.fz  59705.997955128  59705.998305660  5450  8.4045e-15  1.7485e-16
lsc0m412-kb26-20220508-0069-e91.fits.fz  59707.974683079  59707.975033589  5450  8.9110e-15  2.5913e-16
lsc0m409-kb29-20220509-0094-e91.fits.fz  59709.089161251  59709.089511714  5450  8.2689e-15  2.4545e-16
lsc0m409-kb29-20210924-0211-e91.fits.fz  59482.361324885  59482.361443913  7670  2.1724e-14  4.0635e-16
lsc0m412-kb26-20210925-0177-e91.fits.fz  59483.364810163  59483.364929167  7670  2.2304e-14  5.0451e-16
lsc0m409-kb29-20210926-0237-e91.fits.fz  59484.355852663  59484.355971632  7670  2.1117e-14  3.7031e-16
lsc0m409-kb29-20210927-0199-e91.fits.fz  59485.353037964  59485.353157072  7670  1.9418e-14  5.4148e-16
lsc0m409-kb29-20210928-0248-e91.fits.fz  59486.350347096  59486.350466135  7670  2.1843e-14  5.5681e-16
lsc0m409-kb29-20210929-0033-e91.fits.fz  59487.374090845  59487.374209861  7670  2.4852e-14  7.0009e-16
lsc0m409-kb29-20210930-0148-e91.fits.fz  59488.344854873  59488.344973866  7670  2.0972e-14  3.8186e-16
lsc0m409-kb29-20211001-0261-e91.fits.fz  59489.342109237  59489.342228218  7670  2.1168e-14  4.1669e-16
lsc0m412-kb26-20211002-0191-e91.fits.fz  59490.339956910  59490.340075915  7670  2.2875e-14  5.2525e-16
lsc0m409-kb29-20211003-0303-e91.fits.fz  59491.338084816  59491.338203924  7670  2.0194e-14  4.2460e-16
coj0m405-kb88-20220115-0037-e91.fits.fz  59594.505065452  59594.505184491  7670  2.1814e-14  2.9116e-16
coj0m403-kb24-20220117-0049-e91.fits.fz  59596.683330232  59596.683448635  7670  1.9503e-14  8.0867e-16
lsc0m412-kb26-20220117-0115-e91.fits.fz  59597.271562894  59597.271681910  7670  2.0947e-14  6.1029e-16
lsc0m409-kb29-20220118-0199-e91.fits.fz  59598.271616123  59598.271735116  7670  2.1227e-14  5.2714e-16
lsc0m409-kb29-20220119-0129-e91.fits.fz  59599.271631621  59599.271750649  7670  2.1497e-14  4.5010e-16
lsc0m409-kb29-20220120-0126-e91.fits.fz  59600.271628982  59600.271747987  7670  2.0688e-14  4.3329e-16
lsc0m409-kb29-20220121-0127-e91.fits.fz  59601.271620545  59601.271739572  7670  2.0747e-14  4.2511e-16
coj0m403-kb24-20220124-0100-e91.fits.fz  59603.542552941  59603.542671424  7670  2.5373e-14  3.4368e-15
lsc0m412-kb26-20220124-0176-e91.fits.fz  59604.271556552  59604.271675556  7670  1.7720e-14  1.7530e-15
cpt0m407-kb87-20220125-0070-e91.fits.fz  59604.833046112  59604.833165163  7670  2.1749e-14  5.2720e-16
cpt0m407-kb87-20220125-0110-e91.fits.fz  59604.915722223  59604.915841297  7670  2.2883e-14  3.5765e-16
cpt0m407-kb87-20220125-0112-e91.fits.fz  59604.920057883  59604.920176910  7670  2.2604e-14  3.5214e-16
cpt0m407-kb87-20220125-0115-e91.fits.fz  59604.927444225  59604.927563253  7670  2.3594e-14  3.5713e-16
cpt0m407-kb87-20220125-0117-e91.fits.fz  59604.930472234  59604.930591262  7670  2.3354e-14  3.7367e-16
cpt0m407-kb87-20220125-0132-e91.fits.fz  59604.941138485  59604.941257478  7670  2.2472e-14  3.0838e-16
cpt0m407-kb87-20220125-0135-e91.fits.fz  59604.951412975  59604.951532014  7670  2.1940e-14  3.0110e-16
cpt0m407-kb87-20220125-0137-e91.fits.fz  59604.961732096  59604.961851147  7670  2.2540e-14  3.0629e-16
cpt0m407-kb87-20220125-0148-e91.fits.fz  59604.972629896  59604.972748913  7670  2.1272e-14  5.2037e-16
lsc0m412-kb26-20220125-0085-e91.fits.fz  59605.111073253  59605.111192269  7670  2.0854e-14  6.7391e-16
lsc0m412-kb26-20220125-0087-e91.fits.fz  59605.112949225  59605.113068195  7670  2.0154e-14  6.7260e-16
lsc0m412-kb26-20220125-0089-e91.fits.fz  59605.117982512  59605.118101540  7670  2.0705e-14  6.5775e-16
lsc0m412-kb26-20220125-0091-e91.fits.fz  59605.128393901  59605.128512894  7670  2.1522e-14  6.4282e-16
lsc0m412-kb26-20220125-0177-e91.fits.fz  59605.271515776  59605.271634792  7670  2.1021e-14  5.7018e-16
lsc0m412-kb26-20220125-0179-e91.fits.fz  59605.274996100  59605.275115128  7670  2.0794e-14  5.9160e-16
cpt0m407-kb87-20220126-0075-e91.fits.fz  59605.840577431  59605.840696424  7670  2.2002e-14  2.9158e-16
cpt0m407-kb87-20220126-0077-e91.fits.fz  59605.842551019  59605.842670047  7670  2.1776e-14  2.8421e-16
lsc0m412-kb26-20220126-0036-e91.fits.fz  59606.279599630  59606.279718658  7670  2.3028e-14  9.1452e-16
coj0m405-kb88-20220127-0039-e91.fits.fz  59606.709604792  59606.709723774  7670  2.2790e-14  3.9270e-16
cpt0m407-kb87-20220127-0062-e91.fits.fz  59606.811187720  59606.811306748  7670  2.0719e-14  2.8937e-16
cpt0m407-kb87-20220127-0068-e91.fits.fz  59606.819449410  59606.819568438  7670  2.1125e-14  3.0102e-16
cpt0m407-kb87-20220127-0079-e91.fits.fz  59606.834102802  59606.834221806  7670  2.0574e-14  2.7646e-16
cpt0m407-kb87-20220127-0084-e91.fits.fz  59606.841062061  59606.841181065  7670  2.0913e-14  2.7175e-16
cpt0m407-kb87-20220127-0086-e91.fits.fz  59606.842955452  59606.843074468  7670  2.1092e-14  2.8728e-16
cpt0m407-kb87-20220127-0088-e91.fits.fz  59606.845021192  59606.845140220  7670  2.0672e-14  2.7704e-16
cpt0m407-kb87-20220127-0090-e91.fits.fz  59606.848529399  59606.848648438  7670  2.1297e-14  2.7399e-16
cpt0m407-kb87-20220127-0101-e91.fits.fz  59606.864517385  59606.864636401  7670  2.0560e-14  2.6582e-16
cpt0m407-kb87-20220127-0103-e91.fits.fz  59606.869371783  59606.869490799  7670  2.1399e-14  2.7866e-16
cpt0m407-kb87-20220127-0109-e91.fits.fz  59606.879910197  59606.880029236  7670  2.0609e-14  2.7115e-16
cpt0m407-kb87-20220127-0111-e91.fits.fz  59606.890211505  59606.890330510  7670  2.0354e-14  2.6607e-16
cpt0m407-kb87-20220127-0113-e91.fits.fz  59606.900618774  59606.900737802  7670  2.0912e-14  2.6890e-16
cpt0m407-kb87-20220127-0123-e91.fits.fz  59606.945830695  59606.945949711  7670  2.1405e-14  2.7256e-16
cpt0m407-kb87-20220127-0125-e91.fits.fz  59606.952006181  59606.952125174  7670  2.0618e-14  2.6857e-16
cpt0m407-kb87-20220127-0127-e91.fits.fz  59606.962421575  59606.962540568  7670  2.0853e-14  2.7323e-16
cpt0m407-kb87-20220127-0129-e91.fits.fz  59606.972833114  59606.972952142  7670  2.1013e-14  2.7730e-16
cpt0m407-kb87-20220127-0131-e91.fits.fz  59606.983248149  59606.983367176  7670  2.0628e-14  2.7088e-16
cpt0m407-kb87-20220127-0133-e91.fits.fz  59606.993676852  59606.993795880  7670  2.0804e-14  2.5492e-16
cpt0m407-kb87-20220127-0136-e91.fits.fz  59607.004300695  59607.004419711  7670  2.0563e-14  2.5619e-16
cpt0m407-kb87-20220127-0138-e91.fits.fz  59607.014510857  59607.014629885  7670  2.0987e-14  2.6554e-16
cpt0m407-kb87-20220127-0140-e91.fits.fz  59607.024918716  59607.025037744  7670  2.0155e-14  2.6088e-16
cpt0m407-kb87-20220127-0142-e91.fits.fz  59607.035335139  59607.035454167  7670  2.1037e-14  2.5818e-16
cpt0m407-kb87-20220127-0144-e91.fits.fz  59607.045762327  59607.045881366  7670  2.2035e-14  2.8301e-16
lsc0m412-kb26-20220127-0214-e91.fits.fz  59607.236288762  59607.236407767  7670  2.1553e-14  5.4107e-16
coj0m403-kb24-20220128-0089-e91.fits.fz  59607.502266146  59607.502384584  7670  1.9108e-14  3.6231e-15
cpt0m407-kb87-20220128-0077-e91.fits.fz  59607.833258276  59607.833377304  7670  2.0546e-14  2.9817e-16
lsc0m412-kb26-20220128-0092-e91.fits.fz  59608.149031332  59608.149150348  7670  2.0613e-14  5.0213e-16
coj0m405-kb88-20220129-0057-e91.fits.fz  59608.581889306  59608.582008403  7670  2.1086e-14  2.7138e-16
coj0m405-kb88-20220130-0042-e91.fits.fz  59609.639337628  59609.639456644  7670  2.2172e-14  3.7082e-16
coj0m403-kb24-20220131-0082-e91.fits.fz  59610.617032616  59610.617151123  7670  2.3323e-14  2.8228e-16
cpt0m407-kb87-20220201-0033-e91.fits.fz  59611.956770498  59611.956889526  7670  2.2964e-14  3.7030e-16
coj0m405-kb88-20220203-0077-e91.fits.fz  59613.453211042  59613.453330024  7670  2.2673e-14  3.8147e-15
cpt0m407-kb87-20220204-0089-e91.fits.fz  59614.817963172  59614.818082165  7670  2.1971e-14  3.4229e-16
coj0m403-kb24-20220205-0095-e91.fits.fz  59615.501337188  59615.501455660  7670  2.1667e-14  5.2057e-16
coj0m405-kb88-20220206-0090-e91.fits.fz  59616.476386644  59616.476505741  7670  2.2488e-14  2.8253e-16
coj0m405-kb88-20220207-0083-e91.fits.fz  59617.473633241  59617.473752292  7670  2.0577e-14  2.7147e-16
lsc0m412-kb26-20220219-0115-e91.fits.fz  59630.082520440  59630.082639468  7670  2.1478e-14  8.9020e-16
lsc0m412-kb26-20220220-0098-e91.fits.fz  59631.080521771  59631.080640776  7670  2.2151e-14  8.6328e-16
lsc0m409-kb29-20220221-0081-e91.fits.fz  59632.080564271  59632.080683311  7670  1.9071e-14  5.1926e-16
lsc0m409-kb29-20220222-0103-e91.fits.fz  59633.080567327  59633.080686343  7670  2.0668e-14  4.8659e-16
lsc0m409-kb29-20220223-0090-e91.fits.fz  59634.080576216  59634.080695209  7670  2.0325e-14  4.6219e-16
lsc0m409-kb29-20220224-0109-e91.fits.fz  59635.080540533  59635.080659584  7670  1.9384e-14  4.3855e-16
lsc0m409-kb29-20220225-0093-e91.fits.fz  59636.080551297  59636.080670313  7670  2.0533e-14  4.7874e-16
coj0m405-kb88-20220227-0056-e91.fits.fz  59637.410725035  59637.410844098  7670  2.2679e-14  2.9708e-16
lsc0m412-kb26-20220227-0092-e91.fits.fz  59638.080453936  59638.080572963  7670  2.1660e-14  6.2201e-16
lsc0m409-kb29-20220228-0086-e91.fits.fz  59639.080585498  59639.080704515  7670  2.0868e-14  4.9914e-16
cpt0m407-kb87-20220301-0080-e91.fits.fz  59639.799060220  59639.799179237  7670  2.1389e-14  2.7806e-16
lsc0m409-kb29-20220301-0073-e91.fits.fz  59640.053467605  59640.053586621  7670  2.0730e-14  4.6967e-16
lsc0m409-kb29-20220301-0128-e91.fits.fz  59640.111298021  59640.111417049  7670  2.0016e-14  4.6531e-16
lsc0m409-kb29-20220301-0151-e91.fits.fz  59640.139009954  59640.139129028  7670  2.1650e-14  4.7596e-16
lsc0m409-kb29-20220301-0157-e91.fits.fz  59640.148997963  59640.149116945  7670  1.9798e-14  4.7015e-16
lsc0m409-kb29-20220301-0159-e91.fits.fz  59640.154777084  59640.154896147  7670  2.0888e-14  4.6823e-16
lsc0m409-kb29-20220301-0174-e91.fits.fz  59640.169801193  59640.169920290  7670  2.0727e-14  5.1949e-16
lsc0m409-kb29-20220301-0176-e91.fits.fz  59640.175566632  59640.175685683  7670  2.0316e-14  5.0354e-16
lsc0m409-kb29-20220301-0185-e91.fits.fz  59640.186118056  59640.186237061  7670  2.0307e-14  5.1026e-16
lsc0m409-kb29-20220301-0196-e91.fits.fz  59640.196509642  59640.196628658  7670  1.9637e-14  4.8720e-16
lsc0m409-kb29-20220301-0205-e91.fits.fz  59640.212261401  59640.212380371  7670  1.9698e-14  5.1362e-16
lsc0m409-kb29-20220301-0207-e91.fits.fz  59640.217234491  59640.217353554  7670  1.9922e-14  4.9819e-16
lsc0m409-kb29-20220301-0213-e91.fits.fz  59640.227772165  59640.227891251  7670  1.9767e-14  4.7046e-16
lsc0m409-kb29-20220301-0215-e91.fits.fz  59640.238075996  59640.238195058  7670  1.8879e-14  4.8583e-16
lsc0m409-kb29-20220301-0217-e91.fits.fz  59640.248487593  59640.248606551  7670  1.9451e-14  4.7382e-16
lsc0m409-kb29-20220301-0222-e91.fits.fz  59640.259289098  59640.259408149  7670  2.0555e-14  4.8151e-16
lsc0m409-kb29-20220301-0233-e91.fits.fz  59640.269469283  59640.269588346  7670  1.9387e-14  4.8447e-16
lsc0m409-kb29-20220301-0243-e91.fits.fz  59640.281464040  59640.281583125  7670  2.0176e-14  4.9584e-16
lsc0m409-kb29-20220301-0245-e91.fits.fz  59640.290149943  59640.290268959  7670  2.0316e-14  4.8790e-16
coj0m405-kb88-20220302-0044-e91.fits.fz  59640.483279260  59640.483398334  7670  3.8037e-14  7.4662e-15
coj0m403-kb24-20220302-0054-e91.fits.fz  59640.492354699  59640.492473206  7670  2.8134e-14  4.4183e-15
coj0m403-kb24-20220302-0104-e91.fits.fz  59640.539701795  59640.539820209  7670  2.1042e-14  1.5407e-15
coj0m405-kb88-20220302-0115-e91.fits.fz  59640.546559908  59640.546678901  7670  1.9357e-14  1.3142e-15
coj0m405-kb88-20220302-0119-e91.fits.fz  59640.565177385  59640.565296494  7670  1.9988e-14  1.4229e-15
cpt0m407-kb87-20220302-0076-e91.fits.fz  59640.805724919  59640.805843901  7670  2.0823e-14  2.6597e-16
lsc0m409-kb29-20220302-0069-e91.fits.fz  59641.010306528  59641.010425626  7670  2.0160e-14  3.1837e-16
coj0m403-kb24-20220303-0065-e91.fits.fz  59641.396202662  59641.396321123  7670  2.2152e-14  2.4647e-16
coj0m403-kb24-20220303-0109-e91.fits.fz  59641.465955660  59641.466074132  7670  2.2606e-14  2.7284e-16
cpt0m407-kb87-20220303-0064-e91.fits.fz  59641.857936447  59641.858055464  7670  2.2938e-14  3.0163e-16
cpt0m407-kb87-20220304-0088-e91.fits.fz  59642.796469075  59642.796588068  7670  2.0595e-14  3.1140e-16
cpt0m407-kb87-20220305-0065-e91.fits.fz  59643.751278183  59643.751397246  7670  2.0957e-14  3.1816e-16
cpt0m407-kb87-20220307-0146-e91.fits.fz  59645.842387883  59645.842506910  7670  2.1932e-14  3.3151e-16
lsc0m409-kb29-20220308-0058-e91.fits.fz  59647.001199248  59647.001318276  7670  2.0276e-14  4.2556e-16
lsc0m409-kb29-20220309-0069-e91.fits.fz  59648.007590116  59648.007709167  7670  2.0242e-14  2.8209e-16
lsc0m409-kb29-20220310-0065-e91.fits.fz  59649.008336042  59649.008455093  7670  2.1048e-14  2.8391e-16
lsc0m409-kb29-20220311-0074-e91.fits.fz  59650.019442281  59650.019561332  7670  1.9433e-14  2.7136e-16
lsc0m412-kb26-20220312-0069-e91.fits.fz  59651.004616054  59651.004735082  7670  2.2598e-14  4.8467e-16
lsc0m409-kb29-20220430-0060-e91.fits.fz  59699.960330950  59699.960449943  7670  2.1443e-14  3.2544e-16
coj0m403-kb24-20220502-0079-e91.fits.fz  59701.386081806  59701.386200255  7670  2.1740e-14  2.1522e-16
lsc0m409-kb29-20220502-0065-e91.fits.fz  59701.959249132  59701.959368125  7670  2.2189e-14  3.7448e-16
lsc0m412-kb26-20220503-0069-e91.fits.fz  59702.963877616  59702.963996644  7670  2.2100e-14  4.7620e-16
lsc0m412-kb26-20220504-0077-e91.fits.fz  59703.978680521  59703.978799549  7670  2.0195e-14  3.3678e-16
lsc0m409-kb29-20220505-0079-e91.fits.fz  59704.970349144  59704.970468195  7670  2.2165e-14  3.6080e-16
lsc0m409-kb29-20220506-0093-e91.fits.fz  59705.998507107  59705.998626100  7670  2.1278e-14  3.1986e-16
lsc0m412-kb26-20220508-0070-e91.fits.fz  59707.975184121  59707.975303183  7670  2.2342e-14  4.2925e-16
lsc0m409-kb29-20220509-0095-e91.fits.fz  59709.089715302  59709.089834318  7670  2.0197e-14  4.4108e-16
