;File (Wave in A; Flux in erg/s/cm2/A)   MJD_start        MJD_end          Wave  Flux        Unc       
cpt0m407-kb87-20220129-0194-e91.fits.fz  59609.081363195  59609.081713704  5450  1.2398e-15  1.4417e-16
cpt0m407-kb87-20220129-0195-e91.fits.fz  59609.081840857  59609.082365012  5450  1.1803e-15  9.3859e-17
cpt0m407-kb87-20220129-0196-e91.fits.fz  59609.082487616  59609.083359005  5450  1.0488e-15  6.2180e-17
cpt0m407-kb87-20220129-0197-e91.fits.fz  59609.083489121  59609.084534109  5450  1.1749e-15  5.2467e-17
lsc0m412-kb26-20220131-0095-e91.fits.fz  59611.377379237  59611.378250545  5450  1.0151e-15  1.6208e-16
lsc0m409-kb29-20220201-0191-e91.fits.fz  59612.325677975  59612.326549260  5450  1.3833e-15  1.1457e-16
lsc0m409-kb29-20220204-0230-e91.fits.fz  59615.308271760  59615.309143079  5450  8.3219e-16  9.4802e-17
cpt0m407-kb87-20220205-0188-e91.fits.fz  59616.076552813  59616.077424144  5450  9.7636e-16  5.0711e-17
cpt0m407-kb87-20220206-0155-e91.fits.fz  59617.057309757  59617.058181135  5450  1.0907e-15  5.1042e-17
lsc0m409-kb29-20220207-0164-e91.fits.fz  59618.300084792  59618.300956158  5450  1.1204e-15  9.7741e-17
cpt0m407-kb87-20220208-0165-e91.fits.fz  59619.058516517  59619.059387883  5450  9.3829e-16  4.9539e-17
cpt0m407-kb87-20220209-0154-e91.fits.fz  59620.046995706  59620.047867084  5450  1.1169e-15  4.9263e-17
lsc0m409-kb29-20220414-0122-e91.fits.fz  59684.131731412  59684.132602813  5450  1.0838e-15  8.7948e-17
lsc0m409-kb29-20220415-0169-e91.fits.fz  59685.128915510  59685.129786783  5450  1.0516e-15  8.3612e-17
lsc0m409-kb29-20220416-0139-e91.fits.fz  59686.126353334  59686.127224676  5450  1.5908e-15  1.0943e-16
lsc0m409-kb29-20220417-0142-e91.fits.fz  59687.123702975  59687.124574294  5450  1.3315e-15  1.1757e-16
lsc0m409-kb29-20220420-0098-e91.fits.fz  59690.115250440  59690.116121783  5450  1.2112e-15  7.9320e-17
lsc0m412-kb26-20220421-0152-e91.fits.fz  59691.112641227  59691.113512605  5450  1.2351e-15  9.7903e-17
lsc0m409-kb29-20220422-0176-e91.fits.fz  59692.109838994  59692.110073774  5450  1.6674e-15  1.9427e-16
lsc0m412-kb26-20220422-0187-e91.fits.fz  59692.109873311  59692.110744653  5450  1.1463e-15  8.8024e-17
lsc0m409-kb29-20220423-0156-e91.fits.fz  59693.107918299  59693.108789596  5450  9.9633e-16  6.0326e-17
lsc0m409-kb29-20220423-0181-e91.fits.fz  59693.138916945  59693.139151760  5450  1.1113e-15  1.6848e-16
coj0m403-kb24-20220424-0228-e91.fits.fz  59693.726605174  59693.727475892  5450  8.7486e-16  1.0815e-16
lsc0m409-kb29-20220424-0169-e91.fits.fz  59694.105610903  59694.105845614  5450  1.2803e-15  2.1329e-16
lsc0m409-kb29-20220424-0286-e91.fits.fz  59694.304886193  59694.305757500  5450  9.7007e-16  5.2001e-17
cpt0m407-kb87-20220427-0088-e91.fits.fz  59696.902951471  59696.903822790  5450  1.1786e-15  4.9679e-17
lsc0m409-kb29-20220427-0178-e91.fits.fz  59697.198076540  59697.198600637  5450  8.7668e-16  9.4707e-17
lsc0m409-kb29-20220428-0155-e91.fits.fz  59698.084193646  59698.085064931  5450  1.0554e-15  6.2802e-17
lsc0m409-kb29-20220428-0162-e91.fits.fz  59698.094606610  59698.095477929  5450  1.0885e-15  6.4267e-17
lsc0m409-kb29-20220428-0171-e91.fits.fz  59698.105034561  59698.105905915  5450  8.4617e-16  5.7813e-17
lsc0m409-kb29-20220428-0177-e91.fits.fz  59698.112713727  59698.112948484  5450  1.3367e-15  2.0489e-16
lsc0m409-kb29-20220428-0179-e91.fits.fz  59698.115433855  59698.116305197  5450  1.0619e-15  6.0752e-17
lsc0m409-kb29-20220428-0193-e91.fits.fz  59698.128497732  59698.129369074  5450  8.8352e-16  6.5027e-17
lsc0m409-kb29-20220428-0195-e91.fits.fz  59698.131063334  59698.131934676  5450  1.0796e-15  5.6675e-17
cpt0m407-kb87-20220428-0181-e91.fits.fz  59698.136277639  59698.137148982  5450  9.9199e-16  4.9903e-17
cpt0m407-kb87-20220428-0183-e91.fits.fz  59698.146641957  59698.147513299  5450  1.0325e-15  5.0238e-17
cpt0m407-kb87-20220428-0201-e91.fits.fz  59698.172120325  59698.172645961  5450  1.0458e-15  8.8184e-17
coj0m403-kb24-20220429-0093-e91.fits.fz  59698.538443843  59698.539314596  5450  1.0896e-15  7.4158e-17
coj0m405-kb88-20220429-0104-e91.fits.fz  59698.551372223  59698.552243530  5450  1.1361e-15  4.0487e-17
coj0m403-kb24-20220429-0113-e91.fits.fz  59698.559299607  59698.560170417  5450  1.0140e-15  5.7397e-17
coj0m405-kb88-20220429-0115-e91.fits.fz  59698.568259815  59698.569131111  5450  1.1090e-15  6.0093e-17
coj0m403-kb24-20220429-0133-e91.fits.fz  59698.578693346  59698.579564075  5450  9.9090e-16  4.1943e-17
coj0m403-kb24-20220429-0135-e91.fits.fz  59698.589011389  59698.589882223  5450  1.0494e-15  4.0592e-17
coj0m405-kb88-20220429-0127-e91.fits.fz  59698.599519746  59698.600391065  5450  1.0014e-15  3.4088e-17
coj0m405-kb88-20220429-0138-e91.fits.fz  59698.610446772  59698.611318161  5450  9.8831e-16  3.4467e-17
coj0m403-kb24-20220429-0150-e91.fits.fz  59698.620386459  59698.621257339  5450  9.4344e-16  3.7983e-17
coj0m403-kb24-20220429-0152-e91.fits.fz  59698.630664734  59698.631535533  5450  1.0305e-15  4.3776e-17
coj0m405-kb88-20220429-0140-e91.fits.fz  59698.641086945  59698.641958276  5450  9.9722e-16  1.3825e-16
coj0m403-kb24-20220429-0163-e91.fits.fz  59698.651556690  59698.652427443  5450  1.0279e-15  4.1377e-17
lsc0m409-kb29-20220429-0170-e91.fits.fz  59699.135698577  59699.136569943  5450  9.6858e-16  1.0095e-16
lsc0m409-kb29-20220429-0172-e91.fits.fz  59699.142636945  59699.143508230  5450  1.0014e-15  6.7175e-17
lsc0m409-kb29-20220429-0183-e91.fits.fz  59699.153695811  59699.154567130  5450  1.0761e-15  8.2608e-17
lsc0m412-kb26-20220429-0130-e91.fits.fz  59699.184864642  59699.185735984  5450  1.1031e-15  1.3672e-16
lsc0m412-kb26-20220429-0147-e91.fits.fz  59699.208428924  59699.209300301  5450  9.7621e-16  8.4588e-17
coj0m405-kb88-20220430-0049-e91.fits.fz  59699.621488669  59699.621723542  5450  9.6298e-16  1.7977e-16
coj0m403-kb24-20220430-0045-e91.fits.fz  59699.624520880  59699.625391609  5450  1.1637e-15  5.6019e-17
coj0m405-kb88-20220430-0055-e91.fits.fz  59699.635567813  59699.636439144  5450  1.0319e-15  7.8941e-17
coj0m405-kb88-20220430-0115-e91.fits.fz  59699.809885359  59699.810756644  5450  9.5231e-16  6.8154e-17
cpt0m407-kb87-20220430-0410-e91.fits.fz  59700.170860232  59700.171384329  5450  1.0516e-15  7.5019e-17
coj0m403-kb24-20220501-0173-e91.fits.fz  59700.643773218  59700.644007420  5450  1.0429e-15  1.0731e-16
cpt0m407-kb87-20220501-0280-e91.fits.fz  59700.920319491  59700.921190810  5450  1.1061e-15  4.8101e-17
cpt0m407-kb87-20220501-0402-e91.fits.fz  59701.175063473  59701.175587605  5450  1.2610e-15  8.1904e-17
cpt0m407-kb87-20220502-0371-e91.fits.fz  59702.014597825  59702.015469167  5450  9.5118e-16  4.9429e-17
cpt0m407-kb87-20220502-0462-e91.fits.fz  59702.169555163  59702.170079283  5450  1.0181e-15  1.5835e-16
coj0m405-kb88-20220503-0222-e91.fits.fz  59702.562526320  59702.562761100  5450  9.9588e-16  1.2451e-16
coj0m405-kb88-20220503-0233-e91.fits.fz  59702.572816320  59702.573051100  5450  9.7706e-16  1.1617e-16
coj0m405-kb88-20220503-0239-e91.fits.fz  59702.580636795  59702.580871528  5450  7.9976e-16  1.2197e-16
coj0m405-kb88-20220503-0247-e91.fits.fz  59702.592987639  59702.593222443  5450  1.1722e-15  1.2020e-16
coj0m405-kb88-20220503-0251-e91.fits.fz  59702.598073299  59702.598308102  5450  9.8605e-16  1.0944e-16
coj0m405-kb88-20220503-0263-e91.fits.fz  59702.608536042  59702.608770753  5450  1.0103e-15  1.2060e-16
coj0m405-kb88-20220503-0274-e91.fits.fz  59702.618926598  59702.619161447  5450  8.2618e-16  1.2434e-16
coj0m405-kb88-20220503-0278-e91.fits.fz  59702.629402940  59702.629637697  5450  1.0131e-15  1.2656e-16
coj0m405-kb88-20220503-0287-e91.fits.fz  59702.641005220  59702.641239966  5450  9.0994e-16  1.2219e-16
coj0m405-kb88-20220503-0298-e91.fits.fz  59702.651165556  59702.651400336  5450  1.1031e-15  1.1563e-16
cpt0m407-kb87-20220503-0137-e91.fits.fz  59702.825577130  59702.825811899  5450  1.0706e-15  1.8698e-16
cpt0m407-kb87-20220503-0152-e91.fits.fz  59702.842549920  59702.842784688  5450  1.4569e-15  1.8899e-16
cpt0m407-kb87-20220503-0154-e91.fits.fz  59702.844447142  59702.844681911  5450  1.1621e-15  1.9519e-16
cpt0m407-kb87-20220503-0177-e91.fits.fz  59702.874364943  59702.874599711  5450  1.0192e-15  1.8721e-16
cpt0m407-kb87-20220503-0195-e91.fits.fz  59702.894788311  59702.895023079  5450  1.3734e-15  1.6965e-16
cpt0m407-kb87-20220503-0201-e91.fits.fz  59702.905132049  59702.905366829  5450  1.3273e-15  1.6821e-16
cpt0m407-kb87-20220503-0212-e91.fits.fz  59702.918928114  59702.919162882  5450  9.7700e-16  1.7675e-16
cpt0m407-kb87-20220503-0246-e91.fits.fz  59702.961983866  59702.962218635  5450  1.1141e-15  1.7578e-16
cpt0m407-kb87-20220503-0248-e91.fits.fz  59702.968166505  59702.968401274  5450  9.2625e-16  1.7066e-16
cpt0m407-kb87-20220503-0268-e91.fits.fz  59703.002244422  59703.002479190  5450  1.3944e-15  1.7877e-16
cpt0m407-kb87-20220503-0276-e91.fits.fz  59703.030671922  59703.030906679  5450  1.0598e-15  1.7128e-16
cpt0m407-kb87-20220503-0285-e91.fits.fz  59703.051665764  59703.051900533  5450  1.2243e-15  1.6502e-16
cpt0m407-kb87-20220503-0307-e91.fits.fz  59703.091884144  59703.092118913  5450  1.0856e-15  1.8110e-16
cpt0m407-kb87-20220503-0320-e91.fits.fz  59703.113135649  59703.114006968  5450  9.8095e-16  4.7408e-17
cpt0m407-kb87-20220503-0331-e91.fits.fz  59703.129377987  59703.129612744  5450  1.4233e-15  1.9307e-16
lsc0m412-kb26-20220503-0185-e91.fits.fz  59703.174309931  59703.174834052  5450  9.8343e-16  1.4676e-16
lsc0m409-kb29-20220503-0128-e91.fits.fz  59703.238212130  59703.238446829  5450  1.1607e-15  1.6385e-16
cpt0m407-kb87-20220504-0181-e91.fits.fz  59703.826639445  59703.827510788  5450  1.0386e-15  5.8065e-17
cpt0m407-kb87-20220504-0290-e91.fits.fz  59703.945567651  59703.945802420  5450  1.2112e-15  1.8022e-16
lsc0m409-kb29-20220504-0191-e91.fits.fz  59704.173263994  59704.173788091  5450  1.0006e-15  7.7104e-17
cpt0m407-kb87-20220505-0161-e91.fits.fz  59704.816322292  59704.817193681  5450  1.2582e-15  5.6969e-17
lsc0m409-kb29-20220505-0143-e91.fits.fz  59705.074341656  59705.074576436  5450  1.5323e-15  2.1193e-16
cpt0m407-kb87-20220505-0311-e91.fits.fz  59705.167889225  59705.168413334  5450  1.3194e-15  9.4202e-17
cpt0m407-kb87-20220506-0099-e91.fits.fz  59705.817942651  59705.818814028  5450  1.0905e-15  6.8061e-17
lsc0m409-kb29-20220506-0127-e91.fits.fz  59706.178223600  59706.178747755  5450  8.8646e-16  7.9987e-17
lsc0m409-kb29-20220508-0104-e91.fits.fz  59708.104952801  59708.105824167  5450  8.8381e-16  5.7563e-17
lsc0m409-kb29-20220508-0117-e91.fits.fz  59708.119595313  59708.119945799  5450  6.3572e-16  1.2062e-16
lsc0m409-kb29-20220508-0123-e91.fits.fz  59708.128684792  59708.129208947  5450  7.5612e-16  8.7897e-17
cpt0m407-kb87-20220509-0119-e91.fits.fz  59708.805647755  59708.805998264  5450  9.7069e-16  1.3552e-16
cpt0m407-kb87-20220509-0142-e91.fits.fz  59708.832496991  59708.832731771  5450  1.0981e-15  1.8123e-16
cpt0m407-kb87-20220509-0146-e91.fits.fz  59708.837017362  59708.837888727  5450  9.4674e-16  4.9981e-17
cpt0m407-kb87-20220509-0158-e91.fits.fz  59708.871992165  59708.872516274  5450  8.8022e-16  7.9778e-17
cpt0m407-kb87-20220509-0184-e91.fits.fz  59708.908128426  59708.908363195  5450  1.1809e-15  1.8811e-16
cpt0m407-kb87-20220510-0120-e91.fits.fz  59709.873588970  59709.874460278  5450  9.7587e-16  5.7425e-17
cpt0m407-kb87-20220510-0253-e91.fits.fz  59709.973122373  59709.973646494  5450  1.1233e-15  8.3112e-17
cpt0m407-kb87-20220511-0137-e91.fits.fz  59710.800237211  59710.800587721  5450  8.8040e-16  1.2587e-16
cpt0m407-kb87-20220511-0139-e91.fits.fz  59710.802177385  59710.803048739  5450  9.6389e-16  5.7318e-17
cpt0m407-kb87-20220511-0161-e91.fits.fz  59710.906455012  59710.906689781  5450  8.9937e-16  1.6564e-16
lsc0m409-kb29-20220511-0086-e91.fits.fz  59711.074213265  59711.074737489  5450  8.6067e-16  9.5206e-17
cpt0m407-kb87-20220512-0121-e91.fits.fz  59711.809219133  59711.810090464  5450  8.5196e-16  5.9310e-17
cpt0m407-kb87-20220512-0123-e91.fits.fz  59711.812662292  59711.813012802  5450  8.2307e-16  1.3177e-16
cpt0m407-kb87-20220512-0135-e91.fits.fz  59711.830152605  59711.830676725  5450  9.1084e-16  9.0660e-17
cpt0m407-kb87-20220512-0143-e91.fits.fz  59711.854347061  59711.854871193  5450  8.2443e-16  8.9403e-17
cpt0m407-kb87-20220512-0162-e91.fits.fz  59711.891892628  59711.892416737  5450  9.5638e-16  9.1486e-17
cpt0m407-kb87-20220512-0171-e91.fits.fz  59711.911272049  59711.911796158  5450  7.6962e-16  9.4118e-17
coj0m403-kb24-20220516-0131-e91.fits.fz  59715.625194862  59715.625544838  5450  1.3683e-15  2.3026e-16
lsc0m412-kb26-20220517-0154-e91.fits.fz  59717.140291447  59717.140815556  5450  1.0768e-15  1.7680e-16
lsc0m409-kb29-20220518-0114-e91.fits.fz  59718.378757165  59718.379802107  5450  1.0164e-15  1.2673e-16
lsc0m409-kb29-20220519-0170-e91.fits.fz  59719.137689665  59719.138213843  5450  1.2753e-15  8.4292e-17
lsc0m409-kb29-20220519-0188-e91.fits.fz  59719.208532142  59719.209577130  5450  1.2507e-15  4.8603e-17
lsc0m409-kb29-20220520-0069-e91.fits.fz  59720.058067269  59720.058417767  5450  1.5378e-15  1.4315e-16
lsc0m409-kb29-20220520-0071-e91.fits.fz  59720.060887408  59720.061411494  5450  1.2898e-15  9.7220e-17
lsc0m412-kb26-20220520-0099-e91.fits.fz  59720.096936193  59720.097286656  5450  1.4146e-15  2.3299e-16
lsc0m409-kb29-20220520-0133-e91.fits.fz  59720.291297327  59720.292342234  5450  1.1752e-15  6.0620e-17
lsc0m409-kb29-20220521-0124-e91.fits.fz  59721.045390371  59721.045914514  5450  1.0885e-15  1.0013e-16
lsc0m409-kb29-20220521-0126-e91.fits.fz  59721.047750024  59721.048100568  5450  1.1214e-15  1.3703e-16
lsc0m409-kb29-20220521-0159-e91.fits.fz  59721.137729329  59721.138253461  5450  1.2458e-15  8.4111e-17
lsc0m409-kb29-20220521-0183-e91.fits.fz  59721.209311262  59721.210356262  5450  1.1061e-15  4.6405e-17
coj0m405-kb88-20220522-0048-e91.fits.fz  59721.618648982  59721.618999468  5450  1.2719e-15  1.0341e-16
lsc0m409-kb29-20220522-0149-e91.fits.fz  59722.137679653  59722.138203739  5450  9.0323e-16  7.9272e-17
lsc0m409-kb29-20220522-0172-e91.fits.fz  59722.208530903  59722.209575834  5450  1.0399e-15  4.8839e-17
lsc0m409-kb29-20220523-0113-e91.fits.fz  59723.027938172  59723.028288646  5450  8.5319e-16  1.3539e-16
lsc0m409-kb29-20220523-0178-e91.fits.fz  59723.178208832  59723.178733010  5450  1.2220e-15  1.4075e-16
lsc0m409-kb29-20220524-0109-e91.fits.fz  59724.027684133  59724.028208218  5450  8.5035e-16  1.0525e-16
lsc0m409-kb29-20220524-0119-e91.fits.fz  59724.046974179  59724.047324815  5450  9.0402e-16  1.4725e-16
lsc0m409-kb29-20220524-0204-e91.fits.fz  59724.208595139  59724.209640151  5450  9.3299e-16  7.6106e-17
lsc0m409-kb29-20220525-0119-e91.fits.fz  59725.026272350  59725.026622813  5450  1.0137e-15  1.3103e-16
lsc0m409-kb29-20220525-0180-e91.fits.fz  59725.137776332  59725.138300475  5450  1.1411e-15  8.4229e-17
lsc0m409-kb29-20220525-0195-e91.fits.fz  59725.178220278  59725.178570811  5450  1.3937e-15  1.0910e-16
lsc0m409-kb29-20220525-0214-e91.fits.fz  59725.208587188  59725.209632130  5450  1.1584e-15  4.3761e-17
lsc0m409-kb29-20220526-0099-e91.fits.fz  59726.017430498  59726.017954677  5450  1.1716e-15  8.8882e-17
lsc0m412-kb26-20220526-0113-e91.fits.fz  59726.023158438  59726.023508947  5450  1.5702e-15  2.1894e-16
lsc0m409-kb29-20220526-0149-e91.fits.fz  59726.137704989  59726.138229121  5450  1.1966e-15  7.5597e-17
lsc0m412-kb26-20220526-0174-e91.fits.fz  59726.208616899  59726.209663299  5450  1.2083e-15  6.3772e-17
lsc0m409-kb29-20220526-0173-e91.fits.fz  59726.241937825  59726.242288392  5450  1.0238e-15  1.1365e-16
lsc0m409-kb29-20220527-0112-e91.fits.fz  59727.014754700  59727.015105267  5450  1.2580e-15  1.2050e-16
lsc0m409-kb29-20220527-0114-e91.fits.fz  59727.016718739  59727.017242883  5450  1.0823e-15  8.9108e-17
lsc0m409-kb29-20220527-0159-e91.fits.fz  59727.124680498  59727.125030984  5450  1.2369e-15  1.1652e-16
lsc0m409-kb29-20220529-0053-e91.fits.fz  59729.009478808  59729.009829283  5450  1.3264e-15  2.6048e-16
lsc0m409-kb29-20220529-0055-e91.fits.fz  59729.014057096  59729.014581216  5450  1.0053e-15  1.6262e-16
lsc0m409-kb29-20220529-0071-e91.fits.fz  59729.035445961  59729.036490927  5450  9.2176e-16  9.5878e-17
ogg0m406-kb27-20220602-0115-e91.fits.fz  59733.396126586  59733.397167570  5450  1.0857e-15  4.4951e-17
ogg0m406-kb27-20220602-0117-e91.fits.fz  59733.406370544  59733.407411563  5450  1.1268e-15  3.9269e-17
ogg0m406-kb27-20220603-0219-e91.fits.fz  59734.396853970  59734.397374156  5450  9.2722e-16  6.3185e-17
ogg0m406-kb27-20220603-0221-e91.fits.fz  59734.404977778  59734.405497929  5450  8.7702e-16  6.2554e-17
lsc0m409-kb29-20220605-0108-e91.fits.fz  59735.988961610  59735.989312142  5450  9.3890e-16  1.8654e-16
lsc0m409-kb29-20220605-0110-e91.fits.fz  59735.991243508  59735.991767593  5450  8.2403e-16  1.3330e-16
lsc0m412-kb26-20220605-0081-e91.fits.fz  59735.991626367  59735.992671320  5450  1.3101e-15  1.4800e-16
lsc0m409-kb29-20220605-0179-e91.fits.fz  59736.073172454  59736.073522987  5450  1.0648e-15  1.4856e-16
lsc0m409-kb29-20220606-0001-e91.fits.fz  59736.986955070  59736.987305614  5450  8.0863e-16  1.4626e-16
lsc0m409-kb29-20220606-0023-e91.fits.fz  59737.005726829  59737.006250892  5450  8.2910e-16  1.1519e-16
lsc0m409-kb29-20220606-0035-e91.fits.fz  59737.017536586  59737.018407940  5450  1.0702e-15  7.4655e-17
lsc0m412-kb26-20220606-0019-e91.fits.fz  59737.063132998  59737.064177940  5450  8.1823e-16  7.0337e-17
lsc0m409-kb29-20220606-0059-e91.fits.fz  59737.073126262  59737.073476760  5450  8.3155e-16  1.2750e-16
lsc0m409-kb29-20220606-0102-e91.fits.fz  59737.187667859  59737.188539144  5450  1.0457e-15  5.2821e-17
lsc0m409-kb29-20220607-0081-e91.fits.fz  59737.983420267  59737.984465209  5450  8.7116e-16  5.6556e-17
lsc0m409-kb29-20220607-0146-e91.fits.fz  59738.104394920  59738.104919110  5450  1.0587e-15  8.3009e-17
lsc0m409-kb29-20220607-0173-e91.fits.fz  59738.187706065  59738.188577385  5450  9.6436e-16  5.1312e-17
lsc0m412-kb26-20220608-0089-e91.fits.fz  59738.980794804  59738.981839792  5450  1.4001e-15  9.6189e-17
lsc0m409-kb29-20220608-0098-e91.fits.fz  59739.073226227  59739.073576748  5450  9.8623e-16  1.2577e-16
lsc0m409-kb29-20220608-0140-e91.fits.fz  59739.187658913  59739.188530232  5450  1.2220e-15  5.4954e-17
lsc0m409-kb29-20220608-0148-e91.fits.fz  59739.205573068  59739.206097165  5450  1.1209e-15  8.9210e-17
lsc0m409-kb29-20220609-0070-e91.fits.fz  59739.978618936  59739.979663866  5450  8.3501e-16  6.1480e-17
lsc0m409-kb29-20220609-0113-e91.fits.fz  59740.187659063  59740.188530429  5450  7.8651e-16  7.8437e-17
lsc0m412-kb26-20220610-0076-e91.fits.fz  59740.975228207  59740.976273172  5450  1.3049e-15  9.6626e-17
lsc0m409-kb29-20220610-0108-e91.fits.fz  59741.073177582  59741.073528114  5450  8.1768e-16  1.4644e-16
lsc0m409-kb29-20220610-0110-e91.fits.fz  59741.125165568  59741.125689734  5450  1.0654e-15  1.0146e-16
lsc0m409-kb29-20220610-0128-e91.fits.fz  59741.187662500  59741.188533889  5450  9.6225e-16  7.5084e-17
lsc0m409-kb29-20220611-0082-e91.fits.fz  59741.972501216  59741.973546112  5450  8.5394e-16  8.4240e-17
lsc0m409-kb29-20220611-0094-e91.fits.fz  59742.073181019  59742.073531482  5450  1.2487e-15  1.6236e-16
lsc0m409-kb29-20220611-0096-e91.fits.fz  59742.125159630  59742.125683693  5450  8.5760e-16  1.1165e-16
lsc0m412-kb26-20220611-0105-e91.fits.fz  59742.187734839  59742.188606181  5450  6.8389e-16  1.2065e-16
lsc1m005-fa15-20220612-0249-e91.fits.fz  59743.283723033  59743.283942616  5450  1.4601e-15  1.1063e-16
lsc1m005-fa15-20220614-0063-e91.fits.fz  59744.964695348  59744.964787663  5450  9.9606e-16  1.0755e-16
lsc1m005-fa15-20220614-0109-e91.fits.fz  59745.018181853  59745.018401482  5450  1.2850e-15  1.1005e-16
coj0m405-kb88-20220615-0411-e91.fits.fz  59745.635381262  59745.636426181  5450  8.0323e-16  5.5134e-17
lsc1m004-fa03-20220615-0083-e91.fits.fz  59746.012842408  59746.012934723  5450  8.6801e-16  4.5249e-17
lsc1m005-fa15-20220615-0139-e91.fits.fz  59746.119103832  59746.119323427  5450  9.6739e-16  2.1665e-17
lsc0m409-kb29-20220616-0040-e91.fits.fz  59746.963813855  59746.964858820  5450  1.0000e-15  9.4237e-17
cpt1m010-fa16-20220616-0151-e91.fits.fz  59746.991127165  59746.991220498  5450  1.1079e-15  1.1884e-16
lsc0m409-kb29-20220616-0163-e91.fits.fz  59747.125190082  59747.125714190  5450  7.9836e-16  9.4877e-17
lsc1m009-fa04-20220616-0139-e91.fits.fz  59747.232181656  59747.232401239  5450  9.1822e-16  3.6601e-17
coj0m405-kb88-20220617-0032-e91.fits.fz  59747.689548172  59747.690593114  5450  1.0297e-15  3.8584e-17
lsc1m004-fa03-20220617-0076-e91.fits.fz  59748.002484202  59748.002703843  5450  9.5659e-16  3.1552e-17
lsc1m004-fa03-20220617-0088-e91.fits.fz  59748.014458797  59748.014678380  5450  9.5808e-16  1.7008e-17
lsc1m005-fa15-20220617-0099-e91.fits.fz  59748.019356505  59748.019576088  5450  1.0132e-15  1.7142e-17
cpt1m010-fa16-20220617-0244-e91.fits.fz  59748.030072697  59748.030293299  5450  9.7417e-16  3.7616e-17
lsc1m009-fa04-20220617-0110-e91.fits.fz  59748.031542246  59748.031634561  5450  9.8169e-16  2.7822e-17
cpt1m010-fa16-20220617-0246-e91.fits.fz  59748.039884792  59748.040105394  5450  9.6373e-16  1.1879e-16
lsc1m005-fa15-20220617-0125-e91.fits.fz  59748.051955753  59748.052175336  5450  1.0069e-15  2.3398e-17
lsc1m005-fa15-20220617-0133-e91.fits.fz  59748.065520301  59748.065739885  5450  9.8328e-16  2.6587e-17
lsc1m005-fa15-20220617-0135-e91.fits.fz  59748.071142026  59748.071361610  5450  9.6113e-16  4.1481e-17
lsc0m409-kb29-20220617-0166-e91.fits.fz  59748.125209780  59748.125733866  5450  9.9730e-16  1.3147e-16
lsc1m005-fa15-20220617-0164-e91.fits.fz  59748.133853623  59748.134073253  5450  1.0939e-15  5.3009e-17
lsc1m005-fa15-20220617-0176-e91.fits.fz  59748.144179989  59748.144399619  5450  9.4499e-16  1.8408e-17
lsc1m005-fa15-20220617-0178-e91.fits.fz  59748.154480000  59748.154699399  5450  9.5819e-16  1.7006e-17
lsc1m005-fa15-20220617-0180-e91.fits.fz  59748.164896355  59748.165115857  5450  1.0191e-15  3.7443e-17
lsc1m005-fa15-20220617-0207-e91.fits.fz  59748.205974515  59748.206194098  5450  9.5069e-16  2.2619e-17
lsc1m005-fa15-20220617-0209-e91.fits.fz  59748.212120973  59748.212340510  5450  9.3153e-16  4.0519e-17
lsc1m005-fa15-20220617-0211-e91.fits.fz  59748.222528994  59748.222748438  5450  8.9945e-16  1.0530e-16
lsc1m005-fa15-20220617-0225-e91.fits.fz  59748.290234121  59748.290453716  5450  1.0835e-15  6.7374e-17
lsc1m005-fa15-20220617-0227-e91.fits.fz  59748.295445614  59748.295665197  5450  9.2095e-16  1.3483e-16
coj1m011-fa12-20220618-0077-e91.fits.fz  59748.402582339  59748.402801968  5450  1.0563e-15  1.2638e-17
coj1m011-fa12-20220618-0084-e91.fits.fz  59748.409499133  59748.409718762  5450  1.0440e-15  1.2325e-17
coj1m011-fa12-20220618-0096-e91.fits.fz  59748.419374075  59748.419593751  5450  1.0503e-15  1.3799e-17
coj1m011-fa12-20220618-0098-e91.fits.fz  59748.421338369  59748.421558045  5450  1.0380e-15  1.2900e-17
coj1m011-fa12-20220618-0110-e91.fits.fz  59748.430319098  59748.430538774  5450  1.0614e-15  1.2763e-17
coj1m011-fa12-20220618-0138-e91.fits.fz  59748.601072373  59748.601164688  5450  1.1803e-15  3.0304e-17
coj1m011-fa12-20220618-0140-e91.fits.fz  59748.607256748  59748.607349109  5450  1.1252e-15  2.7527e-17
coj1m011-fa12-20220618-0161-e91.fits.fz  59748.621078230  59748.621170591  5450  1.0923e-15  2.9360e-17
coj1m011-fa12-20220618-0166-e91.fits.fz  59748.628220903  59748.628313218  5450  1.0144e-15  2.7820e-17
lsc1m005-fa15-20220618-0058-e91.fits.fz  59748.949729283  59748.949821551  5450  1.1427e-15  4.4524e-17
lsc1m005-fa15-20220618-0072-e91.fits.fz  59748.961725255  59748.961817570  5450  1.0836e-15  3.3371e-17
lsc1m005-fa15-20220618-0077-e91.fits.fz  59748.970071609  59748.970163924  5450  1.0853e-15  4.0823e-17
lsc1m009-fa04-20220618-0070-e91.fits.fz  59748.980408102  59748.980500371  5450  8.5872e-16  4.8894e-17
lsc1m005-fa15-20220618-0093-e91.fits.fz  59748.990879665  59748.990971992  5450  1.1572e-15  2.9389e-17
lsc1m005-fa15-20220618-0105-e91.fits.fz  59749.001299329  59749.001391644  5450  1.1155e-15  2.9771e-17
lsc1m009-fa04-20220618-0106-e91.fits.fz  59749.013515244  59749.013607512  5450  1.0505e-15  2.4229e-17
lsc1m009-fa04-20220618-0111-e91.fits.fz  59749.022076841  59749.022169109  5450  1.1886e-15  3.0589e-17
lsc1m009-fa04-20220618-0116-e91.fits.fz  59749.032497234  59749.032589549  5450  1.0040e-15  4.8936e-17
lsc1m005-fa15-20220618-0121-e91.fits.fz  59749.042911933  59749.043004248  5450  1.0900e-15  2.4216e-17
lsc1m005-fa15-20220618-0130-e91.fits.fz  59749.053146818  59749.053239086  5450  1.0370e-15  2.5367e-17
lsc1m005-fa15-20220618-0132-e91.fits.fz  59749.063506054  59749.063598369  5450  1.0808e-15  2.5162e-17
lsc1m005-fa15-20220618-0144-e91.fits.fz  59749.074139688  59749.074232003  5450  1.0696e-15  2.5819e-17
lsc1m005-fa15-20220618-0156-e91.fits.fz  59749.084642350  59749.084734665  5450  1.0359e-15  2.4985e-17
lsc1m009-fa04-20220618-0171-e91.fits.fz  59749.125316389  59749.125408704  5450  9.9431e-16  2.2446e-17
lsc1m005-fa15-20220618-0184-e91.fits.fz  59749.133921910  59749.134014225  5450  1.0287e-15  2.6249e-17
lsc1m005-fa15-20220618-0186-e91.fits.fz  59749.139884294  59749.139976609  5450  1.0335e-15  2.5952e-17
lsc1m005-fa15-20220618-0192-e91.fits.fz  59749.150460568  59749.150552883  5450  9.7782e-16  2.6432e-17
lsc1m005-fa15-20220618-0197-e91.fits.fz  59749.160945024  59749.161037292  5450  1.0437e-15  2.6460e-17
lsc1m005-fa15-20220618-0200-e91.fits.fz  59749.171276343  59749.171368612  5450  9.9656e-16  2.6293e-17
lsc1m005-fa15-20220618-0206-e91.fits.fz  59749.181714642  59749.181806957  5450  1.0385e-15  2.6815e-17
lsc1m005-fa15-20220618-0218-e91.fits.fz  59749.192067767  59749.192160035  5450  1.0115e-15  2.6646e-17
lsc1m005-fa15-20220618-0221-e91.fits.fz  59749.202649630  59749.202741945  5450  1.0440e-15  2.6348e-17
lsc1m005-fa15-20220618-0224-e91.fits.fz  59749.212914561  59749.213006829  5450  1.0624e-15  5.8762e-17
lsc1m005-fa15-20220618-0236-e91.fits.fz  59749.223300406  59749.223392674  5450  1.0484e-15  3.1844e-17
lsc1m005-fa15-20220618-0256-e91.fits.fz  59749.258961470  59749.259053739  5450  1.0834e-15  2.9770e-17
lsc1m005-fa15-20220618-0258-e91.fits.fz  59749.264893577  59749.264985845  5450  1.0884e-15  3.1116e-17
lsc1m005-fa15-20220618-0260-e91.fits.fz  59749.275313079  59749.275405348  5450  1.0782e-15  3.1759e-17
lsc1m005-fa15-20220618-0262-e91.fits.fz  59749.285722952  59749.285815220  5450  1.0484e-15  3.2389e-17
coj1m011-fa12-20220619-0033-e91.fits.fz  59749.392179850  59749.392272165  5450  1.0592e-15  3.6481e-17
coj1m011-fa12-20220619-0040-e91.fits.fz  59749.402727709  59749.402820024  5450  1.0036e-15  4.1000e-17
coj1m011-fa12-20220619-0042-e91.fits.fz  59749.408641262  59749.408669086  5450  8.2121e-16  1.4784e-16
cpt1m012-fa06-20220619-0129-e91.fits.fz  59749.748623762  59749.748843392  5450  1.0610e-15  3.7327e-17
coj1m011-fa12-20220620-0070-e91.fits.fz  59750.443552153  59750.443644468  5450  1.0169e-15  2.5493e-17
coj1m011-fa12-20220620-0129-e91.fits.fz  59750.524703971  59750.524923647  5450  9.7288e-16  1.2473e-17
coj1m011-fa12-20220621-0103-e91.fits.fz  59751.470573415  59751.470665776  5450  1.1699e-15  1.6622e-16
coj1m011-fa12-20220621-0195-e91.fits.fz  59751.624847454  59751.625067130  5450  1.3649e-15  1.5800e-17
coj1m011-fa12-20220622-0118-e91.fits.fz  59752.421461852  59752.421554213  5450  1.1147e-15  2.8132e-17
coj1m011-fa12-20220624-0079-e91.fits.fz  59754.381138044  59754.381357720  5450  1.0993e-15  1.2602e-17
cpt1m010-fa16-20220624-0040-e91.fits.fz  59754.945065776  59754.945159109  5450  1.0483e-15  5.8326e-17
lsc1m004-fa03-20220624-0089-e91.fits.fz  59755.104545706  59755.104638021  5450  1.2443e-15  5.6853e-17
coj1m011-fa12-20220625-0128-e91.fits.fz  59755.458953831  59755.459173507  5450  1.0850e-15  1.4194e-17
lsc1m009-fa04-20220625-0033-e91.fits.fz  59756.104742408  59756.104834723  5450  1.0235e-15  3.3087e-17
coj1m003-fa19-20220626-0078-e91.fits.fz  59756.458906343  59756.459126991  5450  9.8999e-16  2.2965e-17
coj1m011-fa12-20220627-0140-e91.fits.fz  59757.473797501  59757.474017165  5450  1.1935e-15  2.0766e-17
lsc1m004-fa03-20220627-0033-e91.fits.fz  59758.111464862  59758.111557177  5450  9.8404e-16  3.7222e-17
cpt1m012-fa06-20220628-0195-e91.fits.fz  59758.844513311  59758.844732940  5450  9.4568e-16  2.6979e-17
lsc1m004-fa03-20220628-0319-e91.fits.fz  59759.241230221  59759.241322489  5450  1.0181e-15  2.9053e-17
lsc1m009-fa04-20220629-0250-e91.fits.fz  59760.241985301  59760.242077616  5450  9.5158e-16  3.7610e-17
lsc1m009-fa04-20220629-0252-e91.fits.fz  59760.243982975  59760.244202558  5450  9.7322e-16  2.0601e-17
cpt1m010-fa16-20220630-0237-e91.fits.fz  59760.959391945  59760.959612593  5450  9.9855e-16  2.4082e-17
cpt1m010-fa16-20220701-0169-e91.fits.fz  59761.894009318  59761.894102651  5450  1.1145e-15  7.8786e-17
cpt1m010-fa16-20220701-0211-e91.fits.fz  59761.971929873  59761.972150533  5450  1.1935e-15  6.5193e-17
lsc1m005-fa15-20220701-0113-e91.fits.fz  59762.082096494  59762.082188762  5450  1.1650e-15  4.0414e-17
lsc0m412-kb26-20220702-0077-e91.fits.fz  59763.029147350  59763.029497860  5450  1.3103e-15  2.2524e-16
lsc1m005-fa15-20220702-0353-e91.fits.fz  59763.148628392  59763.148847929  5450  1.2011e-15  1.4539e-17
lsc1m005-fa15-20220702-0360-e91.fits.fz  59763.157817327  59763.157909595  5450  1.1745e-15  2.6871e-17
lsc0m409-kb98-20220703-0062-e91.fits.fz  59763.968903496  59763.969254028  5450  1.2942e-15  1.4997e-16
lsc0m409-kb98-20220704-0073-e91.fits.fz  59764.972829815  59764.973180325  5450  1.0525e-15  1.7050e-16
lsc0m412-kb26-20220708-0068-e91.fits.fz  59768.958997859  59768.959348334  5450  1.2991e-15  2.2261e-16
lsc0m409-kb98-20220708-0146-e91.fits.fz  59769.159248461  59769.159598924  5450  9.9514e-16  1.8914e-16
cpt1m012-fa06-20220709-0068-e91.fits.fz  59769.712813438  59769.712905753  5450  7.1130e-16  1.1293e-16
coj0m405-kb88-20220711-0045-e91.fits.fz  59771.394658392  59771.395529804  5450  1.4526e-15  1.1820e-16
cpt1m012-fa06-20220721-0180-e91.fits.fz  59781.901320452  59781.901412813  5450  8.7133e-16  1.4751e-16
cpt1m010-fa16-20220722-0104-e91.fits.fz  59782.774297998  59782.774518646  5450  9.9737e-16  9.2090e-17
coj1m003-fa19-20220724-0238-e91.fits.fz  59784.542240209  59784.542460903  5450  1.1606e-15  1.4563e-17
coj1m003-fa19-20220724-0246-e91.fits.fz  59784.549006725  59784.549100105  5450  1.1141e-15  2.6608e-17
coj1m003-fa19-20220724-0248-e91.fits.fz  59784.551027894  59784.551248600  5450  1.1586e-15  1.5094e-17
coj1m003-fa19-20220725-0057-e91.fits.fz  59785.358145660  59785.358366320  5450  9.6832e-16  1.3254e-17
coj1m011-fa12-20220725-0144-e91.fits.fz  59785.516709341  59785.516801656  5450  1.0378e-15  3.7216e-17
coj1m011-fa12-20220725-0164-e91.fits.fz  59785.543226551  59785.543446505  5450  8.7199e-16  1.6637e-17
cpt1m010-fa16-20220725-0232-e91.fits.fz  59785.890356968  59785.890577570  5450  8.9501e-16  2.3122e-17
cpt1m012-fa06-20220725-0189-e91.fits.fz  59785.923180371  59785.923272640  5450  8.3974e-16  5.4560e-17
lsc1m009-fa04-20220725-0002-e91.fits.fz  59785.979551308  59785.979770938  5450  9.1194e-16  1.2720e-17
lsc1m009-fa04-20220726-0119-e91.fits.fz  59787.098511922  59787.098731563  5450  9.4668e-16  1.2488e-17
lsc1m009-fa04-20220726-0128-e91.fits.fz  59787.106142072  59787.106361702  5450  9.8284e-16  1.9541e-17
lsc1m009-fa04-20220726-0137-e91.fits.fz  59787.116893288  59787.117112917  5450  8.5396e-16  1.9733e-17
lsc1m009-fa04-20220726-0145-e91.fits.fz  59787.125373033  59787.125593588  5450  9.8703e-16  1.7258e-17
lsc1m005-fa15-20220726-0125-e91.fits.fz  59787.135990059  59787.136209642  5450  9.7545e-16  1.4541e-17
lsc1m009-fa04-20220726-0151-e91.fits.fz  59787.146459491  59787.146679075  5450  9.7065e-16  1.7025e-17
lsc1m009-fa04-20220726-0165-e91.fits.fz  59787.156622871  59787.156842500  5450  9.9662e-16  1.6590e-17
lsc1m009-fa04-20220726-0177-e91.fits.fz  59787.167097234  59787.167316818  5450  9.5509e-16  1.3181e-17
lsc1m009-fa04-20220726-0181-e91.fits.fz  59787.180968739  59787.181188369  5450  9.6932e-16  1.5774e-17
lsc1m009-fa04-20220726-0184-e91.fits.fz  59787.185646320  59787.185738635  5450  1.0247e-15  3.0528e-17
lsc1m009-fa04-20220726-0186-e91.fits.fz  59787.187851089  59787.188070718  5450  9.8371e-16  1.6535e-17
cpt1m012-fa06-20220727-0078-e91.fits.fz  59787.871507350  59787.871726980  5450  8.5729e-16  3.4764e-17
lsc1m005-fa15-20220727-0087-e91.fits.fz  59788.021257744  59788.021477373  5450  9.2776e-16  1.6689e-17
lsc1m009-fa04-20220727-0061-e91.fits.fz  59788.028335718  59788.028555348  5450  8.9579e-16  1.3638e-17
lsc1m005-fa15-20220727-0091-e91.fits.fz  59788.038657883  59788.038877478  5450  9.2540e-16  1.4308e-17
lsc1m005-fa15-20220727-0093-e91.fits.fz  59788.049117674  59788.049337304  5450  9.1963e-16  1.5823e-17
lsc1m005-fa15-20220727-0103-e91.fits.fz  59788.059150845  59788.059370429  5450  9.3703e-16  1.6059e-17
lsc1m009-fa04-20220727-0081-e91.fits.fz  59788.073397686  59788.073617315  5450  8.9904e-16  1.4626e-17
lsc1m005-fa15-20220727-0105-e91.fits.fz  59788.083369063  59788.083588693  5450  8.9725e-16  1.4203e-17
lsc1m005-fa15-20220727-0115-e91.fits.fz  59788.093113843  59788.093333438  5450  9.1439e-16  1.4021e-17
lsc1m005-fa15-20220727-0117-e91.fits.fz  59788.095322709  59788.095415024  5450  9.3411e-16  3.0370e-17
lsc1m005-fa15-20220727-0122-e91.fits.fz  59788.100991667  59788.101211297  5450  9.3524e-16  1.5408e-17
lsc1m005-fa15-20220727-0133-e91.fits.fz  59788.111500151  59788.111719734  5450  9.0672e-16  1.4178e-17
lsc1m005-fa15-20220727-0138-e91.fits.fz  59788.122136656  59788.122356285  5450  9.2148e-16  1.7162e-17
lsc1m005-fa15-20220727-0146-e91.fits.fz  59788.131634989  59788.131854584  5450  9.3902e-16  1.5891e-17
lsc1m005-fa15-20220727-0151-e91.fits.fz  59788.142266910  59788.142486493  5450  9.3047e-16  1.9081e-17
lsc1m005-fa15-20220727-0155-e91.fits.fz  59788.153200869  59788.153420498  5450  9.6285e-16  2.0649e-17
lsc1m005-fa15-20220727-0159-e91.fits.fz  59788.167097396  59788.167316991  5450  9.4719e-16  1.6605e-17
lsc1m009-fa04-20220727-0093-e91.fits.fz  59788.173351170  59788.173570799  5450  9.2454e-16  1.6077e-17
lsc1m009-fa04-20220727-0098-e91.fits.fz  59788.184515996  59788.184735637  5450  9.1745e-16  2.1977e-17
coj1m011-fa12-20220728-0143-e91.fits.fz  59788.543272304  59788.543491980  5450  9.0780e-16  1.5914e-17
cpt1m010-fa16-20220728-0158-e91.fits.fz  59788.885612651  59788.885833265  5450  8.8185e-16  2.3880e-17
coj1m011-fa12-20220729-0205-e91.fits.fz  59789.529142975  59789.529362605  5450  7.7966e-16  1.2550e-17
lsc1m009-fa04-20220729-0104-e91.fits.fz  59790.043622211  59790.043679896  5450  7.9216e-16  5.0961e-17
lsc1m009-fa04-20220729-0134-e91.fits.fz  59790.090570301  59790.090789942  5450  8.4508e-16  1.9276e-17
coj1m003-fa19-20220730-0118-e91.fits.fz  59790.448628450  59790.448849110  5450  1.1840e-15  1.2863e-17
cpt1m010-fa16-20220730-0113-e91.fits.fz  59790.804525603  59790.804746204  5450  1.1762e-15  2.5958e-17
cpt1m012-fa06-20220730-0175-e91.fits.fz  59790.816413693  59790.816633322  5450  1.1112e-15  2.7416e-17
lsc1m005-fa15-20220730-0316-e91.fits.fz  59791.147489167  59791.147547686  5450  1.0975e-15  4.6443e-17
lsc1m005-fa15-20220731-0058-e91.fits.fz  59791.961588426  59791.961808056  5450  9.4470e-16  2.2890e-17
lsc1m009-fa04-20220731-0081-e91.fits.fz  59792.039715510  59792.039773253  5450  8.5976e-16  4.1376e-17
lsc1m009-fa04-20220731-0088-e91.fits.fz  59792.048368091  59792.048588334  5450  9.3292e-16  2.7069e-17
lsc1m009-fa04-20220731-0090-e91.fits.fz  59792.050442489  59792.050662304  5450  7.5819e-16  3.0081e-17
lsc1m005-fa15-20220802-0065-e91.fits.fz  59793.986522836  59793.986742431  5450  1.0071e-15  1.8252e-17
lsc1m005-fa15-20220802-0146-e91.fits.fz  59794.174036875  59794.174094422  5450  1.1749e-15  4.4223e-17
lsc1m009-fa04-20220803-0069-e91.fits.fz  59794.995412315  59794.995631945  5450  9.0767e-16  1.5549e-17
lsc1m005-fa15-20220803-0134-e91.fits.fz  59795.135825556  59795.135883484  5450  9.1610e-16  3.8900e-17
lsc1m009-fa04-20220804-0058-e91.fits.fz  59795.962976852  59795.963196494  5450  9.2576e-16  1.8457e-17
lsc1m005-fa15-20220805-0058-e91.fits.fz  59796.963459225  59796.963678808  5450  9.3377e-16  2.9111e-17
lsc0m409-kb98-20220805-0096-e91.fits.fz  59797.083535348  59797.084059503  5450  1.0042e-15  1.1726e-16
cpt1m010-fa16-20220806-0110-e91.fits.fz  59797.823325058  59797.823545660  5450  1.0528e-15  5.4661e-17
cpt1m010-fa16-20220806-0113-e91.fits.fz  59797.833530834  59797.833589399  5450  9.4525e-16  1.1476e-16
coj0m403-kb23-20220807-0048-e91.fits.fz  59798.354494619  59798.355018149  5450  9.7690e-16  5.8466e-17
coj1m003-fa19-20220807-0076-e91.fits.fz  59798.462507743  59798.462728392  5450  9.3095e-16  2.0240e-17
lsc1m009-fa04-20220807-0066-e91.fits.fz  59799.098770938  59799.098990521  5450  8.3132e-16  5.7148e-17
lsc1m005-fa15-20220808-0072-e91.fits.fz  59800.000528704  59800.000748334  5450  9.1016e-16  2.6894e-17
lsc0m409-kb98-20220808-0116-e91.fits.fz  59800.126905417  59800.127429537  5450  1.1824e-15  1.6668e-16
lsc0m409-kb98-20220808-0118-e91.fits.fz  59800.130842165  59800.131366204  5450  9.6411e-16  1.3208e-16
lsc0m409-kb98-20220808-0120-e91.fits.fz  59800.135397640  59800.135921783  5450  8.3514e-16  1.4237e-16
lsc1m005-fa15-20220809-0087-e91.fits.fz  59801.000419711  59801.000639341  5450  8.0752e-16  2.6160e-17
lsc0m409-kb98-20220815-0064-e91.fits.fz  59806.966591447  59806.967115660  5450  1.5502e-15  9.9595e-17
lsc0m409-kb98-20220818-0068-e91.fits.fz  59809.975923438  59809.976273936  5450  1.0691e-15  1.7756e-16
lsc0m409-kb98-20220819-0060-e91.fits.fz  59810.972385487  59810.972735996  5450  1.3543e-15  1.9307e-16
lsc0m409-kb98-20220822-0064-e91.fits.fz  59813.969027790  59813.969378322  5450  1.1988e-15  1.6133e-16
coj0m405-kb83-20220826-0064-e91.fits.fz  59817.359142593  59817.359493160  5450  9.7635e-16  8.3381e-17
coj0m403-kb23-20220828-0057-e91.fits.fz  59819.359911204  59819.360955533  5450  6.6444e-16  2.6470e-17
lsc0m409-kb98-20220828-0059-e91.fits.fz  59819.973302859  59819.973827026  5450  6.6794e-16  1.0419e-16
lsc0m409-kb98-20220829-0065-e91.fits.fz  59820.975221922  59820.976266945  5450  6.4403e-16  5.3967e-17
lsc0m409-kb98-20220829-0069-e91.fits.fz  59820.980225417  59820.980749491  5450  6.5533e-16  1.0533e-16
lsc0m409-kb98-20220830-0072-e91.fits.fz  59821.983071274  59821.984116204  5450  5.6655e-16  5.0558e-17
coj0m403-kb23-20220831-0057-e91.fits.fz  59822.361008635  59822.362053079  5450  6.3928e-16  2.6960e-17
lsc0m409-kb98-20220831-0064-e91.fits.fz  59822.972173797  59822.972697940  5450  7.6160e-16  1.0457e-16
lsc0m409-kb98-20220902-0069-e91.fits.fz  59824.974953461  59824.975477581  5450  5.7471e-16  1.0987e-16
lsc0m409-kb98-20220902-0071-e91.fits.fz  59824.977198322  59824.978243334  5450  5.5950e-16  6.2105e-17
lsc0m409-kb98-20220903-0066-e91.fits.fz  59825.975482408  59825.976527385  5450  6.5273e-16  6.7459e-17
coj0m403-kb23-20220904-0042-e91.fits.fz  59826.362634584  59826.363680498  5450  7.2040e-16  4.9345e-17
coj0m405-kb83-20220905-0042-e91.fits.fz  59827.375271910  59827.376316864  5450  5.3007e-16  9.1240e-17
lsc0m409-kb98-20220906-0066-e91.fits.fz  59828.975975845  59828.976499920  5450  8.6511e-16  1.1223e-16
coj0m403-kb23-20220913-0066-e91.fits.fz  59835.367932246  59835.368282177  5450  4.7506e-16  7.6566e-17
lsc0m409-kb98-20220914-0065-e91.fits.fz  59836.982916980  59836.983267512  5450  9.3792e-16  1.7802e-16
coj0m403-kb23-20220918-0064-e91.fits.fz  59840.368054549  59840.368404491  5450  5.8846e-16  7.4985e-17
coj0m403-kb23-20220919-0046-e91.fits.fz  59841.370371934  59841.370721853  5450  5.6369e-16  7.6647e-17
lsc0m409-kb98-20220919-0076-e91.fits.fz  59841.985165949  59841.985516482  5450  1.0115e-15  1.7570e-16
lsc0m409-kb98-20220919-0102-e91.fits.fz  59842.013868253  59842.014739549  5450  6.3690e-16  6.9679e-17
lsc0m409-kb98-20220921-0068-e91.fits.fz  59843.984403635  59843.985275070  5450  6.4463e-16  7.3408e-17
lsc0m409-kb98-20220923-0068-e91.fits.fz  59845.984737535  59845.985608936  5450  7.2092e-16  6.0549e-17
lsc0m409-kb98-20220924-0056-e91.fits.fz  59847.008523785  59847.008874329  5450  1.3170e-15  1.8260e-16
coj0m403-kb23-20220925-0064-e91.fits.fz  59847.371073762  59847.371944456  5450  6.8939e-16  3.9908e-17
lsc0m409-kb98-20220925-0066-e91.fits.fz  59847.986360927  59847.987232246  5450  7.7471e-16  6.1569e-17
lsc0m409-kb98-20220925-0077-e91.fits.fz  59847.993668739  59847.994019236  5450  9.8662e-16  1.7606e-16
coj0m403-kb23-20220927-0064-e91.fits.fz  59849.371949700  59849.372820452  5450  6.7666e-16  3.8803e-17
coj0m403-kb23-20220927-0068-e91.fits.fz  59849.376612836  59849.376962790  5450  7.4006e-16  7.9087e-17
cpt0m407-kb87-20220129-0198-e91.fits.fz  59609.084681366  59609.084800394  7670  6.0049e-15  3.2509e-16
cpt0m407-kb87-20220129-0199-e91.fits.fz  59609.084923623  59609.085100510  7670  6.3854e-15  2.1537e-16
cpt0m407-kb87-20220129-0200-e91.fits.fz  59609.085223843  59609.085458612  7670  5.8539e-15  1.5924e-16
cpt0m407-kb87-20220129-0201-e91.fits.fz  59609.085583936  59609.085934422  7670  6.2639e-15  1.1357e-16
lsc0m412-kb26-20220131-0096-e91.fits.fz  59611.378393438  59611.378628207  7670  5.7843e-15  3.8752e-16
lsc0m409-kb29-20220201-0192-e91.fits.fz  59612.326760764  59612.326995567  7670  6.2594e-15  2.7890e-16
lsc0m409-kb29-20220204-0231-e91.fits.fz  59615.309365672  59615.309600475  7670  6.0028e-15  2.3718e-16
cpt0m407-kb87-20220205-0189-e91.fits.fz  59616.077575382  59616.077810139  7670  5.7638e-15  1.3896e-16
cpt0m407-kb87-20220206-0156-e91.fits.fz  59617.058331517  59617.058566274  7670  5.5867e-15  1.4156e-16
lsc0m409-kb29-20220207-0165-e91.fits.fz  59618.301177674  59618.301412489  7670  5.8487e-15  2.3260e-16
cpt0m407-kb87-20220208-0166-e91.fits.fz  59619.059537107  59619.059771910  7670  5.8461e-15  1.4086e-16
cpt0m407-kb87-20220209-0155-e91.fits.fz  59620.048027454  59620.048262188  7670  6.4078e-15  1.4001e-16
lsc0m409-kb29-20220414-0123-e91.fits.fz  59684.132806957  59684.133041702  7670  5.8957e-15  1.5055e-16
lsc0m409-kb29-20220415-0170-e91.fits.fz  59685.129994642  59685.130229387  7670  5.4994e-15  1.5147e-16
lsc0m409-kb29-20220416-0140-e91.fits.fz  59686.127435938  59686.127670683  7670  5.9379e-15  1.6384e-16
lsc0m409-kb29-20220417-0143-e91.fits.fz  59687.124782489  59687.125017246  7670  5.5186e-15  1.7138e-16
lsc0m409-kb29-20220418-0156-e91.fits.fz  59688.122811656  59688.123046389  7670  6.3297e-15  6.5013e-16
lsc0m412-kb26-20220420-0060-e91.fits.fz  59690.115650938  59690.115769977  7670  5.8294e-15  5.0995e-16
lsc0m409-kb29-20220420-0099-e91.fits.fz  59690.116351262  59690.116585996  7670  6.2150e-15  1.6664e-16
lsc0m409-kb29-20220421-0173-e91.fits.fz  59691.112977825  59691.113096922  7670  5.7210e-15  2.8117e-16
lsc0m412-kb26-20220421-0153-e91.fits.fz  59691.113732581  59691.113967350  7670  5.7903e-15  2.1100e-16
lsc0m409-kb29-20220422-0177-e91.fits.fz  59692.110290371  59692.110409387  7670  5.4495e-15  2.7472e-16
lsc0m412-kb26-20220422-0188-e91.fits.fz  59692.110892408  59692.111127177  7670  6.2196e-15  1.9674e-16
lsc0m409-kb29-20220423-0157-e91.fits.fz  59693.109003253  59693.109238021  7670  6.0380e-15  1.4619e-16
lsc0m409-kb29-20220423-0182-e91.fits.fz  59693.139367883  59693.139486945  7670  5.7709e-15  2.4808e-16
coj0m403-kb24-20220424-0229-e91.fits.fz  59693.727696424  59693.727930649  7670  5.5024e-15  2.8587e-16
lsc0m409-kb29-20220424-0170-e91.fits.fz  59694.106055024  59694.106174086  7670  5.7284e-15  3.2757e-16
lsc0m409-kb29-20220424-0287-e91.fits.fz  59694.305965278  59694.306199977  7670  5.6425e-15  1.4259e-16
lsc0m409-kb29-20220425-0281-e91.fits.fz  59695.418434804  59695.418553797  7670  5.4910e-15  3.2247e-16
lsc0m412-kb26-20220426-0064-e91.fits.fz  59696.248482350  59696.248601378  7670  5.0165e-15  3.7980e-16
lsc0m412-kb26-20220426-0066-e91.fits.fz  59696.251158299  59696.251393044  7670  5.2948e-15  1.8954e-16
cpt0m407-kb87-20220427-0089-e91.fits.fz  59696.903970660  59696.904205429  7670  5.7152e-15  1.4180e-16
cpt0m407-kb87-20220427-0091-e91.fits.fz  59696.906801366  59696.906920348  7670  5.8883e-15  2.9620e-16
lsc0m409-kb29-20220427-0179-e91.fits.fz  59697.198811123  59697.198987998  7670  5.0225e-15  1.8897e-16
lsc0m409-kb29-20220428-0156-e91.fits.fz  59698.085274341  59698.085509156  7670  5.5922e-15  1.5587e-16
lsc0m409-kb29-20220428-0163-e91.fits.fz  59698.095708218  59698.095942952  7670  5.5170e-15  1.5397e-16
lsc0m409-kb29-20220428-0172-e91.fits.fz  59698.106119017  59698.106353831  7670  5.4727e-15  1.5175e-16
lsc0m409-kb29-20220428-0178-e91.fits.fz  59698.113152477  59698.113271528  7670  6.1023e-15  2.8414e-16
lsc0m409-kb29-20220428-0180-e91.fits.fz  59698.116512211  59698.116747107  7670  5.6477e-15  1.5817e-16
lsc0m409-kb29-20220428-0194-e91.fits.fz  59698.129571031  59698.129805672  7670  5.5331e-15  1.5349e-16
lsc0m409-kb29-20220428-0196-e91.fits.fz  59698.132138669  59698.132373473  7670  5.4635e-15  1.4013e-16
cpt0m407-kb87-20220428-0182-e91.fits.fz  59698.137413750  59698.137648519  7670  5.8819e-15  1.4330e-16
cpt0m407-kb87-20220428-0184-e91.fits.fz  59698.147660938  59698.147895707  7670  5.6515e-15  1.4341e-16
cpt0m407-kb87-20220428-0202-e91.fits.fz  59698.172792570  59698.172969457  7670  5.4170e-15  1.9896e-16
coj0m403-kb24-20220429-0094-e91.fits.fz  59698.539552987  59698.539787153  7670  6.2391e-15  1.5414e-16
coj0m405-kb88-20220429-0105-e91.fits.fz  59698.552460290  59698.552695012  7670  6.5763e-15  2.4183e-16
coj0m403-kb24-20220429-0114-e91.fits.fz  59698.560392697  59698.560626864  7670  5.5188e-15  1.2146e-16
coj0m405-kb88-20220429-0116-e91.fits.fz  59698.569375660  59698.569610406  7670  5.7076e-15  1.5513e-16
coj0m403-kb24-20220429-0134-e91.fits.fz  59698.579802257  59698.580036401  7670  5.6044e-15  1.2822e-16
coj0m403-kb24-20220429-0136-e91.fits.fz  59698.590103207  59698.590337431  7670  5.4756e-15  1.1007e-16
coj0m405-kb88-20220429-0128-e91.fits.fz  59698.600619074  59698.600853912  7670  5.7836e-15  1.0850e-16
coj0m405-kb88-20220429-0139-e91.fits.fz  59698.611562096  59698.611796841  7670  5.9083e-15  1.0670e-16
coj0m403-kb24-20220429-0151-e91.fits.fz  59698.621484862  59698.621718994  7670  5.4143e-15  1.0761e-16
coj0m403-kb24-20220429-0153-e91.fits.fz  59698.631772801  59698.632007026  7670  5.3082e-15  1.1782e-16
coj0m405-kb88-20220429-0141-e91.fits.fz  59698.642197720  59698.642432431  7670  5.7541e-15  1.7843e-16
coj0m403-kb24-20220429-0164-e91.fits.fz  59698.652710996  59698.652945244  7670  6.1046e-15  3.7326e-16
lsc0m409-kb29-20220429-0163-e91.fits.fz  59699.127072014  59699.127306783  7670  5.7316e-15  2.0735e-16
lsc0m409-kb29-20220429-0171-e91.fits.fz  59699.136779098  59699.137013866  7670  5.9394e-15  1.5656e-16
lsc0m409-kb29-20220429-0173-e91.fits.fz  59699.143721795  59699.143956552  7670  5.8942e-15  1.6014e-16
lsc0m409-kb29-20220429-0184-e91.fits.fz  59699.154806702  59699.155041436  7670  5.3072e-15  1.5877e-16
lsc0m412-kb26-20220429-0123-e91.fits.fz  59699.167621320  59699.167856135  7670  6.0068e-15  4.6799e-16
lsc0m412-kb26-20220429-0128-e91.fits.fz  59699.174887084  59699.175121841  7670  5.9338e-15  3.1282e-16
lsc0m412-kb26-20220429-0131-e91.fits.fz  59699.185883623  59699.186118392  7670  6.4419e-15  5.0973e-16
lsc0m412-kb26-20220429-0137-e91.fits.fz  59699.195630753  59699.195865521  7670  5.0210e-15  7.5592e-16
lsc0m412-kb26-20220429-0148-e91.fits.fz  59699.209447350  59699.209682095  7670  5.7539e-15  1.8523e-16
lsc0m412-kb26-20220429-0152-e91.fits.fz  59699.216463704  59699.216698426  7670  5.6133e-15  2.7581e-16
coj0m405-kb88-20220430-0050-e91.fits.fz  59699.621959179  59699.622078241  7670  6.0524e-15  2.5327e-16
coj0m403-kb24-20220430-0046-e91.fits.fz  59699.625620915  59699.625855082  7670  6.4795e-15  1.6727e-16
coj0m405-kb88-20220430-0056-e91.fits.fz  59699.636659456  59699.636894237  7670  6.2123e-15  2.4624e-16
coj0m405-kb88-20220430-0116-e91.fits.fz  59699.810991436  59699.811226181  7670  5.7283e-15  2.1988e-16
cpt0m407-kb87-20220430-0411-e91.fits.fz  59700.171534052  59700.171710950  7670  5.1316e-15  1.7963e-16
coj0m403-kb24-20220501-0174-e91.fits.fz  59700.644247778  59700.644366193  7670  5.8444e-15  1.8540e-16
cpt0m407-kb87-20220501-0281-e91.fits.fz  59700.921340081  59700.921574838  7670  6.0241e-15  1.3730e-16
cpt0m407-kb87-20220501-0403-e91.fits.fz  59701.175734410  59701.175911320  7670  6.1098e-15  2.0714e-16
cpt0m407-kb87-20220502-0372-e91.fits.fz  59702.015619584  59702.015854352  7670  5.4213e-15  1.3925e-16
cpt0m407-kb87-20220502-0463-e91.fits.fz  59702.170224028  59702.170400926  7670  5.3752e-15  2.6086e-16
coj0m405-kb88-20220503-0223-e91.fits.fz  59702.562985035  59702.563104144  7670  6.1608e-15  1.9939e-16
coj0m405-kb88-20220503-0234-e91.fits.fz  59702.573295058  59702.573414074  7670  6.0596e-15  1.9115e-16
coj0m405-kb88-20220503-0240-e91.fits.fz  59702.581122072  59702.581241123  7670  5.6876e-15  1.8792e-16
coj0m405-kb88-20220503-0248-e91.fits.fz  59702.593506702  59702.593625822  7670  5.7874e-15  1.9024e-16
coj0m405-kb88-20220503-0252-e91.fits.fz  59702.598563160  59702.598682281  7670  5.8238e-15  1.9045e-16
coj0m405-kb88-20220503-0264-e91.fits.fz  59702.609002940  59702.609122049  7670  5.6642e-15  1.9984e-16
coj0m405-kb88-20220503-0275-e91.fits.fz  59702.619392327  59702.619511343  7670  6.0334e-15  1.9131e-16
coj0m405-kb88-20220503-0279-e91.fits.fz  59702.629868323  59702.629987385  7670  5.6922e-15  1.9749e-16
coj0m405-kb88-20220503-0288-e91.fits.fz  59702.641460186  59702.641579237  7670  5.6430e-15  2.0150e-16
coj0m405-kb88-20220503-0299-e91.fits.fz  59702.651651760  59702.651770845  7670  6.3654e-15  1.9301e-16
cpt0m407-kb87-20220503-0138-e91.fits.fz  59702.825964503  59702.826083531  7670  5.5668e-15  2.9126e-16
cpt0m407-kb87-20220503-0144-e91.fits.fz  59702.832526933  59702.832645950  7670  5.3505e-15  2.8377e-16
cpt0m407-kb87-20220503-0153-e91.fits.fz  59702.842934746  59702.843053785  7670  6.5137e-15  2.8875e-16
cpt0m407-kb87-20220503-0155-e91.fits.fz  59702.844830243  59702.844949260  7670  6.1082e-15  2.9603e-16
cpt0m407-kb87-20220503-0166-e91.fits.fz  59702.855136146  59702.855255163  7670  6.3656e-15  2.9149e-16
cpt0m407-kb87-20220503-0172-e91.fits.fz  59702.864687755  59702.864806818  7670  5.8753e-15  2.8088e-16
cpt0m407-kb87-20220503-0178-e91.fits.fz  59702.874749561  59702.874868623  7670  6.1592e-15  2.7364e-16
cpt0m407-kb87-20220503-0189-e91.fits.fz  59702.884906031  59702.885025059  7670  5.6902e-15  2.7878e-16
cpt0m407-kb87-20220503-0196-e91.fits.fz  59702.895172917  59702.895291957  7670  6.0763e-15  2.6637e-16
cpt0m407-kb87-20220503-0202-e91.fits.fz  59702.905526852  59702.905645915  7670  5.5572e-15  2.6263e-16
cpt0m407-kb87-20220503-0213-e91.fits.fz  59702.919313565  59702.919432558  7670  5.6013e-15  2.7162e-16
cpt0m407-kb87-20220503-0247-e91.fits.fz  59702.962368253  59702.962487315  7670  5.5816e-15  2.6863e-16
cpt0m407-kb87-20220503-0249-e91.fits.fz  59702.968552269  59702.968671297  7670  5.2739e-15  2.5205e-16
cpt0m407-kb87-20220503-0253-e91.fits.fz  59702.979066725  59702.979185753  7670  4.9858e-15  2.5674e-16
cpt0m407-kb87-20220503-0258-e91.fits.fz  59702.989546586  59702.989665614  7670  5.9859e-15  2.7625e-16
cpt0m407-kb87-20220503-0269-e91.fits.fz  59703.002630949  59703.002749977  7670  5.7221e-15  2.8754e-16
cpt0m407-kb87-20220503-0271-e91.fits.fz  59703.010229468  59703.010348473  7670  5.1372e-15  2.6915e-16
cpt0m407-kb87-20220503-0273-e91.fits.fz  59703.020643589  59703.020762593  7670  5.2367e-15  2.6453e-16
cpt0m407-kb87-20220503-0277-e91.fits.fz  59703.031051806  59703.031170846  7670  5.4560e-15  2.7117e-16
cpt0m407-kb87-20220503-0279-e91.fits.fz  59703.041469480  59703.041588496  7670  5.9458e-15  2.7271e-16
cpt0m407-kb87-20220503-0286-e91.fits.fz  59703.052052107  59703.052171135  7670  5.9712e-15  2.6374e-16
cpt0m407-kb87-20220503-0308-e91.fits.fz  59703.092265209  59703.092384190  7670  5.5132e-15  2.8454e-16
lsc0m412-kb26-20220503-0150-e91.fits.fz  59703.098561193  59703.098680255  7670  5.5213e-15  3.5173e-16
cpt0m407-kb87-20220503-0319-e91.fits.fz  59703.108922096  59703.109041123  7670  5.5833e-15  2.7099e-16
cpt0m407-kb87-20220503-0321-e91.fits.fz  59703.114157385  59703.114392153  7670  5.4237e-15  1.3870e-16
lsc0m412-kb26-20220503-0154-e91.fits.fz  59703.119394260  59703.119513241  7670  6.4844e-15  3.2776e-16
cpt0m407-kb87-20220503-0332-e91.fits.fz  59703.129762165  59703.129881146  7670  6.3479e-15  2.9300e-16
cpt0m407-kb87-20220503-0334-e91.fits.fz  59703.156061760  59703.156180776  7670  5.7914e-15  3.0276e-16
lsc0m412-kb26-20220503-0178-e91.fits.fz  59703.164077616  59703.164196644  7670  6.6711e-15  3.6205e-16
lsc0m412-kb26-20220503-0184-e91.fits.fz  59703.172840174  59703.172959167  7670  6.4447e-15  3.9392e-16
lsc0m412-kb26-20220503-0186-e91.fits.fz  59703.174982304  59703.175159167  7670  6.4751e-15  2.8818e-16
lsc0m412-kb26-20220503-0192-e91.fits.fz  59703.183192142  59703.183311146  7670  5.9206e-15  3.4163e-16
lsc0m412-kb26-20220503-0203-e91.fits.fz  59703.194685660  59703.194804677  7670  5.5393e-15  3.4401e-16
lsc0m412-kb26-20220503-0207-e91.fits.fz  59703.203969052  59703.204088033  7670  5.8026e-15  3.6281e-16
lsc0m409-kb29-20220503-0111-e91.fits.fz  59703.218073519  59703.218192605  7670  4.8809e-15  2.7484e-16
lsc0m409-kb29-20220503-0115-e91.fits.fz  59703.224963530  59703.225082558  7670  5.0386e-15  2.6473e-16
lsc0m409-kb29-20220503-0129-e91.fits.fz  59703.238660926  59703.238779966  7670  5.9687e-15  2.4417e-16
lsc0m409-kb29-20220503-0131-e91.fits.fz  59703.245704885  59703.245823936  7670  6.1373e-15  2.5663e-16
cpt0m407-kb87-20220504-0182-e91.fits.fz  59703.827660857  59703.827895649  7670  6.0486e-15  1.6031e-16
cpt0m407-kb87-20220504-0291-e91.fits.fz  59703.945944873  59703.946063878  7670  5.6336e-15  2.7962e-16
lsc0m409-kb29-20220504-0192-e91.fits.fz  59704.173992003  59704.174168959  7670  5.5956e-15  1.7375e-16
cpt0m407-kb87-20220505-0162-e91.fits.fz  59704.817344862  59704.817579665  7670  5.6669e-15  1.6080e-16
lsc0m409-kb29-20220505-0144-e91.fits.fz  59705.074783993  59705.074902998  7670  6.3095e-15  3.3916e-16
cpt0m407-kb87-20220505-0312-e91.fits.fz  59705.168562825  59705.168739723  7670  5.9210e-15  2.2590e-16
cpt0m407-kb87-20220506-0100-e91.fits.fz  59705.818961748  59705.819196517  7670  5.5822e-15  1.7261e-16
lsc0m412-kb26-20220506-0206-e91.fits.fz  59706.147836852  59706.147955869  7670  6.1897e-15  4.2262e-16
lsc0m409-kb29-20220506-0128-e91.fits.fz  59706.178955880  59706.179132824  7670  5.9979e-15  1.8213e-16
lsc0m409-kb29-20220508-0105-e91.fits.fz  59708.106042292  59708.106277003  7670  5.2996e-15  1.3937e-16
lsc0m409-kb29-20220508-0118-e91.fits.fz  59708.120188959  59708.120307987  7670  5.2891e-15  2.4847e-16
lsc0m409-kb29-20220508-0124-e91.fits.fz  59708.129407917  59708.129584781  7670  5.4883e-15  1.8611e-16
lsc0m409-kb29-20220508-0126-e91.fits.fz  59708.131392778  59708.131511864  7670  5.1766e-15  2.6594e-16
cpt0m407-kb87-20220509-0120-e91.fits.fz  59708.806147049  59708.806266089  7670  5.3043e-15  2.8980e-16
cpt0m407-kb87-20220509-0143-e91.fits.fz  59708.832882315  59708.833001320  7670  5.4934e-15  2.9722e-16
cpt0m407-kb87-20220509-0147-e91.fits.fz  59708.838037501  59708.838272292  7670  5.7895e-15  1.4388e-16
cpt0m407-kb87-20220509-0159-e91.fits.fz  59708.872664954  59708.872841852  7670  5.3548e-15  1.8383e-16
cpt0m407-kb87-20220509-0185-e91.fits.fz  59708.908513878  59708.908632871  7670  5.7389e-15  2.8459e-16
cpt0m407-kb87-20220510-0102-e91.fits.fz  59709.854923890  59709.855042871  7670  4.6798e-15  2.8388e-16
cpt0m407-kb87-20220510-0121-e91.fits.fz  59709.874608843  59709.874843612  7670  5.3181e-15  1.5085e-16
cpt0m407-kb87-20220510-0204-e91.fits.fz  59709.924178230  59709.924297246  7670  4.6935e-15  3.1346e-16
cpt0m407-kb87-20220510-0254-e91.fits.fz  59709.973836725  59709.974013612  7670  4.9019e-15  2.0936e-16
cpt0m407-kb87-20220511-0138-e91.fits.fz  59710.800737350  59710.800856355  7670  5.2894e-15  2.7565e-16
cpt0m407-kb87-20220511-0140-e91.fits.fz  59710.803193022  59710.803427755  7670  5.3339e-15  1.4637e-16
cpt0m407-kb87-20220511-0162-e91.fits.fz  59710.906838461  59710.906957489  7670  5.3821e-15  2.7119e-16
lsc0m409-kb29-20220511-0087-e91.fits.fz  59711.074950961  59711.075127871  7670  4.8858e-15  1.7829e-16
cpt0m407-kb87-20220512-0122-e91.fits.fz  59711.810236378  59711.810471135  7670  5.1612e-15  1.4180e-16
cpt0m407-kb87-20220512-0124-e91.fits.fz  59711.813154214  59711.813273218  7670  5.5621e-15  2.8416e-16
cpt0m407-kb87-20220512-0136-e91.fits.fz  59711.830823218  59711.831000105  7670  5.4070e-15  1.9349e-16
cpt0m407-kb87-20220512-0163-e91.fits.fz  59711.892565186  59711.892742084  7670  5.1188e-15  1.9738e-16
cpt0m407-kb87-20220512-0168-e91.fits.fz  59711.901572443  59711.901749329  7670  4.9357e-15  2.0222e-16
cpt0m407-kb87-20220512-0170-e91.fits.fz  59711.906782478  59711.906901505  7670  5.3372e-15  2.9223e-16
cpt0m407-kb87-20220512-0172-e91.fits.fz  59711.911942408  59711.912119306  7670  4.2740e-15  2.0454e-16
lsc0m409-kb29-20220512-0161-e91.fits.fz  59712.176082165  59712.176259052  7670  4.9434e-15  8.1734e-16
cpt0m407-kb87-20220513-0130-e91.fits.fz  59712.795171436  59712.795290464  7670  4.6473e-15  6.2326e-16
cpt0m407-kb87-20220513-0134-e91.fits.fz  59712.803366540  59712.803601297  7670  5.3451e-15  5.6652e-16
cpt0m407-kb87-20220514-0101-e91.fits.fz  59713.792363855  59713.792540741  7670  3.5839e-15  2.8864e-16
cpt0m407-kb87-20220515-0164-e91.fits.fz  59715.028199028  59715.028318068  7670  4.4358e-15  3.8424e-16
cpt0m407-kb87-20220515-0167-e91.fits.fz  59715.033032871  59715.033151852  7670  4.2793e-15  3.8359e-16
cpt0m407-kb87-20220515-0169-e91.fits.fz  59715.035223334  59715.035400267  7670  3.9859e-15  2.9228e-16
cpt0m407-kb87-20220515-0173-e91.fits.fz  59715.039549815  59715.039668855  7670  3.8192e-15  3.7871e-16
coj0m403-kb24-20220516-0111-e91.fits.fz  59715.479468299  59715.479644607  7670  8.1845e-15  1.2574e-15
coj0m403-kb24-20220516-0132-e91.fits.fz  59715.625750475  59715.625868936  7670  4.4245e-15  3.0892e-16
cpt0m407-kb87-20220516-0157-e91.fits.fz  59715.906853924  59715.906972952  7670  5.4386e-15  3.5193e-16
cpt0m407-kb87-20220516-0159-e91.fits.fz  59715.958975024  59715.959094051  7670  5.3411e-15  3.2214e-16
coj0m405-kb88-20220517-0153-e91.fits.fz  59716.580587998  59716.580764873  7670  5.0017e-15  1.6524e-16
coj0m405-kb88-20220517-0160-e91.fits.fz  59716.625753820  59716.625872801  7670  4.8636e-15  2.6230e-16
cpt0m407-kb87-20220517-0407-e91.fits.fz  59716.990428669  59716.990547709  7670  4.5375e-15  3.3751e-16
lsc0m412-kb26-20220517-0155-e91.fits.fz  59717.140966100  59717.141143021  7670  5.5965e-15  2.6486e-16
lsc0m412-kb26-20220518-0099-e91.fits.fz  59718.360404792  59718.360523820  7670  5.1258e-15  7.4143e-16
lsc0m409-kb29-20220518-0111-e91.fits.fz  59718.365420440  59718.365539422  7670  3.9207e-15  4.5528e-16
lsc0m412-kb26-20220518-0107-e91.fits.fz  59718.379463831  59718.379640718  7670  4.2684e-15  6.1556e-16
lsc0m409-kb29-20220518-0115-e91.fits.fz  59718.380005359  59718.380355938  7670  5.2100e-15  2.0308e-16
lsc0m412-kb26-20220519-0089-e91.fits.fz  59719.037023253  59719.037142269  7670  5.2865e-15  4.8167e-16
lsc0m409-kb29-20220519-0171-e91.fits.fz  59719.138425244  59719.138602153  7670  5.6681e-15  1.8546e-16
lsc0m409-kb29-20220519-0189-e91.fits.fz  59719.209792281  59719.210142778  7670  5.6373e-15  1.0454e-16
lsc0m409-kb29-20220520-0070-e91.fits.fz  59720.058626910  59720.058745880  7670  6.5479e-15  3.1801e-16
lsc0m409-kb29-20220520-0072-e91.fits.fz  59720.061626876  59720.061803739  7670  5.8218e-15  2.2309e-16
lsc0m412-kb26-20220520-0100-e91.fits.fz  59720.097432570  59720.097551598  7670  5.3198e-15  4.3490e-16
lsc0m412-kb26-20220520-0122-e91.fits.fz  59720.138397072  59720.138573959  7670  4.3881e-15  3.5029e-16
lsc0m409-kb29-20220520-0134-e91.fits.fz  59720.292544977  59720.292895521  7670  5.7807e-15  1.2510e-16
lsc0m409-kb29-20220521-0125-e91.fits.fz  59721.046126517  59721.046303392  7670  5.8223e-15  1.9626e-16
lsc0m409-kb29-20220521-0127-e91.fits.fz  59721.048323230  59721.048442235  7670  5.7199e-15  2.7687e-16
lsc0m409-kb29-20220521-0160-e91.fits.fz  59721.138467373  59721.138644329  7670  5.8114e-15  1.8701e-16
lsc0m409-kb29-20220521-0184-e91.fits.fz  59721.210554156  59721.210904642  7670  5.5508e-15  1.0153e-16
coj0m405-kb88-20220522-0049-e91.fits.fz  59721.619209572  59721.619328669  7670  5.8010e-15  2.1942e-16
lsc0m409-kb29-20220522-0150-e91.fits.fz  59722.138409052  59722.138585927  7670  5.2865e-15  1.7367e-16
lsc0m409-kb29-20220522-0173-e91.fits.fz  59722.209789885  59722.210140417  7670  5.4443e-15  1.1815e-16
lsc0m409-kb29-20220523-0112-e91.fits.fz  59723.026072315  59723.026191320  7670  5.8842e-15  2.8903e-16
lsc0m412-kb26-20220523-0091-e91.fits.fz  59723.028013647  59723.028190545  7670  5.2283e-15  2.7690e-16
lsc0m409-kb29-20220523-0114-e91.fits.fz  59723.028499098  59723.028618160  7670  5.5956e-15  2.7607e-16
lsc0m409-kb29-20220523-0179-e91.fits.fz  59723.178957697  59723.179134607  7670  5.1225e-15  2.8764e-16
lsc0m409-kb29-20220523-0192-e91.fits.fz  59723.210075753  59723.210426262  7670  5.0844e-15  2.8308e-16
lsc0m409-kb29-20220524-0110-e91.fits.fz  59724.028421389  59724.028598345  7670  5.0235e-15  2.2234e-16
lsc0m409-kb29-20220524-0116-e91.fits.fz  59724.041627153  59724.041746204  7670  4.7328e-15  2.9603e-16
lsc0m409-kb29-20220524-0120-e91.fits.fz  59724.047543658  59724.047662755  7670  5.3885e-15  3.1427e-16
lsc0m409-kb29-20220524-0174-e91.fits.fz  59724.138462211  59724.138639179  7670  4.9081e-15  1.9139e-16
lsc0m409-kb29-20220524-0205-e91.fits.fz  59724.209847709  59724.210198218  7670  5.2329e-15  1.7823e-16
lsc0m409-kb29-20220525-0118-e91.fits.fz  59725.024775730  59725.024894723  7670  6.4172e-15  2.8739e-16
lsc0m412-kb26-20220525-0123-e91.fits.fz  59725.025131193  59725.025308091  7670  5.4572e-15  2.7297e-16
lsc0m409-kb29-20220525-0120-e91.fits.fz  59725.026841887  59725.026960892  7670  6.2944e-15  2.7098e-16
lsc0m409-kb29-20220525-0181-e91.fits.fz  59725.138507015  59725.138683924  7670  5.8106e-15  1.7923e-16
lsc0m409-kb29-20220525-0196-e91.fits.fz  59725.178785429  59725.178904445  7670  5.7648e-15  2.4628e-16
lsc0m409-kb29-20220525-0215-e91.fits.fz  59725.209839642  59725.210190116  7670  5.7131e-15  1.0699e-16
lsc0m409-kb29-20220526-0100-e91.fits.fz  59726.018161644  59726.018338566  7670  4.7646e-15  1.7038e-16
lsc0m412-kb26-20220526-0114-e91.fits.fz  59726.023657396  59726.023776424  7670  5.3527e-15  3.6170e-16
lsc0m409-kb29-20220526-0106-e91.fits.fz  59726.029760498  59726.029879537  7670  5.0826e-15  2.5098e-16
lsc0m409-kb29-20220526-0150-e91.fits.fz  59726.138430996  59726.138607836  7670  5.5142e-15  1.9363e-16
lsc0m412-kb26-20220526-0175-e91.fits.fz  59726.209809711  59726.210160174  7670  6.0956e-15  1.3021e-16
lsc0m409-kb29-20220526-0174-e91.fits.fz  59726.242507894  59726.242626922  7670  5.5651e-15  2.3650e-16
lsc0m409-kb29-20220527-0113-e91.fits.fz  59727.015314873  59727.015433982  7670  6.0412e-15  2.5903e-16
lsc0m409-kb29-20220527-0115-e91.fits.fz  59727.017447663  59727.017624572  7670  5.6305e-15  1.8370e-16
lsc0m409-kb29-20220527-0160-e91.fits.fz  59727.125251667  59727.125370683  7670  5.5984e-15  2.6021e-16
lsc0m409-kb29-20220528-0060-e91.fits.fz  59728.250493623  59728.250612721  7670  4.7625e-15  8.7920e-16
lsc0m409-kb29-20220529-0054-e91.fits.fz  59729.010048936  59729.010167940  7670  5.3640e-15  4.7531e-16
lsc0m409-kb29-20220529-0056-e91.fits.fz  59729.014800163  59729.014977084  7670  4.9811e-15  3.5255e-16
lsc0m409-kb29-20220529-0072-e91.fits.fz  59729.036737165  59729.037087674  7670  5.2148e-15  2.1143e-16
ogg0m406-kb27-20220602-0116-e91.fits.fz  59733.397383392  59733.397729943  7670  6.0194e-15  9.2013e-17
ogg0m406-kb27-20220602-0118-e91.fits.fz  59733.407624549  59733.407971123  7670  5.9440e-15  9.6684e-17
ogg0m406-kb27-20220603-0220-e91.fits.fz  59734.397585672  59734.397758577  7670  5.1770e-15  1.4660e-16
ogg0m406-kb27-20220603-0222-e91.fits.fz  59734.405714248  59734.405887107  7670  4.8552e-15  1.4834e-16
lsc0m409-kb29-20220605-0109-e91.fits.fz  59735.989522119  59735.989872558  7670  5.6992e-15  1.4473e-16
lsc0m412-kb26-20220605-0080-e91.fits.fz  59735.989904387  59735.990139132  7670  5.4981e-15  3.8028e-16
lsc0m409-kb29-20220605-0111-e91.fits.fz  59735.991991679  59735.992168646  7670  5.7510e-15  2.9420e-16
lsc0m412-kb26-20220605-0082-e91.fits.fz  59735.992816760  59735.993167257  7670  6.4389e-15  2.2782e-16
lsc0m409-kb29-20220605-0115-e91.fits.fz  59735.997412744  59735.997531783  7670  5.3944e-15  3.6016e-16
lsc0m409-kb29-20220605-0180-e91.fits.fz  59736.073741100  59736.074091725  7670  6.2845e-15  1.1749e-16
lsc0m409-kb29-20220606-0024-e91.fits.fz  59737.006482176  59737.006659156  7670  5.6066e-15  2.7502e-16
lsc0m412-kb26-20220606-0020-e91.fits.fz  59737.064327084  59737.064677593  7670  5.6066e-15  1.3326e-16
lsc0m409-kb29-20220606-0060-e91.fits.fz  59737.073685382  59737.074035892  7670  5.0434e-15  9.7904e-17
lsc0m409-kb29-20220606-0103-e91.fits.fz  59737.188750371  59737.188985128  7670  5.4658e-15  1.5085e-16
lsc0m409-kb29-20220607-0082-e91.fits.fz  59737.984669653  59737.985020174  7670  5.0575e-15  1.0969e-16
lsc0m409-kb29-20220607-0120-e91.fits.fz  59738.073742489  59738.074092963  7670  4.8893e-15  1.0793e-16
lsc0m409-kb29-20220607-0147-e91.fits.fz  59738.105136563  59738.105313473  7670  5.6168e-15  1.8170e-16
lsc0m409-kb29-20220607-0174-e91.fits.fz  59738.188790128  59738.189024861  7670  5.1870e-15  1.3727e-16
lsc0m412-kb26-20220608-0090-e91.fits.fz  59738.981989596  59738.982340105  7670  6.4087e-15  1.4982e-16
lsc0m409-kb29-20220608-0099-e91.fits.fz  59739.073788531  59739.074139133  7670  5.5983e-15  1.0490e-16
lsc0m409-kb29-20220608-0141-e91.fits.fz  59739.188741088  59739.188975822  7670  5.5564e-15  1.4087e-16
lsc0m409-kb29-20220608-0149-e91.fits.fz  59739.206302304  59739.206479225  7670  5.9913e-15  1.7518e-16
lsc0m409-kb29-20220609-0071-e91.fits.fz  59739.979871968  59739.980222454  7670  4.8401e-15  1.1130e-16
lsc0m409-kb29-20220609-0088-e91.fits.fz  59740.073781274  59740.074131737  7670  4.8481e-15  2.1257e-16
lsc0m409-kb29-20220609-0114-e91.fits.fz  59740.188738160  59740.188972952  7670  4.4131e-15  1.6906e-16
lsc0m412-kb26-20220610-0077-e91.fits.fz  59740.976423241  59740.976773739  7670  6.3667e-15  1.6275e-16
lsc0m409-kb29-20220610-0109-e91.fits.fz  59741.073736737  59741.074087281  7670  4.8663e-15  1.1168e-16
lsc0m409-kb29-20220610-0111-e91.fits.fz  59741.125902419  59741.126079283  7670  5.6466e-15  1.8353e-16
lsc0m409-kb29-20220610-0129-e91.fits.fz  59741.188740475  59741.188975244  7670  4.7477e-15  1.5644e-16
lsc0m409-kb29-20220611-0083-e91.fits.fz  59741.973756193  59741.974106644  7670  5.0465e-15  1.2438e-16
lsc0m409-kb29-20220611-0095-e91.fits.fz  59742.073744260  59742.074094781  7670  5.1875e-15  1.2245e-16
lsc0m409-kb29-20220611-0097-e91.fits.fz  59742.125890417  59742.126067280  7670  4.8163e-15  1.9346e-16
lsc0m412-kb26-20220611-0106-e91.fits.fz  59742.188779862  59742.189014630  7670  4.8251e-15  2.2632e-16
lsc0m409-kb29-20220612-0075-e91.fits.fz  59742.971130787  59742.971481285  7670  5.6889e-15  1.7610e-16
lsc0m409-kb29-20220612-0106-e91.fits.fz  59743.073757859  59743.074108357  7670  4.9824e-15  1.6008e-16
lsc1m005-fa15-20220612-0250-e91.fits.fz  59743.284350869  59743.284408461  7670  6.1372e-15  1.2882e-16
lsc1m005-fa15-20220613-0139-e91.fits.fz  59744.080864966  59744.080957234  7670  5.3650e-15  2.1822e-16
lsc1m005-fa15-20220614-0064-e91.fits.fz  59744.965200915  59744.965293184  7670  5.9989e-15  5.6089e-17
lsc1m005-fa15-20220614-0110-e91.fits.fz  59745.018814630  59745.018872269  7670  5.8290e-15  1.3447e-16
lsc0m409-kb29-20220614-0126-e91.fits.fz  59745.125978854  59745.126155718  7670  5.6174e-15  3.7289e-16
coj0m405-kb88-20220615-0412-e91.fits.fz  59745.636671795  59745.637022234  7670  4.8703e-15  1.0228e-16
lsc1m004-fa03-20220615-0084-e91.fits.fz  59746.013337883  59746.013430475  7670  5.3226e-15  3.9475e-17
lsc1m005-fa15-20220615-0140-e91.fits.fz  59746.119730000  59746.119787593  7670  5.7448e-15  4.2674e-17
lsc0m409-kb29-20220615-0154-e91.fits.fz  59746.125955163  59746.126132038  7670  5.2714e-15  1.8008e-16
lsc0m409-kb29-20220616-0041-e91.fits.fz  59746.965067663  59746.965418207  7670  5.9158e-15  1.9896e-16
cpt1m010-fa16-20220616-0152-e91.fits.fz  59746.991620961  59746.991714294  7670  5.8322e-15  6.4306e-17
lsc0m409-kb29-20220616-0164-e91.fits.fz  59747.125922663  59747.126099630  7670  5.2770e-15  1.7773e-16
lsc1m009-fa04-20220616-0140-e91.fits.fz  59747.232806239  59747.232863970  7670  5.4543e-15  6.9320e-17
coj0m405-kb88-20220617-0033-e91.fits.fz  59747.690798924  59747.691149445  7670  5.6289e-15  8.3435e-17
lsc1m004-fa03-20220617-0077-e91.fits.fz  59748.003110927  59748.003168519  7670  5.6424e-15  8.2490e-17
lsc1m004-fa03-20220617-0089-e91.fits.fz  59748.015083994  59748.015141540  7670  5.5728e-15  4.4985e-17
lsc1m005-fa15-20220617-0100-e91.fits.fz  59748.019983357  59748.020040949  7670  6.0478e-15  5.0459e-17
cpt1m010-fa16-20220617-0245-e91.fits.fz  59748.030696042  59748.030754653  7670  6.0771e-15  9.1765e-17
lsc1m009-fa04-20220617-0111-e91.fits.fz  59748.032054561  59748.032146887  7670  5.7271e-15  3.2979e-17
cpt1m010-fa16-20220617-0247-e91.fits.fz  59748.040536413  59748.040595024  7670  5.4917e-15  1.6322e-16
lsc1m005-fa15-20220617-0126-e91.fits.fz  59748.052580383  59748.052637929  7670  5.9188e-15  6.0998e-17
lsc1m005-fa15-20220617-0134-e91.fits.fz  59748.066142709  59748.066200302  7670  5.8220e-15  7.0721e-17
lsc1m005-fa15-20220617-0136-e91.fits.fz  59748.071769896  59748.071827501  7670  5.7661e-15  7.1106e-17
lsc0m409-kb29-20220617-0167-e91.fits.fz  59748.125950475  59748.126127431  7670  5.7693e-15  2.9184e-16
lsc1m005-fa15-20220617-0165-e91.fits.fz  59748.134481598  59748.134539144  7670  5.9086e-15  8.2217e-17
lsc1m005-fa15-20220617-0177-e91.fits.fz  59748.144804896  59748.144862489  7670  5.7846e-15  4.3473e-17
lsc1m005-fa15-20220617-0179-e91.fits.fz  59748.155103577  59748.155161123  7670  5.7862e-15  4.1753e-17
lsc1m005-fa15-20220617-0181-e91.fits.fz  59748.165521875  59748.165580209  7670  5.8038e-15  7.2760e-17
lsc1m005-fa15-20220617-0208-e91.fits.fz  59748.206596424  59748.206654017  7670  5.9696e-15  4.9113e-17
lsc1m005-fa15-20220617-0210-e91.fits.fz  59748.212747871  59748.212805417  7670  5.7661e-15  7.7847e-17
lsc1m005-fa15-20220617-0212-e91.fits.fz  59748.223152095  59748.223209642  7670  5.9848e-15  1.4074e-16
lsc1m005-fa15-20220617-0214-e91.fits.fz  59748.233571146  59748.233628739  7670  5.5278e-15  2.9821e-16
lsc1m005-fa15-20220617-0226-e91.fits.fz  59748.290855475  59748.290913068  7670  6.1396e-15  1.1656e-16
lsc1m005-fa15-20220617-0228-e91.fits.fz  59748.296067790  59748.296125348  7670  5.3848e-15  3.5469e-16
coj1m011-fa12-20220618-0078-e91.fits.fz  59748.403209977  59748.403267616  7670  5.8798e-15  3.9876e-17
coj1m011-fa12-20220618-0085-e91.fits.fz  59748.410121447  59748.410179040  7670  5.7764e-15  3.8405e-17
coj1m011-fa12-20220618-0097-e91.fits.fz  59748.419999804  59748.420057443  7670  5.9118e-15  4.1166e-17
coj1m011-fa12-20220618-0099-e91.fits.fz  59748.421966378  59748.422023970  7670  5.8503e-15  4.2794e-17
coj1m011-fa12-20220618-0111-e91.fits.fz  59748.430947385  59748.431004977  7670  5.7929e-15  4.6003e-17
coj1m011-fa12-20220618-0139-e91.fits.fz  59748.601574780  59748.601667095  7670  6.0529e-15  3.3193e-17
coj1m011-fa12-20220618-0141-e91.fits.fz  59748.607758045  59748.607850406  7670  6.0846e-15  3.3388e-17
coj1m011-fa12-20220618-0162-e91.fits.fz  59748.621577859  59748.621670220  7670  5.9560e-15  3.2338e-17
coj1m011-fa12-20220618-0167-e91.fits.fz  59748.628726540  59748.628818854  7670  6.0113e-15  3.4367e-17
lsc1m005-fa15-20220618-0059-e91.fits.fz  59748.950229433  59748.950321702  7670  6.1211e-15  5.3852e-17
lsc1m005-fa15-20220618-0073-e91.fits.fz  59748.962227489  59748.962319804  7670  6.1933e-15  3.8335e-17
lsc1m005-fa15-20220618-0078-e91.fits.fz  59748.970569294  59748.970661563  7670  6.2731e-15  3.8684e-17
lsc1m009-fa04-20220618-0071-e91.fits.fz  59748.980918762  59748.981011031  7670  5.6287e-15  4.4323e-17
lsc1m005-fa15-20220618-0094-e91.fits.fz  59748.991380325  59748.991472593  7670  6.1222e-15  3.3638e-17
lsc1m005-fa15-20220618-0106-e91.fits.fz  59749.001811922  59749.001904191  7670  6.1675e-15  3.3433e-17
lsc1m009-fa04-20220618-0107-e91.fits.fz  59749.014011598  59749.014103913  7670  5.8908e-15  2.9999e-17
lsc1m009-fa04-20220618-0112-e91.fits.fz  59749.022641158  59749.022733473  7670  6.4191e-15  4.9349e-17
lsc1m009-fa04-20220618-0117-e91.fits.fz  59749.033021089  59749.033113357  7670  5.9682e-15  4.4604e-17
lsc1m005-fa15-20220618-0122-e91.fits.fz  59749.043409665  59749.043501980  7670  5.8989e-15  3.0116e-17
lsc1m005-fa15-20220618-0131-e91.fits.fz  59749.053643068  59749.053735383  7670  5.9066e-15  3.0452e-17
lsc1m005-fa15-20220618-0133-e91.fits.fz  59749.064000869  59749.064093137  7670  5.8536e-15  2.9768e-17
lsc1m005-fa15-20220618-0145-e91.fits.fz  59749.074642003  59749.074734272  7670  5.9759e-15  3.0576e-17
lsc1m005-fa15-20220618-0157-e91.fits.fz  59749.085139757  59749.085232072  7670  5.9130e-15  2.9902e-17
lsc1m009-fa04-20220618-0172-e91.fits.fz  59749.125813021  59749.125905336  7670  5.7627e-15  2.8357e-17
lsc1m005-fa15-20220618-0185-e91.fits.fz  59749.134418496  59749.134510811  7670  5.9021e-15  2.9943e-17
lsc1m005-fa15-20220618-0187-e91.fits.fz  59749.140378507  59749.140470776  7670  5.9215e-15  2.9947e-17
lsc1m005-fa15-20220618-0193-e91.fits.fz  59749.150964225  59749.151056494  7670  5.8173e-15  2.9627e-17
lsc1m005-fa15-20220618-0198-e91.fits.fz  59749.161446285  59749.161538554  7670  5.9206e-15  2.9882e-17
lsc1m005-fa15-20220618-0201-e91.fits.fz  59749.171779908  59749.171872176  7670  5.8915e-15  2.9935e-17
lsc1m005-fa15-20220618-0207-e91.fits.fz  59749.182207848  59749.182300116  7670  5.8452e-15  2.9522e-17
lsc1m005-fa15-20220618-0219-e91.fits.fz  59749.192569526  59749.192661794  7670  5.8886e-15  3.0067e-17
lsc1m005-fa15-20220618-0222-e91.fits.fz  59749.203146540  59749.203238809  7670  5.8995e-15  3.0151e-17
lsc1m005-fa15-20220618-0225-e91.fits.fz  59749.213413496  59749.213505811  7670  5.6971e-15  3.6743e-17
lsc1m005-fa15-20220618-0237-e91.fits.fz  59749.223796574  59749.223888889  7670  5.9392e-15  3.9096e-17
lsc1m005-fa15-20220618-0257-e91.fits.fz  59749.259462963  59749.259555232  7670  6.0209e-15  3.1666e-17
lsc1m005-fa15-20220618-0259-e91.fits.fz  59749.265391494  59749.265483762  7670  5.9904e-15  3.2490e-17
lsc1m005-fa15-20220618-0261-e91.fits.fz  59749.275814237  59749.275906551  7670  6.1169e-15  3.3999e-17
lsc1m005-fa15-20220618-0263-e91.fits.fz  59749.286222686  59749.286314954  7670  6.0868e-15  3.5524e-17
coj1m011-fa12-20220619-0034-e91.fits.fz  59749.392681655  59749.392773924  7670  5.8830e-15  4.1340e-17
coj1m011-fa12-20220619-0041-e91.fits.fz  59749.403249931  59749.403342200  7670  5.8095e-15  4.0733e-17
cpt1m012-fa06-20220619-0130-e91.fits.fz  59749.749247477  59749.749305116  7670  5.9746e-15  7.3692e-17
coj1m011-fa12-20220620-0071-e91.fits.fz  59750.444054700  59750.444147061  7670  5.7794e-15  3.2098e-17
coj1m011-fa12-20220620-0130-e91.fits.fz  59750.525336933  59750.525394572  7670  5.6321e-15  3.9607e-17
coj1m011-fa12-20220621-0104-e91.fits.fz  59751.471074480  59751.471166841  7670  5.9808e-15  3.1984e-16
coj1m011-fa12-20220621-0196-e91.fits.fz  59751.625469954  59751.625527593  7670  6.3768e-15  4.5287e-17
coj1m011-fa12-20220622-0119-e91.fits.fz  59752.421960880  59752.422053241  7670  5.9949e-15  3.1979e-17
coj1m011-fa12-20220624-0080-e91.fits.fz  59754.381769202  59754.381826841  7670  6.0784e-15  3.9143e-17
cpt1m010-fa16-20220624-0041-e91.fits.fz  59754.945603276  59754.945696563  7670  6.2889e-15  4.8289e-17
lsc1m009-fa04-20220624-0068-e91.fits.fz  59754.980319514  59754.980377200  7670  6.6074e-15  1.6226e-16
lsc1m004-fa03-20220624-0090-e91.fits.fz  59755.105035672  59755.105127987  7670  6.0176e-15  7.2135e-17
coj1m011-fa12-20220625-0129-e91.fits.fz  59755.459583878  59755.459641517  7670  5.6802e-15  4.5681e-17
lsc1m009-fa04-20220625-0034-e91.fits.fz  59756.105258114  59756.105350429  7670  5.9380e-15  3.8295e-17
coj1m003-fa19-20220626-0079-e91.fits.fz  59756.459526308  59756.459584977  7670  5.7844e-15  5.5223e-17
lsc1m009-fa04-20220626-0107-e91.fits.fz  59757.088368241  59757.088460510  7670  5.3989e-15  6.6341e-16
coj1m011-fa12-20220627-0141-e91.fits.fz  59757.474428924  59757.474486563  7670  6.2051e-15  5.1950e-17
lsc1m004-fa03-20220627-0034-e91.fits.fz  59758.111962871  59758.112055151  7670  5.9860e-15  3.7287e-17
cpt1m012-fa06-20220628-0196-e91.fits.fz  59758.845132998  59758.845190591  7670  5.4595e-15  6.7802e-17
lsc0m412-kb26-20220628-0061-e91.fits.fz  59758.959869086  59758.959988102  7670  4.3905e-15  4.5036e-16
lsc1m004-fa03-20220628-0320-e91.fits.fz  59759.241719989  59759.241812304  7670  5.5680e-15  3.1071e-17
lsc0m412-kb26-20220629-0068-e91.fits.fz  59759.960101482  59759.960220533  7670  4.4455e-15  5.1415e-16
lsc1m009-fa04-20220629-0251-e91.fits.fz  59760.242485915  59760.242578183  7670  6.0157e-15  4.9844e-17
lsc1m009-fa04-20220629-0253-e91.fits.fz  59760.244608079  59760.244665764  7670  6.1259e-15  6.6411e-17
cpt1m010-fa16-20220630-0238-e91.fits.fz  59760.960014399  59760.960072963  7670  5.8515e-15  5.5819e-17
lsc0m412-kb26-20220630-0075-e91.fits.fz  59760.969826864  59760.969945892  7670  5.1572e-15  4.5945e-16
cpt1m010-fa16-20220701-0170-e91.fits.fz  59761.894546135  59761.894639468  7670  6.2946e-15  7.9320e-17
cpt1m010-fa16-20220701-0212-e91.fits.fz  59761.972557755  59761.972616366  7670  6.6725e-15  8.8994e-17
lsc0m412-kb26-20220701-0080-e91.fits.fz  59762.005393913  59762.005512940  7670  5.7868e-15  4.2968e-16
lsc1m005-fa15-20220701-0114-e91.fits.fz  59762.082602373  59762.082694642  7670  6.0108e-15  4.1188e-17
lsc0m412-kb26-20220702-0078-e91.fits.fz  59763.029648507  59763.029767535  7670  5.6350e-15  3.9563e-16
lsc1m005-fa15-20220702-0354-e91.fits.fz  59763.149257420  59763.149315012  7670  6.2663e-15  4.1935e-17
lsc1m005-fa15-20220702-0361-e91.fits.fz  59763.158317929  59763.158410243  7670  6.1359e-15  3.1645e-17
lsc0m409-kb98-20220704-0074-e91.fits.fz  59764.973381170  59764.973500186  7670  5.6380e-15  3.0804e-16
lsc0m409-kb98-20220705-0078-e91.fits.fz  59765.977563021  59765.977682026  7670  5.4389e-15  5.3024e-16
lsc0m412-kb26-20220706-0065-e91.fits.fz  59766.970068612  59766.970187605  7670  5.1966e-15  3.7173e-16
lsc0m412-kb26-20220708-0069-e91.fits.fz  59768.959495544  59768.959614549  7670  4.8946e-15  4.0303e-16
lsc0m409-kb98-20220708-0147-e91.fits.fz  59769.159847489  59769.159966563  7670  5.2499e-15  3.5329e-16
coj0m405-kb88-20220709-0043-e91.fits.fz  59769.375771436  59769.375890441  7670  5.0785e-15  2.4477e-16
cpt1m012-fa06-20220709-0067-e91.fits.fz  59769.709209595  59769.709243993  7670  5.4358e-15  1.5179e-16
cpt1m012-fa06-20220709-0069-e91.fits.fz  59769.713305070  59769.713339468  7670  5.1950e-15  1.3286e-16
coj0m405-kb88-20220711-0046-e91.fits.fz  59771.395738126  59771.395972825  7670  5.8879e-15  1.5725e-16
lsc0m412-kb26-20220711-0033-e91.fits.fz  59772.039960278  59772.040079294  7670  5.4600e-15  4.7284e-16
coj0m405-kb88-20220712-0051-e91.fits.fz  59772.414773670  59772.415008450  7670  6.0142e-15  1.2173e-16
lsc0m409-kb98-20220712-0102-e91.fits.fz  59773.097453878  59773.097572906  7670  5.0389e-15  3.2613e-16
cpt1m012-fa06-20220721-0181-e91.fits.fz  59781.901819769  59781.901854214  7670  5.1539e-15  2.2382e-16
cpt1m012-fa06-20220722-0115-e91.fits.fz  59782.776395012  59782.776429410  7670  5.9908e-15  3.5638e-16
coj1m003-fa19-20220724-0239-e91.fits.fz  59784.542868045  59784.542926945  7670  5.9144e-15  4.3170e-17
coj1m003-fa19-20220724-0247-e91.fits.fz  59784.549507570  59784.549543033  7670  5.9248e-15  5.9457e-17
coj1m003-fa19-20220724-0249-e91.fits.fz  59784.551650140  59784.551708751  7670  5.9940e-15  4.4183e-17
coj1m003-fa19-20220725-0058-e91.fits.fz  59785.358774295  59785.358832952  7670  5.4894e-15  4.0918e-17
coj1m011-fa12-20220725-0145-e91.fits.fz  59785.517213924  59785.517248415  7670  5.4164e-15  5.5874e-17
coj1m011-fa12-20220725-0165-e91.fits.fz  59785.543855163  59785.543912802  7670  6.2488e-15  5.6118e-17
cpt1m010-fa16-20220725-0233-e91.fits.fz  59785.890981181  59785.891039746  7670  5.5631e-15  5.3878e-17
cpt1m012-fa06-20220725-0190-e91.fits.fz  59785.923680093  59785.923714584  7670  5.4109e-15  9.4830e-17
lsc1m009-fa04-20220725-0003-e91.fits.fz  59785.980171876  59785.980229561  7670  5.5294e-15  3.7361e-17
lsc1m009-fa04-20220726-0120-e91.fits.fz  59787.099176563  59787.099234387  7670  5.8706e-15  3.9152e-17
lsc1m009-fa04-20220726-0129-e91.fits.fz  59787.106763519  59787.106821250  7670  5.8921e-15  5.7442e-17
lsc1m009-fa04-20220726-0138-e91.fits.fz  59787.117513530  59787.117571308  7670  6.5349e-15  5.1392e-17
lsc1m009-fa04-20220726-0146-e91.fits.fz  59787.125998646  59787.126056424  7670  6.7627e-15  5.3901e-17
lsc1m005-fa15-20220726-0126-e91.fits.fz  59787.136608218  59787.136665765  7670  5.9267e-15  4.0950e-17
lsc1m009-fa04-20220726-0152-e91.fits.fz  59787.147140429  59787.147198207  7670  6.3732e-15  5.0883e-17
lsc1m009-fa04-20220726-0166-e91.fits.fz  59787.157247142  59787.157304966  7670  6.1753e-15  4.8030e-17
lsc1m009-fa04-20220726-0178-e91.fits.fz  59787.167721598  59787.167779283  7670  5.8536e-15  3.8992e-17
lsc1m009-fa04-20220726-0182-e91.fits.fz  59787.181612593  59787.181670278  7670  6.1096e-15  4.4785e-17
lsc1m009-fa04-20220726-0185-e91.fits.fz  59787.186136748  59787.186171193  7670  6.3623e-15  6.8824e-17
lsc1m009-fa04-20220726-0187-e91.fits.fz  59787.188468322  59787.188526100  7670  6.3135e-15  4.6708e-17
cpt1m012-fa06-20220727-0079-e91.fits.fz  59787.872129260  59787.872186852  7670  5.5354e-15  7.8464e-17
lsc1m005-fa15-20220727-0088-e91.fits.fz  59788.021882709  59788.021940255  7670  5.7509e-15  4.3823e-17
lsc1m009-fa04-20220727-0062-e91.fits.fz  59788.028961702  59788.029019433  7670  5.5873e-15  4.0942e-17
lsc1m005-fa15-20220727-0092-e91.fits.fz  59788.039287014  59788.039344607  7670  5.7460e-15  4.1874e-17
lsc1m005-fa15-20220727-0094-e91.fits.fz  59788.049740926  59788.049798519  7670  5.8153e-15  4.4984e-17
lsc1m005-fa15-20220727-0104-e91.fits.fz  59788.059772049  59788.059829642  7670  5.7410e-15  4.2339e-17
lsc1m009-fa04-20220727-0082-e91.fits.fz  59788.074121771  59788.074179549  7670  5.6254e-15  3.9445e-17
lsc1m005-fa15-20220727-0106-e91.fits.fz  59788.083995325  59788.084052871  7670  5.7786e-15  4.2688e-17
lsc1m005-fa15-20220727-0116-e91.fits.fz  59788.093744503  59788.093802095  7670  5.7551e-15  4.1074e-17
lsc1m005-fa15-20220727-0118-e91.fits.fz  59788.095821146  59788.095855591  7670  5.6887e-15  6.8341e-17
lsc1m005-fa15-20220727-0123-e91.fits.fz  59788.101617593  59788.101675140  7670  5.7077e-15  4.2081e-17
lsc1m005-fa15-20220727-0134-e91.fits.fz  59788.112122616  59788.112180163  7670  5.7878e-15  4.3003e-17
lsc1m005-fa15-20220727-0139-e91.fits.fz  59788.122758646  59788.122816193  7670  5.7709e-15  4.9729e-17
lsc1m005-fa15-20220727-0147-e91.fits.fz  59788.132261575  59788.132319167  7670  5.7609e-15  4.1673e-17
lsc1m005-fa15-20220727-0152-e91.fits.fz  59788.142883774  59788.142941366  7670  5.9551e-15  5.1261e-17
lsc1m005-fa15-20220727-0156-e91.fits.fz  59788.153828287  59788.153885834  7670  5.7595e-15  6.9931e-17
lsc1m005-fa15-20220727-0160-e91.fits.fz  59788.167730880  59788.167788473  7670  5.8026e-15  4.8413e-17
lsc1m009-fa04-20220727-0094-e91.fits.fz  59788.173990301  59788.174048079  7670  5.8198e-15  4.9834e-17
lsc1m009-fa04-20220727-0099-e91.fits.fz  59788.185139248  59788.185197165  7670  5.8423e-15  5.8677e-17
coj1m011-fa12-20220728-0144-e91.fits.fz  59788.543901748  59788.543959341  7670  5.4703e-15  4.8704e-17
cpt1m010-fa16-20220728-0159-e91.fits.fz  59788.886231968  59788.886290533  7670  5.4453e-15  5.5224e-17
coj1m011-fa12-20220729-0206-e91.fits.fz  59789.529770475  59789.529828114  7670  4.6148e-15  4.8379e-17
lsc1m009-fa04-20220729-0105-e91.fits.fz  59790.044083241  59790.044118102  7670  4.9232e-15  7.7179e-17
lsc1m009-fa04-20220729-0135-e91.fits.fz  59790.091193785  59790.091251424  7670  5.1060e-15  5.7576e-17
coj1m003-fa19-20220730-0119-e91.fits.fz  59790.449249121  59790.449307778  7670  5.0440e-15  3.6025e-17
cpt1m010-fa16-20220730-0114-e91.fits.fz  59790.805148426  59790.805206991  7670  4.9220e-15  5.4118e-17
cpt1m012-fa06-20220730-0176-e91.fits.fz  59790.817031146  59790.817088739  7670  4.9131e-15  5.9902e-17
lsc1m005-fa15-20220730-0317-e91.fits.fz  59791.147960510  59791.147994908  7670  4.8192e-15  5.4956e-17
lsc1m005-fa15-20220731-0059-e91.fits.fz  59791.962215151  59791.962272697  7670  5.0175e-15  6.7889e-17
lsc1m009-fa04-20220731-0082-e91.fits.fz  59792.040169040  59792.040203484  7670  4.6456e-15  5.4716e-17
lsc1m009-fa04-20220731-0089-e91.fits.fz  59792.048985741  59792.049043623  7670  4.4360e-15  9.4308e-17
lsc1m009-fa04-20220731-0091-e91.fits.fz  59792.051064353  59792.051122084  7670  4.3354e-15  9.4974e-17
lsc1m005-fa15-20220802-0066-e91.fits.fz  59793.987148264  59793.987205857  7670  5.6676e-15  4.7679e-17
lsc1m005-fa15-20220802-0147-e91.fits.fz  59794.174498693  59794.174533091  7670  5.8010e-15  6.0443e-17
lsc1m009-fa04-20220803-0070-e91.fits.fz  59794.996037512  59794.996095151  7670  5.7075e-15  4.4959e-17
lsc1m005-fa15-20220803-0135-e91.fits.fz  59795.136296401  59795.136330799  7670  5.3527e-15  5.6376e-17
lsc1m009-fa04-20220804-0059-e91.fits.fz  59795.963672327  59795.963730105  7670  5.3849e-15  5.1011e-17
lsc1m005-fa15-20220805-0059-e91.fits.fz  59796.964080996  59796.964139329  7670  5.7623e-15  6.4014e-17
lsc0m409-kb98-20220805-0097-e91.fits.fz  59797.084307535  59797.084484399  7670  4.5519e-15  2.2588e-16
cpt1m010-fa16-20220806-0111-e91.fits.fz  59797.823951169  59797.824009780  7670  5.8433e-15  8.3488e-17
cpt1m010-fa16-20220806-0114-e91.fits.fz  59797.833989908  59797.834025325  7670  5.8024e-15  1.0183e-16
coj0m403-kb23-20220807-0049-e91.fits.fz  59798.355220348  59798.355396760  7670  5.3587e-15  1.4534e-16
coj1m003-fa19-20220807-0077-e91.fits.fz  59798.463133311  59798.463191980  7670  5.2901e-15  4.3858e-17
lsc1m009-fa04-20220807-0067-e91.fits.fz  59799.099399792  59799.099457524  7670  5.2610e-15  7.2350e-17
lsc1m005-fa15-20220808-0073-e91.fits.fz  59800.001158114  59800.001215660  7670  5.6185e-15  4.8266e-17
lsc0m409-kb98-20220808-0117-e91.fits.fz  59800.127637049  59800.127813878  7670  4.9635e-15  2.4099e-16
lsc0m409-kb98-20220808-0119-e91.fits.fz  59800.131563311  59800.131740313  7670  5.0315e-15  2.3483e-16
lsc0m409-kb98-20220808-0121-e91.fits.fz  59800.136149700  59800.136326644  7670  4.7941e-15  2.2350e-16
lsc1m005-fa15-20220809-0088-e91.fits.fz  59801.001050683  59801.001108230  7670  4.5588e-15  4.2077e-17
lsc0m409-kb98-20220809-0123-e91.fits.fz  59801.084231551  59801.084408438  7670  3.7005e-15  2.3229e-16
lsc0m409-kb98-20220810-0125-e91.fits.fz  59802.084264954  59802.084441899  7670  3.5053e-15  2.7946e-16
lsc0m409-kb98-20220811-0106-e91.fits.fz  59803.084297686  59803.084474538  7670  4.1904e-15  4.4409e-16
lsc0m409-kb98-20220812-0125-e91.fits.fz  59804.084376274  59804.084553183  7670  4.0410e-15  2.4226e-16
lsc0m412-kb26-20220813-0100-e91.fits.fz  59805.084196262  59805.084373160  7670  4.6960e-15  3.2902e-16
lsc0m409-kb98-20220815-0065-e91.fits.fz  59806.967340718  59806.967517616  7670  5.4105e-15  2.3039e-16
lsc0m409-kb98-20220816-0214-e91.fits.fz  59808.097733785  59808.097852836  7670  4.3702e-15  3.4400e-16
lsc0m409-kb98-20220817-0068-e91.fits.fz  59808.970962223  59808.971081262  7670  4.0096e-15  3.5293e-16
lsc0m409-kb98-20220818-0069-e91.fits.fz  59809.976481783  59809.976600834  7670  3.0521e-15  3.4194e-16
lsc0m409-kb98-20220819-0061-e91.fits.fz  59810.972942662  59810.973061667  7670  3.9157e-15  3.9122e-16
lsc0m409-kb98-20220820-0065-e91.fits.fz  59811.968891713  59811.969010753  7670  3.7068e-15  3.0363e-16
lsc0m409-kb98-20220821-0058-e91.fits.fz  59812.969243797  59812.969362871  7670  3.8602e-15  3.6966e-16
lsc0m409-kb98-20220822-0065-e91.fits.fz  59813.969578912  59813.969697998  7670  5.0365e-15  3.2310e-16
lsc0m409-kb98-20220823-0060-e91.fits.fz  59814.972932315  59814.973051251  7670  3.9943e-15  3.1064e-16
coj0m405-kb83-20220826-0065-e91.fits.fz  59817.359708855  59817.359827836  7670  4.5325e-15  2.0068e-16
coj0m403-kb23-20220828-0058-e91.fits.fz  59819.361169294  59819.361519202  7670  3.8694e-15  6.3212e-17
lsc0m409-kb98-20220828-0060-e91.fits.fz  59819.974062929  59819.974239897  7670  3.8299e-15  2.1053e-16
lsc0m409-kb98-20220829-0066-e91.fits.fz  59820.976470880  59820.976821505  7670  3.5944e-15  1.0979e-16
lsc0m409-kb98-20220829-0070-e91.fits.fz  59820.980998635  59820.981175533  7670  3.4587e-15  2.0375e-16
lsc0m409-kb98-20220830-0068-e91.fits.fz  59821.977791957  59821.977968832  7670  3.1993e-15  1.9980e-16
lsc0m409-kb98-20220830-0073-e91.fits.fz  59821.984342535  59821.984693079  7670  2.5620e-15  1.0364e-16
coj0m403-kb23-20220831-0058-e91.fits.fz  59822.362267246  59822.362617177  7670  3.1675e-15  6.7217e-17
lsc0m409-kb98-20220831-0065-e91.fits.fz  59822.972906737  59822.973083716  7670  3.2056e-15  2.4802e-16
lsc0m409-kb98-20220901-0065-e91.fits.fz  59823.973258160  59823.973435139  7670  3.3657e-15  2.1256e-16
lsc0m409-kb98-20220902-0070-e91.fits.fz  59824.975773230  59824.975950197  7670  3.4232e-15  2.3390e-16
lsc0m409-kb98-20220902-0072-e91.fits.fz  59824.978465660  59824.978816181  7670  3.6422e-15  1.2880e-16
lsc0m409-kb98-20220903-0065-e91.fits.fz  59825.973967593  59825.974144480  7670  3.7921e-15  2.5595e-16
lsc0m409-kb98-20220903-0067-e91.fits.fz  59825.976735128  59825.977085695  7670  3.2430e-15  1.2945e-16
coj0m403-kb23-20220904-0043-e91.fits.fz  59826.363888415  59826.364238380  7670  3.7290e-15  9.3317e-17
lsc0m409-kb98-20220904-0058-e91.fits.fz  59826.974325822  59826.974502813  7670  3.4161e-15  2.3080e-16
coj0m405-kb83-20220905-0043-e91.fits.fz  59827.376520070  59827.376870510  7670  3.6464e-15  1.5848e-16
lsc0m409-kb98-20220905-0065-e91.fits.fz  59827.974659977  59827.974836852  7670  3.1783e-15  2.4335e-16
lsc0m409-kb98-20220906-0067-e91.fits.fz  59828.976710602  59828.976887570  7670  3.7481e-15  2.3711e-16
coj0m403-kb23-20220912-0060-e91.fits.fz  59834.368787049  59834.369136968  7670  3.6337e-15  7.0602e-17
coj0m403-kb23-20220913-0067-e91.fits.fz  59835.368490475  59835.368840371  7670  3.4337e-15  6.5080e-17
lsc0m409-kb98-20220914-0066-e91.fits.fz  59836.983481251  59836.983831806  7670  4.3046e-15  1.1105e-16
lsc0m409-kb98-20220915-0068-e91.fits.fz  59837.981512107  59837.981862663  7670  4.1549e-15  1.7468e-16
coj0m403-kb23-20220916-0058-e91.fits.fz  59838.367783125  59838.368133021  7670  3.3988e-15  1.0102e-16
lsc0m409-kb98-20220917-0071-e91.fits.fz  59839.986381378  59839.986731887  7670  3.7164e-15  1.2014e-16
coj0m403-kb23-20220918-0065-e91.fits.fz  59840.368619781  59840.368969734  7670  3.5465e-15  8.5045e-17
coj0m403-kb23-20220919-0047-e91.fits.fz  59841.370942662  59841.371292720  7670  3.6650e-15  7.3235e-17
lsc0m409-kb98-20220919-0077-e91.fits.fz  59841.985725116  59841.985844110  7670  3.5016e-15  3.5392e-16
lsc0m409-kb98-20220919-0103-e91.fits.fz  59842.014947257  59842.015182061  7670  3.3319e-15  1.6689e-16
lsc0m409-kb98-20220921-0065-e91.fits.fz  59843.980479885  59843.980830383  7670  3.3416e-15  1.7613e-16
lsc0m409-kb98-20220921-0067-e91.fits.fz  59843.982708484  59843.982827454  7670  2.9335e-15  3.7966e-16
lsc0m409-kb98-20220921-0069-e91.fits.fz  59843.985493276  59843.985728044  7670  3.1297e-15  1.7531e-16
lsc0m409-kb98-20220923-0067-e91.fits.fz  59845.983291795  59845.983410892  7670  3.5859e-15  3.0220e-16
lsc0m409-kb98-20220923-0069-e91.fits.fz  59845.985814213  59845.986048982  7670  3.4533e-15  1.6283e-16
lsc0m409-kb98-20220924-0057-e91.fits.fz  59847.009088079  59847.009207073  7670  3.3638e-15  3.6208e-16
coj0m403-kb23-20220925-0065-e91.fits.fz  59847.372154005  59847.372388207  7670  3.3143e-15  9.8107e-17
lsc0m409-kb98-20220925-0067-e91.fits.fz  59847.987429434  59847.987664225  7670  3.6213e-15  1.6686e-16
lsc0m409-kb98-20220925-0078-e91.fits.fz  59847.994241679  59847.994360776  7670  4.0472e-15  3.2514e-16
coj0m403-kb23-20220927-0065-e91.fits.fz  59849.373029561  59849.373263693  7670  3.5826e-15  1.3091e-16
coj0m403-kb23-20220927-0069-e91.fits.fz  59849.377177558  59849.377296077  7670  3.2047e-15  1.8329e-16
lsc0m409-kb98-20220927-0066-e91.fits.fz  59849.982958079  59849.983077153  7670  3.8415e-15  4.1105e-16
lsc0m409-kb98-20220928-0074-e91.fits.fz  59851.000737559  59851.000856644  7670  3.9297e-15  3.1320e-16
