;File (Wave in A; Flux in erg/s/cm2/A)   MJD_start        MJD_end          Wave  Flux        Unc       
cpt0m407-kb84-20210207-0103-e91.fits.fz  59252.865463264  59252.865698010  5450  1.7217e-15  2.9492e-16
cpt0m407-kb84-20210208-0099-e91.fits.fz  59253.873788670  59253.874023473  5450  1.5051e-15  2.6584e-16
cpt0m407-kb84-20210209-0092-e91.fits.fz  59254.858236702  59254.858471517  5450  1.5966e-15  2.5545e-16
coj0m405-kb88-20210307-0085-e91.fits.fz  59280.447856343  59280.448206864  5450  1.4775e-15  1.5438e-16
coj0m405-kb88-20210309-0283-e91.fits.fz  59282.566159167  59282.566509711  5450  1.1729e-15  1.2235e-16
lsc0m409-kb29-20210310-0116-e91.fits.fz  59284.064488728  59284.064839318  5450  9.0058e-16  1.5218e-16
coj0m403-kb24-20210312-0066-e91.fits.fz  59285.465225846  59285.465575741  5450  1.2524e-15  1.1594e-16
lsc0m409-kb29-20210314-0118-e91.fits.fz  59288.054084433  59288.054434908  5450  1.6191e-15  1.9076e-16
coj0m403-kb24-20210315-0115-e91.fits.fz  59288.429951413  59288.430301308  5450  1.6572e-15  1.5367e-16
coj0m403-kb24-20210418-0065-e91.fits.fz  59322.359274121  59322.359508311  5450  1.1724e-15  1.4514e-16
coj0m403-kb24-20210419-0065-e91.fits.fz  59323.357609191  59323.357843461  5450  1.0797e-15  1.3109e-16
coj0m403-kb24-20210421-0065-e91.fits.fz  59325.355779028  59325.356013195  5450  1.3077e-15  1.3145e-16
coj0m403-kb24-20210423-0052-e91.fits.fz  59327.361298658  59327.361532871  5450  1.1037e-15  1.3666e-16
coj0m403-kb24-20210427-0065-e91.fits.fz  59331.354351401  59331.354585591  5450  1.1244e-15  1.4763e-16
coj0m403-kb24-20210429-0152-e91.fits.fz  59333.604386031  59333.604620267  5450  1.0254e-15  1.7158e-16
coj0m403-kb24-20210429-0154-e91.fits.fz  59333.610531436  59333.610765602  5450  1.0004e-15  1.6031e-16
coj0m403-kb24-20210429-0156-e91.fits.fz  59333.620943600  59333.621177813  5450  1.3063e-15  1.5134e-16
coj0m403-kb24-20210429-0161-e91.fits.fz  59333.631453646  59333.631687813  5450  1.1500e-15  1.7516e-16
coj0m403-kb24-20210502-0095-e91.fits.fz  59336.355841910  59336.356076147  5450  8.9361e-16  1.6550e-16
cpt0m407-kb84-20210506-0082-e91.fits.fz  59340.756517454  59340.756752199  5450  2.0359e-15  3.4190e-16
cpt0m407-kb84-20210508-0068-e91.fits.fz  59342.705014051  59342.705248820  5450  1.7628e-15  3.1673e-16
coj0m405-kb88-20210509-0058-e91.fits.fz  59343.507432836  59343.507667605  5450  1.5453e-15  2.7121e-16
cpt0m407-kb84-20210511-0072-e91.fits.fz  59345.715016760  59345.715251482  5450  1.6926e-15  2.6470e-16
coj0m403-kb24-20210520-0077-e91.fits.fz  59354.361303183  59354.361537350  5450  2.0136e-15  3.9288e-16
coj0m403-kb24-20210522-0087-e91.fits.fz  59356.371705383  59356.371939549  5450  1.0959e-15  1.4513e-16
cpt0m407-kb84-20210523-0087-e91.fits.fz  59357.724496610  59357.724731355  5450  2.1373e-15  2.8151e-16
coj0m403-kb24-20210525-0068-e91.fits.fz  59359.344438415  59359.344788357  5450  1.2200e-15  1.1603e-16
coj0m403-kb24-20210526-0064-e91.fits.fz  59360.338130128  59360.338480012  5450  1.4696e-15  1.1862e-16
coj0m403-kb24-20210527-0193-e91.fits.fz  59361.510118125  59361.510468114  5450  2.0820e-15  2.5213e-16
coj0m403-kb24-20210528-0064-e91.fits.fz  59362.337732281  59362.338082292  5450  1.3269e-15  1.0924e-16
coj0m403-kb24-20210529-0064-e91.fits.fz  59363.337569017  59363.337803184  5450  1.2329e-15  1.7550e-16
coj0m405-kb88-20210529-0048-e91.fits.fz  59363.345363322  59363.345713797  5450  1.1711e-15  1.1790e-16
coj0m403-kb24-20210529-0072-e91.fits.fz  59363.347171898  59363.347406135  5450  1.2288e-15  1.6914e-16
coj0m403-kb24-20210529-0084-e91.fits.fz  59363.362153762  59363.362387929  5450  1.3005e-15  1.5775e-16
coj0m405-kb88-20210529-0062-e91.fits.fz  59363.368113646  59363.368348380  5450  1.2935e-15  1.5659e-16
coj0m405-kb88-20210529-0064-e91.fits.fz  59363.377195521  59363.377430290  5450  1.2818e-15  1.3929e-16
coj0m403-kb24-20210529-0097-e91.fits.fz  59363.392289746  59363.392523947  5450  1.4669e-15  1.3202e-16
coj0m405-kb88-20210529-0079-e91.fits.fz  59363.398141031  59363.398375845  5450  1.3966e-15  1.3455e-16
coj0m403-kb24-20210529-0110-e91.fits.fz  59363.418949272  59363.419183438  5450  1.1017e-15  1.5036e-16
coj0m405-kb88-20210529-0102-e91.fits.fz  59363.444690915  59363.444925649  5450  1.2849e-15  1.3740e-16
coj0m405-kb88-20210529-0109-e91.fits.fz  59363.455039538  59363.455274294  5450  1.3273e-15  1.3288e-16
coj0m405-kb88-20210529-0111-e91.fits.fz  59363.460527720  59363.460762431  5450  1.2445e-15  1.3734e-16
coj0m405-kb88-20210531-0064-e91.fits.fz  59365.337281019  59365.337631563  5450  1.0864e-15  9.6443e-17
coj0m405-kb88-20210531-0084-e91.fits.fz  59365.364742558  59365.364977373  5450  9.2248e-16  1.4791e-16
lsc0m409-kb29-20210601-0044-e91.fits.fz  59366.949072466  59366.949422952  5450  1.3124e-15  1.8591e-16
lsc0m409-kb29-20210603-0070-e91.fits.fz  59368.958547304  59368.958897813  5450  1.1822e-15  1.7652e-16
lsc0m409-kb29-20210604-0072-e91.fits.fz  59369.958223750  59369.958574317  5450  1.5124e-15  2.0131e-16
lsc0m409-kb29-20210604-0140-e91.fits.fz  59370.062412813  59370.062763264  5450  1.7209e-15  2.5762e-16
lsc0m409-kb29-20210604-0146-e91.fits.fz  59370.069681100  59370.070031679  5450  1.4254e-15  2.4473e-16
coj0m405-kb88-20210605-0066-e91.fits.fz  59370.340410255  59370.340760869  5450  9.6707e-16  1.1463e-16
coj0m405-kb88-20210605-0077-e91.fits.fz  59370.351730440  59370.352080938  5450  1.2095e-15  1.1539e-16
coj0m405-kb88-20210605-0079-e91.fits.fz  59370.354300626  59370.354535417  5450  1.4303e-15  1.6022e-16
coj0m405-kb88-20210605-0081-e91.fits.fz  59370.358475533  59370.358825984  5450  1.1753e-15  1.0504e-16
coj0m405-kb88-20210605-0087-e91.fits.fz  59370.368978253  59370.369328797  5450  1.2439e-15  1.2276e-16
coj0m405-kb88-20210605-0095-e91.fits.fz  59370.389704688  59370.390055174  5450  1.9146e-15  2.1082e-16
coj0m405-kb88-20210606-0064-e91.fits.fz  59371.336768970  59371.337003866  5450  1.2229e-15  1.6941e-16
coj0m405-kb88-20210606-0075-e91.fits.fz  59371.347429561  59371.347780174  5450  1.1344e-15  1.2780e-16
lsc0m409-kb29-20210606-0079-e91.fits.fz  59371.961201505  59371.961551991  5450  8.8556e-16  1.7228e-16
coj0m405-kb88-20210607-0076-e91.fits.fz  59372.347196957  59372.347547431  5450  1.3173e-15  9.4908e-17
lsc0m409-kb29-20210607-0059-e91.fits.fz  59372.950620116  59372.950970649  5450  1.5361e-15  1.7490e-16
coj0m405-kb88-20210613-0044-e91.fits.fz  59378.409695151  59378.409929861  5450  1.2815e-15  1.5844e-16
coj0m405-kb88-20210613-0054-e91.fits.fz  59378.425152767  59378.425503299  5450  1.3070e-15  1.0012e-16
lsc0m409-kb29-20210614-0057-e91.fits.fz  59379.949028438  59379.949378994  5450  1.2835e-15  2.0153e-16
coj0m403-kb24-20210725-0066-e91.fits.fz  59420.350942478  59420.351292350  5450  1.1941e-15  1.1691e-16
coj0m405-kb88-20210726-0037-e91.fits.fz  59421.387565927  59421.387916447  5450  1.7325e-15  1.3414e-16
coj0m403-kb24-20210727-0032-e91.fits.fz  59422.349915128  59422.350265105  5450  1.4467e-15  1.2507e-16
lsc0m409-kb29-20210728-0057-e91.fits.fz  59423.960445128  59423.960795556  5450  1.0865e-15  1.9743e-16
coj0m403-kb24-20210729-0059-e91.fits.fz  59424.350852836  59424.351202755  5450  1.1544e-15  1.1755e-16
coj0m403-kb24-20210730-0066-e91.fits.fz  59425.351803299  59425.352037581  5450  1.0735e-15  1.4253e-16
coj0m403-kb24-20210730-0068-e91.fits.fz  59425.354317431  59425.354667327  5450  9.8008e-16  8.5505e-17
coj0m405-kb88-20210731-0079-e91.fits.fz  59426.363237906  59426.363588369  5450  8.9736e-16  1.7617e-16
cpt0m407-kb87-20211110-0102-e91.fits.fz  59529.090546655  59529.090897118  5450  1.1814e-15  1.0509e-16
lsc0m409-kb29-20211111-0230-e91.fits.fz  59530.333041679  59530.333392188  5450  1.5437e-15  1.9986e-16
lsc0m409-kb29-20211112-0177-e91.fits.fz  59531.330253646  59531.330604144  5450  1.1875e-15  2.1912e-16
lsc0m409-kb29-20211113-0168-e91.fits.fz  59532.327565429  59532.327916019  5450  1.1180e-15  2.0569e-16
lsc0m409-kb29-20211114-0180-e91.fits.fz  59533.324771216  59533.325121748  5450  1.1470e-15  1.9178e-16
cpt0m407-kb87-20211116-0126-e91.fits.fz  59535.071657361  59535.072007905  5450  1.2777e-15  1.0311e-16
cpt0m407-kb87-20211118-0179-e91.fits.fz  59537.066768924  59537.067119399  5450  1.1788e-15  1.2635e-16
coj0m405-kb88-20220420-0227-e91.fits.fz  59689.523780359  59689.524130822  5450  1.7113e-15  2.1309e-16
coj0m403-kb24-20220421-0176-e91.fits.fz  59690.502818079  59690.503168044  5450  1.3983e-15  1.3448e-16
cpt0m407-kb87-20220427-0076-e91.fits.fz  59696.893314329  59696.893664827  5450  1.1134e-15  1.3688e-16
cpt0m407-kb87-20220428-0039-e91.fits.fz  59697.705403577  59697.705754086  5450  1.2184e-15  1.3628e-16
coj0m403-kb24-20220429-0091-e91.fits.fz  59698.535939769  59698.536289723  5450  1.2048e-15  2.3367e-16
cpt0m407-kb87-20220430-0082-e91.fits.fz  59699.722411494  59699.722646239  5450  1.4218e-15  2.0181e-16
lsc0m409-kb29-20220430-0123-e91.fits.fz  59700.064828577  59700.065179098  5450  1.0200e-15  1.4590e-16
cpt0m407-kb87-20220501-0061-e91.fits.fz  59700.707509561  59700.707860105  5450  2.3366e-15  4.1021e-16
cpt0m407-kb87-20220502-0064-e91.fits.fz  59701.702951355  59701.703301876  5450  1.1645e-15  1.3445e-16
cpt0m407-kb87-20220503-0059-e91.fits.fz  59702.702377223  59702.702611945  5450  1.3336e-15  2.1785e-16
cpt0m407-kb87-20220503-0065-e91.fits.fz  59702.708369190  59702.708719700  5450  1.4778e-15  1.3441e-16
cpt0m407-kb87-20220504-0115-e91.fits.fz  59703.757151945  59703.757502443  5450  9.9213e-16  1.3021e-16
cpt0m407-kb87-20220504-0121-e91.fits.fz  59703.763382605  59703.763733114  5450  1.0959e-15  1.2898e-16
cpt0m407-kb87-20220504-0132-e91.fits.fz  59703.773816795  59703.774167269  5450  9.6310e-16  1.3789e-16
cpt0m407-kb87-20220504-0138-e91.fits.fz  59703.784694526  59703.785045047  5450  9.9765e-16  1.3607e-16
cpt0m407-kb87-20220504-0154-e91.fits.fz  59703.796232385  59703.796582894  5450  8.8495e-16  1.4437e-16
cpt0m407-kb87-20220504-0162-e91.fits.fz  59703.805814445  59703.806164954  5450  9.7924e-16  1.3740e-16
cpt0m407-kb87-20220504-0173-e91.fits.fz  59703.816123369  59703.816473866  5450  1.0759e-15  1.4359e-16
cpt0m407-kb87-20220504-0179-e91.fits.fz  59703.824076621  59703.824311366  5450  1.2012e-15  2.2240e-16
cpt0m407-kb87-20220504-0183-e91.fits.fz  59703.829339017  59703.829689526  5450  8.9948e-16  1.3781e-16
cpt0m407-kb87-20220504-0187-e91.fits.fz  59703.836323808  59703.836674329  5450  9.2102e-16  1.5142e-16
cpt0m407-kb87-20220504-0195-e91.fits.fz  59703.847391181  59703.847741690  5450  1.0556e-15  1.3342e-16
cpt0m407-kb87-20220504-0206-e91.fits.fz  59703.857850325  59703.858200834  5450  8.9954e-16  1.5131e-16
cpt0m407-kb87-20220504-0213-e91.fits.fz  59703.869185984  59703.869536482  5450  9.8221e-16  1.4201e-16
cpt0m407-kb87-20220504-0230-e91.fits.fz  59703.879678461  59703.880028994  5450  1.2101e-15  1.4208e-16
cpt0m407-kb87-20220504-0244-e91.fits.fz  59703.892382628  59703.892733126  5450  1.0948e-15  1.4398e-16
cpt0m407-kb87-20220504-0250-e91.fits.fz  59703.898841552  59703.899192072  5450  8.6855e-16  1.4207e-16
cpt0m407-kb87-20220504-0261-e91.fits.fz  59703.910640290  59703.910990753  5450  1.0262e-15  1.3785e-16
cpt0m407-kb87-20220504-0266-e91.fits.fz  59703.916860950  59703.917211505  5450  7.9349e-16  1.3464e-16
cpt0m407-kb87-20220504-0280-e91.fits.fz  59703.929512466  59703.929862964  5450  9.0115e-16  1.3581e-16
cpt0m407-kb87-20220504-0284-e91.fits.fz  59703.937726806  59703.938077315  5450  1.1249e-15  1.3981e-16
cpt0m407-kb87-20220504-0293-e91.fits.fz  59703.950818843  59703.951169318  5450  1.2746e-15  1.4750e-16
lsc0m409-kb29-20220504-0057-e91.fits.fz  59703.959952894  59703.960303357  5450  8.2159e-16  1.4754e-16
lsc0m412-kb26-20220504-0070-e91.fits.fz  59703.970611991  59703.970962501  5450  1.3103e-15  2.2693e-16
lsc0m412-kb26-20220504-0074-e91.fits.fz  59703.975295209  59703.975645730  5450  1.1533e-15  2.2988e-16
lsc0m409-kb29-20220504-0075-e91.fits.fz  59703.979089410  59703.979439931  5450  1.3412e-15  1.4365e-16
lsc0m409-kb29-20220504-0080-e91.fits.fz  59703.986967304  59703.987317778  5450  1.1400e-15  1.3291e-16
lsc0m409-kb29-20220504-0086-e91.fits.fz  59703.997491482  59703.997842049  5450  1.0464e-15  1.3537e-16
lsc0m409-kb29-20220504-0102-e91.fits.fz  59704.018273346  59704.018623890  5450  1.2128e-15  1.2931e-16
lsc0m409-kb29-20220504-0119-e91.fits.fz  59704.040841829  59704.041192338  5450  1.2631e-15  1.2990e-16
lsc0m409-kb29-20220504-0123-e91.fits.fz  59704.049516169  59704.049866725  5450  9.1264e-16  1.2702e-16
lsc0m409-kb29-20220504-0136-e91.fits.fz  59704.070257883  59704.070608380  5450  1.0932e-15  1.3589e-16
lsc0m409-kb29-20220504-0138-e91.fits.fz  59704.080688566  59704.081039110  5450  1.1071e-15  1.2146e-16
lsc0m409-kb29-20220504-0151-e91.fits.fz  59704.094378079  59704.094728577  5450  1.2722e-15  1.4016e-16
lsc0m409-kb29-20220504-0155-e91.fits.fz  59704.117479179  59704.117714051  5450  1.2469e-15  1.9645e-16
cpt0m407-kb87-20220505-0177-e91.fits.fz  59704.843913380  59704.844263889  5450  1.5001e-15  1.4676e-16
cpt0m407-kb87-20220505-0179-e91.fits.fz  59704.850844445  59704.851079191  5450  1.2724e-15  2.1028e-16
cpt0m407-kb87-20220505-0193-e91.fits.fz  59704.882139873  59704.882374619  5450  1.1543e-15  2.0451e-16
cpt0m407-kb87-20220505-0204-e91.fits.fz  59704.892630591  59704.892865348  5450  1.4553e-15  2.0725e-16
cpt0m407-kb87-20220505-0219-e91.fits.fz  59704.923802882  59704.924037651  5450  1.3674e-15  2.2805e-16
cpt0m407-kb87-20220505-0225-e91.fits.fz  59704.934281007  59704.934515764  5450  1.2518e-15  2.1813e-16
cpt0m407-kb87-20220505-0241-e91.fits.fz  59704.944721424  59704.944956193  5450  1.6354e-15  2.1343e-16
cpt0m407-kb87-20220505-0243-e91.fits.fz  59704.954973346  59704.955208114  5450  1.5315e-15  2.2192e-16
lsc0m409-kb29-20220505-0101-e91.fits.fz  59705.017607385  59705.017842246  5450  1.4926e-15  1.8402e-16
lsc0m409-kb29-20220505-0141-e91.fits.fz  59705.069670568  59705.069905313  5450  1.5488e-15  2.3085e-16
lsc0m409-kb29-20220505-0158-e91.fits.fz  59705.100994017  59705.101228820  5450  1.4957e-15  2.4694e-16
lsc0m409-kb29-20220505-0160-e91.fits.fz  59705.111239954  59705.111474781  5450  1.8758e-15  3.4628e-16
cpt0m407-kb87-20220506-0091-e91.fits.fz  59705.807995243  59705.808230047  5450  1.5492e-15  2.3258e-16
cpt0m407-kb87-20220508-0068-e91.fits.fz  59707.704527257  59707.704877767  5450  9.6298e-16  1.4255e-16
cpt0m407-kb87-20220509-0113-e91.fits.fz  59708.791885521  59708.792236065  5450  1.0310e-15  1.2979e-16
cpt0m407-kb87-20220510-0071-e91.fits.fz  59709.806075301  59709.806310058  5450  1.1776e-15  2.1654e-16
cpt0m407-kb87-20220510-0099-e91.fits.fz  59709.830887859  59709.831238334  5450  1.4272e-15  1.3290e-16
cpt0m407-kb87-20220511-0135-e91.fits.fz  59710.796274839  59710.796625348  5450  1.2567e-15  1.4633e-16
cpt0m407-kb87-20220512-0113-e91.fits.fz  59711.788476274  59711.788711031  5450  1.4394e-15  2.2511e-16
cpt0m407-kb87-20220512-0133-e91.fits.fz  59711.826639700  59711.826990163  5450  8.7280e-16  1.4277e-16
cpt0m407-kb87-20220513-0074-e91.fits.fz  59712.705088843  59712.705323612  5450  1.3306e-15  1.9442e-16
lsc0m412-kb26-20220517-0057-e91.fits.fz  59716.952258866  59716.952609410  5450  1.5376e-15  2.6355e-16
cpt0m407-kb87-20220521-0063-e91.fits.fz  59720.699564781  59720.699799503  5450  1.2364e-15  2.2024e-16
coj0m405-kb88-20220724-0082-e91.fits.fz  59784.382080834  59784.382431424  5450  9.5596e-16  9.9259e-17
lsc1m009-fa04-20220725-0005-e91.fits.fz  59785.984783820  59785.984876135  5450  1.3525e-15  2.8104e-17
lsc1m005-fa15-20220726-0058-e91.fits.fz  59786.959893982  59786.959986297  5450  1.1649e-15  5.1180e-17
lsc1m009-fa04-20220729-0066-e91.fits.fz  59789.991393160  59789.991485486  5450  9.7743e-16  3.9974e-17
cpt1m012-fa06-20220730-0066-e91.fits.fz  59790.725233091  59790.725325406  5450  1.2176e-15  6.2107e-17
lsc1m009-fa04-20220731-0058-e91.fits.fz  59791.986364572  59791.986456841  5450  1.3674e-15  3.1509e-17
lsc1m005-fa15-20220802-0058-e91.fits.fz  59793.962371841  59793.962464109  5450  1.3262e-15  6.5190e-17
lsc1m009-fa04-20220803-0058-e91.fits.fz  59794.962766413  59794.962858727  5450  1.0654e-15  4.3758e-17
cpt0m407-kb84-20210207-0104-e91.fits.fz  59252.865864179  59252.865983195  7670  5.9118e-15  3.6787e-16
cpt0m407-kb84-20210208-0100-e91.fits.fz  59253.874194457  59253.874313485  7670  5.6426e-15  3.1242e-16
cpt0m407-kb84-20210209-0093-e91.fits.fz  59254.858642304  59254.858761285  7670  5.2890e-15  3.5466e-16
cpt0m407-kb84-20210210-0102-e91.fits.fz  59255.855473947  59255.855592975  7670  5.5897e-15  3.7934e-16
cpt0m407-kb84-20210213-0127-e91.fits.fz  59258.847245498  59258.847364526  7670  5.6338e-15  3.8757e-16
cpt0m407-kb84-20210214-0112-e91.fits.fz  59259.844476737  59259.844595764  7670  7.1914e-15  4.3672e-16
cpt0m407-kb84-20210215-0129-e91.fits.fz  59260.841894792  59260.842013785  7670  7.0532e-15  4.2933e-16
cpt0m407-kb84-20210216-0125-e91.fits.fz  59261.840769433  59261.840888461  7670  5.5930e-15  4.4382e-16
coj0m405-kb88-20210307-0086-e91.fits.fz  59280.448431320  59280.448550359  7670  6.7122e-15  2.9324e-16
coj0m405-kb88-20210309-0284-e91.fits.fz  59282.566735857  59282.566854897  7670  6.8915e-15  2.8800e-16
lsc0m409-kb29-20210310-0117-e91.fits.fz  59284.065055961  59284.065175082  7670  5.3848e-15  3.1237e-16
cpt0m407-kb84-20210311-0118-e91.fits.fz  59284.790123878  59284.790242860  7670  6.3716e-15  1.0918e-15
coj0m403-kb24-20210312-0067-e91.fits.fz  59285.465812489  59285.465931007  7670  6.7724e-15  2.4282e-16
lsc0m409-kb29-20210314-0119-e91.fits.fz  59288.054664781  59288.054783843  7670  6.3309e-15  4.1539e-16
coj0m403-kb24-20210315-0116-e91.fits.fz  59288.430552582  59288.430671031  7670  6.5682e-15  2.9323e-16
coj0m403-kb24-20210417-0068-e91.fits.fz  59321.359517952  59321.359636355  7670  4.0923e-15  5.4292e-16
coj0m403-kb24-20210418-0066-e91.fits.fz  59322.359735429  59322.359853866  7670  5.4352e-15  1.9073e-16
coj0m403-kb24-20210419-0066-e91.fits.fz  59323.358063669  59323.358182084  7670  5.8738e-15  1.8891e-16
coj0m403-kb24-20210421-0066-e91.fits.fz  59325.356243126  59325.356361563  7670  6.4016e-15  1.8784e-16
coj0m403-kb24-20210422-0066-e91.fits.fz  59326.355555035  59326.355673554  7670  5.3125e-15  2.0147e-16
coj0m403-kb24-20210423-0053-e91.fits.fz  59327.361753102  59327.361871575  7670  4.7650e-15  1.9495e-16
coj0m403-kb24-20210427-0066-e91.fits.fz  59331.354806945  59331.354925383  7670  5.7955e-15  1.9505e-16
coj0m403-kb24-20210429-0073-e91.fits.fz  59333.399943426  59333.400061875  7670  3.9744e-15  2.5736e-16
coj0m403-kb24-20210429-0153-e91.fits.fz  59333.604873299  59333.604991818  7670  4.9291e-15  2.2562e-16
coj0m403-kb24-20210429-0155-e91.fits.fz  59333.610984908  59333.611103369  7670  4.7609e-15  2.0980e-16
coj0m403-kb24-20210429-0157-e91.fits.fz  59333.621402246  59333.621520753  7670  5.0225e-15  2.1001e-16
coj0m403-kb24-20210429-0162-e91.fits.fz  59333.631907500  59333.632025996  7670  5.0736e-15  2.1099e-16
cpt0m407-kb84-20210429-0047-e91.fits.fz  59333.754085857  59333.754204885  7670  6.7090e-15  8.8190e-16
cpt0m407-kb84-20210429-0052-e91.fits.fz  59333.774809167  59333.774928183  7670  6.1484e-15  7.5108e-16
coj0m403-kb24-20210502-0096-e91.fits.fz  59336.356342813  59336.356461285  7670  5.4618e-15  2.5545e-16
cpt0m407-kb84-20210505-0071-e91.fits.fz  59339.712328369  59339.712447362  7670  7.5387e-15  3.9163e-16
cpt0m407-kb84-20210506-0083-e91.fits.fz  59340.756899943  59340.757018982  7670  6.6934e-15  4.3024e-16
cpt0m407-kb84-20210508-0069-e91.fits.fz  59342.705400626  59342.705519653  7670  6.2784e-15  3.7468e-16
coj0m405-kb88-20210509-0059-e91.fits.fz  59343.507907014  59343.508026019  7670  5.7270e-15  4.1103e-16
coj0m403-kb24-20210510-0068-e91.fits.fz  59344.407757477  59344.407876019  7670  5.1144e-15  5.7453e-16
cpt0m407-kb84-20210511-0073-e91.fits.fz  59345.715403299  59345.715522327  7670  6.4975e-15  3.5822e-16
cpt0m407-kb84-20210513-0069-e91.fits.fz  59347.704306910  59347.704425892  7670  6.0564e-15  3.7781e-16
cpt0m407-kb84-20210514-0054-e91.fits.fz  59348.705034908  59348.705153936  7670  6.1703e-15  4.8876e-16
coj0m403-kb24-20210516-0101-e91.fits.fz  59350.393039468  59350.393157906  7670  5.6736e-15  2.3954e-16
cpt0m407-kb84-20210516-0071-e91.fits.fz  59350.705425336  59350.705544329  7670  5.9338e-15  4.0524e-16
cpt0m407-kb84-20210517-0058-e91.fits.fz  59351.696154514  59351.696273542  7670  6.4117e-15  3.3104e-16
cpt0m407-kb84-20210518-0067-e91.fits.fz  59352.697667524  59352.697786540  7670  5.9290e-15  4.1403e-16
coj0m403-kb24-20210520-0078-e91.fits.fz  59354.361766320  59354.361884804  7670  6.9747e-15  7.6307e-16
coj0m403-kb24-20210521-0079-e91.fits.fz  59355.361749190  59355.361867674  7670  5.5235e-15  1.8901e-16
coj0m403-kb24-20210522-0088-e91.fits.fz  59356.372157188  59356.372275660  7670  5.7029e-15  1.9465e-16
cpt0m407-kb84-20210522-0107-e91.fits.fz  59356.748584387  59356.748703415  7670  6.6752e-15  3.3910e-16
cpt0m407-kb84-20210523-0088-e91.fits.fz  59357.724882269  59357.725001262  7670  6.8221e-15  3.7397e-16
coj0m403-kb24-20210524-0152-e91.fits.fz  59358.493435915  59358.493554329  7670  5.6353e-15  2.6871e-16
coj0m403-kb24-20210525-0069-e91.fits.fz  59359.345008970  59359.345127500  7670  6.0823e-15  2.2176e-16
cpt0m407-kb84-20210525-0131-e91.fits.fz  59359.814407674  59359.814526702  7670  5.9227e-15  3.7894e-16
coj0m403-kb24-20210526-0065-e91.fits.fz  59360.338733982  59360.338852489  7670  6.5088e-15  2.7145e-16
coj0m403-kb24-20210527-0194-e91.fits.fz  59361.510691320  59361.510809781  7670  6.6282e-15  6.3657e-16
coj0m403-kb24-20210527-0196-e91.fits.fz  59361.514479781  59361.514598172  7670  4.9012e-15  2.8791e-16
coj0m403-kb24-20210528-0065-e91.fits.fz  59362.338307049  59362.338425452  7670  6.3359e-15  2.4745e-16
coj0m403-kb24-20210529-0065-e91.fits.fz  59363.338064399  59363.338182813  7670  5.7330e-15  2.5045e-16
coj0m405-kb88-20210529-0049-e91.fits.fz  59363.345937663  59363.346056737  7670  6.7103e-15  2.5098e-16
coj0m403-kb24-20210529-0073-e91.fits.fz  59363.347620186  59363.347738612  7670  5.9122e-15  2.4400e-16
coj0m403-kb24-20210529-0085-e91.fits.fz  59363.362608103  59363.362726552  7670  5.4074e-15  2.1631e-16
coj0m405-kb88-20210529-0063-e91.fits.fz  59363.368577304  59363.368696285  7670  6.5354e-15  2.0706e-16
coj0m405-kb88-20210529-0065-e91.fits.fz  59363.377648878  59363.377767929  7670  6.4403e-15  1.9415e-16
coj0m403-kb24-20210529-0098-e91.fits.fz  59363.392746656  59363.392865174  7670  5.4565e-15  1.9819e-16
coj0m405-kb88-20210529-0080-e91.fits.fz  59363.398597153  59363.398716274  7670  6.3535e-15  1.9317e-16
coj0m403-kb24-20210529-0106-e91.fits.fz  59363.413825660  59363.413944098  7670  5.4968e-15  2.3692e-16
coj0m403-kb24-20210529-0111-e91.fits.fz  59363.419408357  59363.419526829  7670  6.0844e-15  2.0393e-16
coj0m405-kb88-20210529-0103-e91.fits.fz  59363.445143669  59363.445262813  7670  6.3037e-15  2.0856e-16
coj0m405-kb88-20210529-0110-e91.fits.fz  59363.455497639  59363.455616667  7670  6.1795e-15  1.9204e-16
coj0m405-kb88-20210529-0112-e91.fits.fz  59363.460983461  59363.461102477  7670  6.1649e-15  2.0984e-16
coj0m405-kb88-20210530-0090-e91.fits.fz  59364.362877188  59364.362996239  7670  5.9669e-15  2.6993e-16
coj0m405-kb88-20210531-0065-e91.fits.fz  59365.337852802  59365.337971876  7670  6.0835e-15  2.0717e-16
coj0m405-kb88-20210531-0085-e91.fits.fz  59365.365199908  59365.365318924  7670  5.7328e-15  2.0484e-16
lsc0m409-kb29-20210601-0045-e91.fits.fz  59366.949635290  59366.949754306  7670  5.9984e-15  3.5681e-16
coj0m405-kb88-20210602-0067-e91.fits.fz  59367.345440255  59367.345559260  7670  9.2891e-15  1.3587e-15
lsc0m409-kb29-20210602-0066-e91.fits.fz  59367.958927315  59367.959046355  7670  6.5321e-15  3.2730e-16
lsc0m409-kb29-20210603-0071-e91.fits.fz  59368.959108565  59368.959227663  7670  6.5000e-15  3.1651e-16
lsc0m409-kb29-20210604-0073-e91.fits.fz  59369.958789815  59369.958908808  7670  6.3144e-15  3.7907e-16
lsc0m409-kb29-20210604-0131-e91.fits.fz  59370.049428565  59370.049547605  7670  5.5060e-15  9.2863e-16
lsc0m409-kb29-20210604-0141-e91.fits.fz  59370.062976737  59370.063095822  7670  6.1460e-15  4.1115e-16
lsc0m409-kb29-20210604-0147-e91.fits.fz  59370.070240869  59370.070359885  7670  6.8396e-15  5.0973e-16
coj0m405-kb88-20210605-0067-e91.fits.fz  59370.340984688  59370.341103693  7670  5.8805e-15  2.2310e-16
coj0m405-kb88-20210605-0078-e91.fits.fz  59370.352305220  59370.352424295  7670  5.7809e-15  2.1625e-16
coj0m405-kb88-20210605-0080-e91.fits.fz  59370.354759700  59370.354878681  7670  5.9804e-15  2.2755e-16
coj0m405-kb88-20210605-0082-e91.fits.fz  59370.359046227  59370.359165244  7670  6.0812e-15  2.0283e-16
coj0m405-kb88-20210605-0088-e91.fits.fz  59370.369551077  59370.369670140  7670  6.0177e-15  2.5604e-16
coj0m405-kb88-20210605-0094-e91.fits.fz  59370.384872200  59370.384991204  7670  6.2163e-15  3.4822e-16
coj0m405-kb88-20210605-0110-e91.fits.fz  59370.403589850  59370.403708901  7670  6.6669e-15  8.7497e-16
coj0m405-kb88-20210606-0065-e91.fits.fz  59371.337265023  59371.337384028  7670  5.8348e-15  2.2272e-16
coj0m405-kb88-20210606-0076-e91.fits.fz  59371.348030915  59371.348149978  7670  6.3350e-15  2.6412e-16
lsc0m409-kb29-20210606-0080-e91.fits.fz  59371.961808114  59371.961927095  7670  5.3204e-15  3.1677e-16
coj0m405-kb88-20210607-0077-e91.fits.fz  59372.347814144  59372.347933183  7670  6.2048e-15  2.2286e-16
lsc0m409-kb29-20210607-0060-e91.fits.fz  59372.951177604  59372.951296632  7670  7.0383e-15  3.4184e-16
lsc0m409-kb29-20210608-0058-e91.fits.fz  59373.949331575  59373.949450602  7670  6.5649e-15  3.8925e-16
coj0m405-kb88-20210613-0045-e91.fits.fz  59378.410150464  59378.410269445  7670  6.4141e-15  2.2942e-16
coj0m405-kb88-20210613-0055-e91.fits.fz  59378.425727593  59378.425846644  7670  6.8515e-15  2.2799e-16
lsc0m412-kb26-20210613-0091-e91.fits.fz  59379.043792801  59379.043911829  7670  6.1718e-15  4.1597e-16
coj0m403-kb24-20210614-0098-e91.fits.fz  59379.412977200  59379.413095625  7670  6.0058e-15  3.3167e-16
lsc0m409-kb29-20210614-0058-e91.fits.fz  59379.949591482  59379.949710475  7670  5.3415e-15  3.4696e-16
lsc0m412-kb26-20210723-0058-e91.fits.fz  59418.959183843  59418.959302836  7670  6.5048e-15  4.7531e-16
coj0m403-kb24-20210725-0067-e91.fits.fz  59420.351525996  59420.351644457  7670  5.5473e-15  2.2918e-16
coj0m405-kb88-20210726-0038-e91.fits.fz  59421.388133403  59421.388252408  7670  7.1564e-15  2.7824e-16
lsc0m409-kb29-20210726-0060-e91.fits.fz  59421.962289966  59421.962409028  7670  5.6588e-15  4.1247e-16
coj0m403-kb24-20210727-0033-e91.fits.fz  59422.350482998  59422.350601471  7670  6.6678e-15  2.6241e-16
coj0m403-kb24-20210727-0039-e91.fits.fz  59422.356004040  59422.356122489  7670  4.9135e-15  3.1196e-16
lsc0m409-kb29-20210728-0058-e91.fits.fz  59423.961008079  59423.961127072  7670  6.2259e-15  3.4879e-16
coj0m403-kb24-20210729-0058-e91.fits.fz  59424.349320718  59424.349439121  7670  5.9587e-15  2.4395e-16
coj0m403-kb24-20210729-0060-e91.fits.fz  59424.351423704  59424.351542118  7670  5.6500e-15  2.3982e-16
coj0m403-kb24-20210730-0067-e91.fits.fz  59425.352257547  59425.352376008  7670  5.6311e-15  1.9333e-16
coj0m403-kb24-20210730-0069-e91.fits.fz  59425.354897500  59425.355015950  7670  5.5898e-15  1.8289e-16
coj0m405-kb88-20210731-0080-e91.fits.fz  59426.363837443  59426.363956471  7670  7.1026e-15  5.0158e-16
cpt0m407-kb87-20211110-0103-e91.fits.fz  59529.091046748  59529.091223623  7670  6.7160e-15  1.5745e-16
lsc0m409-kb29-20211111-0231-e91.fits.fz  59530.333605776  59530.333782686  7670  5.9279e-15  2.6370e-16
lsc0m409-kb29-20211112-0178-e91.fits.fz  59531.330817408  59531.330994295  7670  6.0636e-15  3.1428e-16
lsc0m409-kb29-20211113-0169-e91.fits.fz  59532.328145475  59532.328322385  7670  6.3766e-15  2.6101e-16
lsc0m409-kb29-20211114-0181-e91.fits.fz  59533.325331297  59533.325508218  7670  5.8073e-15  2.4815e-16
cpt0m407-kb87-20211116-0127-e91.fits.fz  59535.072157824  59535.072334723  7670  6.3594e-15  1.5924e-16
lsc0m412-kb26-20211117-0208-e91.fits.fz  59536.329981737  59536.330158635  7670  6.1627e-15  3.5708e-16
cpt0m407-kb87-20211118-0180-e91.fits.fz  59537.067268195  59537.067445093  7670  6.1174e-15  1.9442e-16
cpt0m407-kb87-20211119-0210-e91.fits.fz  59538.070299144  59538.070476042  7670  6.0752e-15  2.3889e-16
coj0m403-kb24-20220421-0177-e91.fits.fz  59690.503395278  59690.503571633  7670  5.9286e-15  1.6389e-16
lsc0m412-kb26-20220422-0062-e91.fits.fz  59691.970298368  59691.970475255  7670  6.6392e-15  2.9010e-16
coj0m405-kb88-20220423-0081-e91.fits.fz  59692.504300626  59692.504477512  7670  5.5902e-15  2.4734e-16
cpt0m407-kb87-20220427-0077-e91.fits.fz  59696.893810383  59696.893987281  7670  6.3426e-15  2.0098e-16
cpt0m407-kb87-20220428-0040-e91.fits.fz  59697.705903357  59697.706080267  7670  6.4905e-15  2.0737e-16
coj0m403-kb24-20220429-0092-e91.fits.fz  59698.536560186  59698.536736470  7670  4.6631e-15  2.2669e-16
cpt0m407-kb87-20220430-0083-e91.fits.fz  59699.722808473  59699.723043241  7670  6.0764e-15  1.4288e-16
lsc0m409-kb29-20220430-0124-e91.fits.fz  59700.065411332  59700.065588276  7670  6.1317e-15  1.8910e-16
cpt0m407-kb87-20220501-0062-e91.fits.fz  59700.708013508  59700.708190429  7670  5.6626e-15  4.3947e-16
cpt0m407-kb87-20220501-0261-e91.fits.fz  59700.903961528  59700.904196308  7670  5.5419e-15  1.5286e-16
cpt0m407-kb87-20220502-0065-e91.fits.fz  59701.703450903  59701.703627801  7670  6.2565e-15  2.0515e-16
cpt0m407-kb87-20220503-0060-e91.fits.fz  59702.702759920  59702.702994688  7670  6.3094e-15  1.7348e-16
cpt0m407-kb87-20220503-0066-e91.fits.fz  59702.708867801  59702.709044699  7670  5.7899e-15  1.8771e-16
lsc0m412-kb26-20220503-0152-e91.fits.fz  59703.101536100  59703.101712975  7670  5.8412e-15  2.4109e-16
cpt0m407-kb87-20220504-0116-e91.fits.fz  59703.757654618  59703.757831493  7670  5.3387e-15  1.8535e-16
cpt0m407-kb87-20220504-0122-e91.fits.fz  59703.763880174  59703.764057072  7670  5.4135e-15  1.8667e-16
cpt0m407-kb87-20220504-0133-e91.fits.fz  59703.774316899  59703.774493774  7670  5.5424e-15  1.8680e-16
cpt0m407-kb87-20220504-0139-e91.fits.fz  59703.785194885  59703.785371783  7670  5.3601e-15  1.8771e-16
cpt0m407-kb87-20220504-0155-e91.fits.fz  59703.796733889  59703.796910787  7670  5.3682e-15  1.9200e-16
cpt0m407-kb87-20220504-0163-e91.fits.fz  59703.806314896  59703.806491806  7670  5.4804e-15  1.9777e-16
cpt0m407-kb87-20220504-0174-e91.fits.fz  59703.816626251  59703.816803149  7670  5.7659e-15  1.9781e-16
cpt0m407-kb87-20220504-0180-e91.fits.fz  59703.824455672  59703.824690417  7670  5.6547e-15  1.5726e-16
cpt0m407-kb87-20220504-0184-e91.fits.fz  59703.829837466  59703.830014410  7670  5.1505e-15  1.8969e-16
cpt0m407-kb87-20220504-0188-e91.fits.fz  59703.836823832  59703.837000718  7670  5.4069e-15  1.8909e-16
cpt0m407-kb87-20220504-0196-e91.fits.fz  59703.847887593  59703.848064491  7670  5.3483e-15  1.9592e-16
cpt0m407-kb87-20220504-0207-e91.fits.fz  59703.858352767  59703.858529665  7670  5.7993e-15  2.0436e-16
cpt0m407-kb87-20220504-0214-e91.fits.fz  59703.869682234  59703.869859167  7670  5.1804e-15  2.0287e-16
cpt0m407-kb87-20220504-0231-e91.fits.fz  59703.880177211  59703.880354074  7670  5.3785e-15  2.0054e-16
cpt0m407-kb87-20220504-0245-e91.fits.fz  59703.892884341  59703.893061250  7670  5.4848e-15  2.2650e-16
cpt0m407-kb87-20220504-0251-e91.fits.fz  59703.899341991  59703.899518889  7670  5.7011e-15  1.9722e-16
cpt0m407-kb87-20220504-0262-e91.fits.fz  59703.911141748  59703.911318646  7670  5.0727e-15  1.7968e-16
cpt0m407-kb87-20220504-0267-e91.fits.fz  59703.917358901  59703.917535776  7670  5.5136e-15  1.8474e-16
cpt0m407-kb87-20220504-0281-e91.fits.fz  59703.930012883  59703.930189862  7670  5.3917e-15  1.9041e-16
cpt0m407-kb87-20220504-0285-e91.fits.fz  59703.938229457  59703.938406366  7670  5.4914e-15  1.8748e-16
cpt0m407-kb87-20220504-0294-e91.fits.fz  59703.951321586  59703.951498484  7670  5.6439e-15  1.9433e-16
lsc0m409-kb29-20220504-0058-e91.fits.fz  59703.960534838  59703.960711737  7670  5.7500e-15  1.8327e-16
lsc0m412-kb26-20220504-0071-e91.fits.fz  59703.971132269  59703.971309144  7670  5.6316e-15  2.4133e-16
lsc0m412-kb26-20220504-0075-e91.fits.fz  59703.975795614  59703.975972454  7670  5.6165e-15  2.4356e-16
lsc0m409-kb29-20220504-0076-e91.fits.fz  59703.979658774  59703.979835625  7670  5.4809e-15  1.8190e-16
lsc0m409-kb29-20220504-0081-e91.fits.fz  59703.987536297  59703.987713311  7670  5.3385e-15  1.7234e-16
lsc0m409-kb29-20220504-0087-e91.fits.fz  59703.998065209  59703.998242107  7670  5.5449e-15  1.8245e-16
lsc0m409-kb29-20220504-0098-e91.fits.fz  59704.010596737  59704.010773635  7670  5.2483e-15  1.7354e-16
lsc0m409-kb29-20220504-0103-e91.fits.fz  59704.018841633  59704.019018577  7670  5.5407e-15  1.7703e-16
lsc0m409-kb29-20220504-0114-e91.fits.fz  59704.029872096  59704.030049052  7670  5.6488e-15  1.8055e-16
lsc0m409-kb29-20220504-0120-e91.fits.fz  59704.041402119  59704.041579005  7670  5.6337e-15  1.9188e-16
lsc0m409-kb29-20220504-0124-e91.fits.fz  59704.050077315  59704.050254248  7670  5.8147e-15  1.8723e-16
lsc0m409-kb29-20220504-0135-e91.fits.fz  59704.060869109  59704.061046100  7670  5.5530e-15  1.7834e-16
lsc0m409-kb29-20220504-0137-e91.fits.fz  59704.070816274  59704.070993218  7670  5.4489e-15  1.8119e-16
lsc0m409-kb29-20220504-0139-e91.fits.fz  59704.081247940  59704.081424896  7670  5.6590e-15  1.6903e-16
lsc0m409-kb29-20220504-0152-e91.fits.fz  59704.094936656  59704.095113519  7670  5.9902e-15  1.8615e-16
lsc0m409-kb29-20220504-0154-e91.fits.fz  59704.111739052  59704.111973762  7670  4.6542e-15  1.6374e-16
lsc0m409-kb29-20220504-0156-e91.fits.fz  59704.117915035  59704.118149781  7670  5.0683e-15  1.5307e-16
lsc0m409-kb29-20220504-0163-e91.fits.fz  59704.130177605  59704.130412361  7670  5.1591e-15  1.6024e-16
lsc0m409-kb29-20220504-0171-e91.fits.fz  59704.138864433  59704.139099144  7670  5.1395e-15  1.8224e-16
cpt0m407-kb87-20220505-0160-e91.fits.fz  59704.813845961  59704.814080684  7670  5.9074e-15  1.5370e-16
cpt0m407-kb87-20220505-0164-e91.fits.fz  59704.820094422  59704.820329167  7670  5.9507e-15  1.5374e-16
cpt0m407-kb87-20220505-0170-e91.fits.fz  59704.830500417  59704.830735186  7670  5.5109e-15  1.5337e-16
cpt0m407-kb87-20220505-0176-e91.fits.fz  59704.840897755  59704.841132524  7670  5.3908e-15  1.5415e-16
cpt0m407-kb87-20220505-0178-e91.fits.fz  59704.844419329  59704.844596170  7670  6.1847e-15  2.0987e-16
cpt0m407-kb87-20220505-0180-e91.fits.fz  59704.851227836  59704.851462605  7670  5.5852e-15  1.5379e-16
cpt0m407-kb87-20220505-0185-e91.fits.fz  59704.861617188  59704.861851957  7670  5.4439e-15  1.5008e-16
cpt0m407-kb87-20220505-0190-e91.fits.fz  59704.872172154  59704.872406945  7670  5.2796e-15  1.5331e-16
cpt0m407-kb87-20220505-0194-e91.fits.fz  59704.882521100  59704.882755868  7670  5.5216e-15  1.4459e-16
cpt0m407-kb87-20220505-0205-e91.fits.fz  59704.893012292  59704.893247061  7670  5.9057e-15  1.5851e-16
cpt0m407-kb87-20220505-0211-e91.fits.fz  59704.903486007  59704.903720776  7670  5.8993e-15  1.5876e-16
cpt0m407-kb87-20220505-0213-e91.fits.fz  59704.913683681  59704.913918461  7670  6.0043e-15  1.6116e-16
cpt0m407-kb87-20220505-0220-e91.fits.fz  59704.924189236  59704.924424005  7670  5.9197e-15  1.5868e-16
cpt0m407-kb87-20220505-0226-e91.fits.fz  59704.934662373  59704.934897130  7670  5.9697e-15  1.5938e-16
cpt0m407-kb87-20220505-0242-e91.fits.fz  59704.945104746  59704.945339526  7670  6.2714e-15  1.5805e-16
cpt0m407-kb87-20220505-0244-e91.fits.fz  59704.955359630  59704.955594341  7670  6.1798e-15  1.5223e-16
lsc0m409-kb29-20220505-0077-e91.fits.fz  59704.968197327  59704.968432084  7670  5.5634e-15  2.5610e-16
lsc0m409-kb29-20220505-0081-e91.fits.fz  59704.976362616  59704.976597466  7670  4.9604e-15  3.2523e-16
lsc0m409-kb29-20220505-0097-e91.fits.fz  59705.011823751  59705.012058589  7670  5.8250e-15  1.6638e-16
lsc0m409-kb29-20220505-0102-e91.fits.fz  59705.018061088  59705.018295845  7670  5.3146e-15  1.4813e-16
lsc0m409-kb29-20220505-0110-e91.fits.fz  59705.028423022  59705.028657860  7670  5.5138e-15  1.9067e-16
lsc0m409-kb29-20220505-0115-e91.fits.fz  59705.038751760  59705.038986540  7670  5.0632e-15  1.6729e-16
lsc0m409-kb29-20220505-0125-e91.fits.fz  59705.049293507  59705.049528299  7670  6.2948e-15  1.7040e-16
lsc0m409-kb29-20220505-0136-e91.fits.fz  59705.060981679  59705.061216447  7670  5.5741e-15  1.4875e-16
lsc0m409-kb29-20220505-0142-e91.fits.fz  59705.070124260  59705.070359017  7670  5.0435e-15  1.7245e-16
lsc0m409-kb29-20220505-0152-e91.fits.fz  59705.080560799  59705.080795556  7670  5.6209e-15  1.5706e-16
lsc0m409-kb29-20220505-0156-e91.fits.fz  59705.090938079  59705.091172859  7670  5.8127e-15  1.5383e-16
lsc0m409-kb29-20220505-0159-e91.fits.fz  59705.101429341  59705.101664144  7670  5.7287e-15  1.7403e-16
lsc0m409-kb29-20220505-0161-e91.fits.fz  59705.111699815  59705.111934630  7670  5.6625e-15  2.5013e-16
lsc0m409-kb29-20220505-0172-e91.fits.fz  59705.122452443  59705.122687223  7670  5.7264e-15  2.2431e-16
lsc0m409-kb29-20220505-0182-e91.fits.fz  59705.132662258  59705.132897038  7670  5.9608e-15  2.3840e-16
lsc0m409-kb29-20220505-0193-e91.fits.fz  59705.143044896  59705.143279607  7670  5.2499e-15  2.6475e-16
lsc0m409-kb29-20220505-0201-e91.fits.fz  59705.155881667  59705.156116424  7670  5.7505e-15  1.9025e-16
lsc0m409-kb29-20220505-0203-e91.fits.fz  59705.163767408  59705.164002165  7670  5.7261e-15  1.6046e-16
lsc0m409-kb29-20220505-0207-e91.fits.fz  59705.174323473  59705.174558253  7670  5.6509e-15  2.3838e-16
cpt0m407-kb87-20220506-0075-e91.fits.fz  59705.797802605  59705.798037339  7670  5.1136e-15  2.4995e-16
cpt0m407-kb87-20220506-0092-e91.fits.fz  59705.808378345  59705.808613114  7670  5.9275e-15  1.6493e-16
cpt0m407-kb87-20220506-0102-e91.fits.fz  59705.821115325  59705.821350093  7670  5.9582e-15  1.7371e-16
lsc0m409-kb29-20220506-0058-e91.fits.fz  59705.957135510  59705.957370301  7670  5.4696e-15  2.9182e-16
lsc0m409-kb29-20220506-0122-e91.fits.fz  59706.167219109  59706.167453808  7670  5.5105e-15  1.5003e-16
cpt0m407-kb87-20220508-0069-e91.fits.fz  59707.705026690  59707.705203577  7670  6.0755e-15  1.9816e-16
cpt0m407-kb87-20220508-0127-e91.fits.fz  59707.794978172  59707.795155024  7670  6.1695e-15  3.1545e-16
lsc0m409-kb29-20220508-0149-e91.fits.fz  59708.160164353  59708.160399190  7670  5.2680e-15  1.6701e-16
cpt0m407-kb87-20220509-0114-e91.fits.fz  59708.792390614  59708.792567500  7670  5.9077e-15  1.8113e-16
cpt0m407-kb87-20220510-0072-e91.fits.fz  59709.806460707  59709.806695475  7670  5.9047e-15  1.5530e-16
cpt0m407-kb87-20220510-0100-e91.fits.fz  59709.831411204  59709.831588102  7670  5.9023e-15  1.9314e-16
cpt0m407-kb87-20220511-0136-e91.fits.fz  59710.796773797  59710.796950695  7670  6.0409e-15  1.9743e-16
lsc0m409-kb29-20220511-0068-e91.fits.fz  59710.959789028  59710.960023774  7670  5.4125e-15  3.2422e-16
cpt0m407-kb87-20220512-0114-e91.fits.fz  59711.788882095  59711.789116829  7670  5.7131e-15  1.5203e-16
cpt0m407-kb87-20220512-0134-e91.fits.fz  59711.827139086  59711.827315984  7670  5.5495e-15  1.9233e-16
cpt0m407-kb87-20220513-0075-e91.fits.fz  59712.705474376  59712.705709144  7670  5.9792e-15  1.4659e-16
cpt0m407-kb87-20220513-0132-e91.fits.fz  59712.799358102  59712.799535001  7670  7.0234e-15  6.3515e-16
lsc0m409-kb29-20220515-0058-e91.fits.fz  59714.953484271  59714.953661169  7670  5.3057e-15  2.7304e-16
cpt0m407-kb87-20220516-0065-e91.fits.fz  59715.704123901  59715.704358658  7670  6.2369e-15  1.6519e-16
cpt0m407-kb87-20220516-0141-e91.fits.fz  59715.822350336  59715.822527200  7670  5.8324e-15  1.9544e-16
lsc0m412-kb26-20220517-0058-e91.fits.fz  59716.952757929  59716.952934839  7670  6.5076e-15  3.3042e-16
lsc0m409-kb29-20220519-0058-e91.fits.fz  59718.952095903  59718.952330660  7670  5.6024e-15  2.0461e-16
cpt0m407-kb87-20220521-0064-e91.fits.fz  59720.699950394  59720.700185151  7670  5.7966e-15  1.6180e-16
coj0m405-kb88-20220724-0083-e91.fits.fz  59784.382659781  59784.382836633  7670  4.7342e-15  1.4468e-16
lsc1m009-fa04-20220725-0006-e91.fits.fz  59785.985280857  59785.985326829  7670  6.7716e-15  5.0293e-17
lsc1m005-fa15-20220726-0059-e91.fits.fz  59786.960393114  59786.960439133  7670  6.9840e-15  9.9051e-17
lsc1m009-fa04-20220728-0061-e91.fits.fz  59788.973267315  59788.973313334  7670  5.9557e-15  9.4552e-17
lsc1m009-fa04-20220729-0067-e91.fits.fz  59789.991891181  59789.991937200  7670  4.7608e-15  6.1802e-17
cpt1m012-fa06-20220730-0067-e91.fits.fz  59790.725803056  59790.725849075  7670  5.5677e-15  8.4117e-17
lsc1m009-fa04-20220731-0059-e91.fits.fz  59791.986866806  59791.986912778  7670  6.8652e-15  5.2138e-17
lsc1m005-fa15-20220802-0059-e91.fits.fz  59793.962872223  59793.962918195  7670  6.8853e-15  1.0888e-16
lsc1m009-fa04-20220803-0059-e91.fits.fz  59794.963271794  59794.963317767  7670  5.7791e-15  7.0825e-17
