;File (Wave in A; Flux in erg/s/cm2/A)   MJD_start        MJD_end          Wave  Flux        Unc       
lsc0m409-kb29-20210514-0215-e91.fits.fz  59349.228283728  59349.234073993  3560  2.3339e-13  1.7390e-15
cpt0m407-kb84-20210516-0130-e91.fits.fz  59350.809261817  59350.815052142  3560  2.5737e-13  2.6108e-15
lsc0m409-kb29-20210516-0223-e91.fits.fz  59351.220331216  59351.226121598  3560  3.5424e-13  1.8383e-15
lsc0m409-kb29-20210517-0169-e91.fits.fz  59352.162766355  59352.168556702  3560  4.2460e-13  3.0982e-15
lsc0m409-kb29-20210518-0201-e91.fits.fz  59353.196035047  59353.201825325  3560  5.8264e-13  3.1552e-15
lsc0m409-kb29-20210521-0266-e91.fits.fz  59356.269922894  59356.275713149  3560  2.5451e-13  2.2046e-15
lsc0m409-kb29-20210522-0172-e91.fits.fz  59357.149473033  59357.155263380  3560  2.7615e-13  3.8369e-15
lsc0m409-kb29-20210523-0153-e91.fits.fz  59358.172457998  59358.178248264  3560  4.2708e-13  3.0552e-15
coj0m403-kb24-20210527-0227-e91.fits.fz  59361.634588114  59361.640377895  3560  3.2042e-13  3.4486e-15
lsc0m412-kb26-20210731-0089-e91.fits.fz  59427.057152929  59427.062943287  3560  3.1975e-13  1.8645e-15
lsc0m409-kb29-20210802-0078-e91.fits.fz  59428.983643577  59428.989433878  3560  3.5272e-13  2.0330e-15
lsc0m412-kb26-20210803-0153-e91.fits.fz  59430.149384028  59430.155174387  3560  3.2273e-13  2.9262e-15
lsc0m409-kb29-20210804-0082-e91.fits.fz  59430.978539422  59430.984329757  3560  3.4100e-13  2.7100e-15
lsc0m412-kb26-20210805-0080-e91.fits.fz  59431.984219769  59431.990010139  3560  1.7053e-13  1.7459e-15
lsc0m412-kb26-20210806-0077-e91.fits.fz  59432.975854827  59432.981645152  3560  3.9551e-13  2.5720e-15
lsc0m412-kb26-20210807-0091-e91.fits.fz  59433.988527848  59433.994318126  3560  4.2256e-13  2.6753e-15
lsc0m412-kb26-20210808-0073-e91.fits.fz  59434.972022662  59434.977812987  3560  2.1730e-13  2.0697e-15
lsc0m412-kb26-20210809-0075-e91.fits.fz  59435.974305672  59435.980096019  3560  2.6828e-13  2.5920e-15
lsc0m409-kb29-20210810-0072-e91.fits.fz  59436.971689908  59436.977480266  3560  3.3926e-13  2.4243e-15
lsc0m409-kb29-20210810-0106-e91.fits.fz  59437.071033149  59437.076823484  3560  3.3908e-13  2.2928e-15
lsc0m412-kb26-20210811-0073-e91.fits.fz  59437.973077871  59437.978868229  3560  3.7508e-13  2.3616e-15
lsc0m409-kb29-20210812-0057-e91.fits.fz  59438.978210464  59438.984000799  3560  2.8042e-13  2.8370e-15
lsc0m409-kb29-20210813-0071-e91.fits.fz  59439.973729179  59439.979519457  3560  2.3928e-13  2.0019e-15
lsc0m409-kb29-20210814-0070-e91.fits.fz  59440.971340753  59440.977131077  3560  3.0221e-13  2.4881e-15
lsc0m409-kb29-20210815-0069-e91.fits.fz  59441.987611123  59441.993401448  3560  3.3432e-13  3.3233e-15
coj0m403-kb24-20210816-0047-e91.fits.fz  59442.417536633  59442.423326389  3560  3.0703e-13  1.4517e-15
coj0m403-kb24-20210816-0050-e91.fits.fz  59442.427928507  59442.433718160  3560  2.8822e-13  1.4798e-15
coj0m403-kb24-20210816-0053-e91.fits.fz  59442.438336725  59442.444126435  3560  3.0258e-13  1.5250e-15
coj0m403-kb24-20210816-0056-e91.fits.fz  59442.448755371  59442.454545035  3560  2.9406e-13  1.4962e-15
coj0m403-kb24-20210816-0061-e91.fits.fz  59442.482360707  59442.488150498  3560  3.9756e-13  2.3887e-15
lsc0m412-kb26-20210816-0067-e91.fits.fz  59442.973011644  59442.978801969  3560  2.4615e-13  2.1761e-15
coj0m403-kb24-20210817-0064-e91.fits.fz  59443.355889526  59443.361679156  3560  2.9338e-13  1.8924e-15
coj0m403-kb24-20210817-0077-e91.fits.fz  59443.409894202  59443.415683924  3560  3.0722e-13  1.4250e-15
coj0m403-kb24-20210817-0082-e91.fits.fz  59443.420308577  59443.426098218  3560  2.8623e-13  1.4317e-15
coj0m403-kb24-20210817-0085-e91.fits.fz  59443.430704422  59443.436494063  3560  2.7664e-13  1.4743e-15
coj0m403-kb24-20210817-0088-e91.fits.fz  59443.441116413  59443.446906089  3560  2.7711e-13  1.4535e-15
lsc0m409-kb29-20210817-0064-e91.fits.fz  59443.973589723  59443.979379966  3560  3.6062e-13  2.4355e-15
coj0m405-kb88-20210818-0064-e91.fits.fz  59444.356260313  59444.362050625  3560  3.8943e-13  1.4394e-15
coj0m403-kb24-20210819-0072-e91.fits.fz  59445.370373716  59445.376163472  3560  3.2053e-13  1.2514e-15
coj0m403-kb24-20210820-0156-e91.fits.fz  59446.453538577  59446.459328345  3560  4.3465e-13  1.3843e-15
lsc0m409-kb29-20210820-0088-e91.fits.fz  59446.989924653  59446.995715023  3560  5.0139e-13  2.6511e-15
lsc0m412-kb26-20210821-0075-e91.fits.fz  59447.979392894  59447.985183264  3560  3.5127e-13  2.3316e-15
lsc0m412-kb26-20210822-0071-e91.fits.fz  59448.981202778  59448.986993148  3560  4.1475e-13  3.0334e-15
lsc0m409-kb29-20210823-0096-e91.fits.fz  59449.999279723  59450.005069931  3560  4.0572e-13  3.4456e-15
lsc0m409-kb29-20210826-0085-e91.fits.fz  59452.999466447  59453.005256713  3560  3.1285e-13  2.7570e-15
lsc0m412-kb26-20210827-0084-e91.fits.fz  59453.999738855  59454.005529190  3560  2.5116e-13  4.5156e-15
lsc0m412-kb26-20210828-0080-e91.fits.fz  59454.990580660  59454.996370985  3560  1.3111e-13  1.6262e-15
lsc0m412-kb26-20210829-0080-e91.fits.fz  59455.988458912  59455.994249248  3560  2.5937e-13  1.9379e-15
lsc0m412-kb26-20210830-0069-e91.fits.fz  59456.989957964  59456.995748265  3560  3.8138e-13  2.6746e-15
lsc0m409-kb29-20210926-0086-e91.fits.fz  59484.013042246  59484.018832558  3560  3.4058e-13  2.6148e-15
lsc0m409-kb29-20210927-0064-e91.fits.fz  59484.982506575  59484.988296933  3560  2.7737e-13  2.6789e-15
lsc0m412-kb26-20210928-0057-e91.fits.fz  59485.982969399  59485.988759769  3560  1.9471e-13  2.1789e-15
lsc0m412-kb26-20210930-0088-e91.fits.fz  59488.007312697  59488.013103056  3560  3.0570e-13  2.9442e-15
lsc0m412-kb26-20211001-0067-e91.fits.fz  59489.000256193  59489.006046517  3560  2.7056e-13  2.6715e-15
lsc0m412-kb26-20211003-0077-e91.fits.fz  59490.995068982  59491.000859307  3560  1.9076e-13  2.3557e-15
lsc0m412-kb26-20220518-0102-e91.fits.fz  59718.364768577  59718.370558924  3560  3.4770e-13  2.7022e-15
lsc0m409-kb29-20220519-0126-e91.fits.fz  59719.030977709  59719.036768044  3560  3.3002e-13  2.2658e-15
lsc0m409-kb29-20220520-0103-e91.fits.fz  59720.109851412  59720.115641714  3560  1.5349e-13  2.4007e-15
lsc0m409-kb29-20220521-0128-e91.fits.fz  59721.049814792  59721.055605047  3560  1.7897e-13  1.8018e-15
lsc0m409-kb29-20220522-0109-e91.fits.fz  59722.020626100  59722.026416390  3560  1.4003e-13  1.8239e-15
lsc0m412-kb26-20220523-0086-e91.fits.fz  59723.018013427  59723.023803728  3560  1.4654e-13  1.9016e-15
lsc0m409-kb29-20220524-0134-e91.fits.fz  59724.080235220  59724.086025522  3560  2.1498e-13  1.5551e-15
lsc0m412-kb26-20220525-0133-e91.fits.fz  59725.041745105  59725.047535440  3560  1.4901e-13  1.5764e-15
lsc0m412-kb26-20220526-0109-e91.fits.fz  59726.009790637  59726.015580927  3560  2.1744e-13  2.0773e-15
lsc0m412-kb26-20220527-0109-e91.fits.fz  59727.007075568  59727.012865892  3560  1.3861e-13  1.6485e-15
lsc0m409-kb98-20220731-0070-e91.fits.fz  59792.052074086  59792.057864434  3560  2.0300e-13  1.5417e-15
lsc0m409-kb98-20220801-0079-e91.fits.fz  59792.980356748  59792.986147061  3560  1.5571e-13  1.0484e-15
lsc0m412-kb26-20220802-0064-e91.fits.fz  59793.962099711  59793.967890070  3560  2.4674e-13  1.7489e-15
lsc0m409-kb98-20220803-0089-e91.fits.fz  59795.015931621  59795.021721945  3560  2.1491e-13  1.4688e-15
lsc0m409-kb98-20220804-0066-e91.fits.fz  59795.965041042  59795.970831424  3560  1.8935e-13  1.2339e-15
lsc0m412-kb26-20220805-0064-e91.fits.fz  59796.963143126  59796.968933484  3560  1.6624e-13  1.5800e-15
cpt0m407-kb92-20220806-0102-e91.fits.fz  59797.848027616  59797.853818033  3560  1.5107e-13  2.1607e-15
lsc0m409-kb98-20220807-0053-e91.fits.fz  59798.966100059  59798.971890383  3560  2.2735e-13  1.6894e-15
lsc0m409-kb98-20220808-0081-e91.fits.fz  59799.986329376  59799.992119734  3560  2.1143e-13  1.6876e-15
lsc0m409-kb98-20220809-0073-e91.fits.fz  59800.979356285  59800.985146679  3560  1.7529e-13  1.4692e-15
lsc0m409-kb98-20220809-0118-e91.fits.fz  59801.070960139  59801.076750556  3560  2.3702e-13  2.2009e-15
coj0m403-kb23-20220810-0102-e91.fits.fz  59801.427469399  59801.433259156  3560  3.3567e-13  1.0055e-15
lsc0m412-kb26-20220810-0092-e91.fits.fz  59802.014778137  59802.020568473  3560  2.0174e-13  2.3863e-15
lsc0m409-kb98-20220811-0083-e91.fits.fz  59802.991933264  59802.997723577  3560  1.3705e-13  1.5217e-15
lsc0m412-kb26-20220812-0070-e91.fits.fz  59803.984734816  59803.990525140  3560  1.1943e-13  1.4465e-15
lsc0m412-kb26-20220812-0083-e91.fits.fz  59804.026567014  59804.032357384  3560  1.6341e-13  1.6045e-15
lsc0m409-kb98-20220812-0098-e91.fits.fz  59804.037011644  59804.042802049  3560  1.4861e-13  1.1161e-15
lsc0m412-kb26-20220812-0087-e91.fits.fz  59804.047392732  59804.053183090  3560  1.4898e-13  1.6362e-15
lsc0m409-kb98-20220812-0102-e91.fits.fz  59804.057823854  59804.063614179  3560  1.5001e-13  1.1261e-15
lsc0m409-kb98-20220812-0126-e91.fits.fz  59804.085794966  59804.091585360  3560  1.5974e-13  1.1540e-15
lsc0m412-kb26-20220813-0077-e91.fits.fz  59804.982138623  59804.987928924  3560  1.2897e-13  1.6294e-15
lsc0m409-kb98-20220813-0123-e91.fits.fz  59805.085754931  59805.091545243  3560  1.3253e-13  1.0958e-15
lsc0m412-kb26-20220813-0101-e91.fits.fz  59805.096032037  59805.101822407  3560  1.5227e-13  2.3788e-15
lsc0m409-kb98-20220813-0136-e91.fits.fz  59805.106503322  59805.112293750  3560  1.9221e-13  1.1903e-15
lsc0m409-kb98-20220813-0140-e91.fits.fz  59805.116878218  59805.122668565  3560  1.9536e-13  1.2363e-15
lsc0m412-kb26-20220813-0114-e91.fits.fz  59805.127293531  59805.133083889  3560  2.0328e-13  2.1321e-15
lsc0m409-kb98-20220814-0044-e91.fits.fz  59805.984402813  59805.990193091  3560  1.0662e-13  1.2191e-15
lsc0m409-kb98-20220815-0177-e91.fits.fz  59807.107859110  59807.113649515  3560  8.6060e-14  1.1061e-15
lsc0m412-kb26-20220816-0074-e91.fits.fz  59807.979404051  59807.985194399  3560  5.6165e-14  1.3124e-15
lsc0m409-kb98-20220816-0233-e91.fits.fz  59808.113676818  59808.119467142  3560  8.1991e-14  1.2963e-15
lsc0m412-kb26-20220817-0074-e91.fits.fz  59808.986342755  59808.992133102  3560  7.2082e-14  1.4588e-15
coj0m403-kb23-20220818-0074-e91.fits.fz  59809.365528554  59809.371318230  3560  1.4063e-13  2.6238e-15
coj0m403-kb23-20220818-0154-e91.fits.fz  59809.493781019  59809.499570660  3560  7.9341e-14  6.2291e-16
lsc0m409-kb98-20220818-0098-e91.fits.fz  59810.017571679  59810.023362130  3560  7.7520e-14  9.7306e-16
coj0m403-kb23-20220819-0067-e91.fits.fz  59810.360252570  59810.366042269  3560  9.8415e-14  6.5425e-16
coj0m403-kb23-20220819-0080-e91.fits.fz  59810.382123438  59810.387913172  3560  9.8443e-14  5.8723e-16
coj0m403-kb23-20220819-0084-e91.fits.fz  59810.392578137  59810.398367836  3560  9.3903e-14  6.3934e-16
coj0m403-kb23-20220819-0088-e91.fits.fz  59810.402959144  59810.408748878  3560  9.5791e-14  6.5195e-16
coj0m403-kb23-20220819-0092-e91.fits.fz  59810.413383994  59810.419173704  3560  1.0264e-13  6.7314e-16
lsc0m409-kb98-20220819-0071-e91.fits.fz  59810.982726633  59810.988516980  3560  1.8257e-13  1.0182e-15
coj0m403-kb23-20220820-0040-e91.fits.fz  59811.365200475  59811.370991655  3560  2.1044e-13  6.8831e-16
coj0m405-kb83-20220820-0041-e91.fits.fz  59811.375154885  59811.380945140  3560  2.0261e-13  8.6572e-16
coj0m405-kb83-20220820-0045-e91.fits.fz  59811.385586366  59811.391376702  3560  2.0963e-13  9.7391e-16
coj0m403-kb23-20220820-0075-e91.fits.fz  59811.396014295  59811.401804040  3560  2.0559e-13  1.6245e-15
coj0m403-kb23-20220820-0079-e91.fits.fz  59811.406423033  59811.412212801  3560  2.2138e-13  2.1105e-15
lsc0m409-kb98-20220820-0095-e91.fits.fz  59812.018191366  59812.023981714  3560  2.3144e-13  1.2080e-15
coj0m405-kb83-20220821-0051-e91.fits.fz  59812.458502964  59812.464293265  3560  2.0912e-13  8.9978e-16
coj0m405-kb83-20220822-0045-e91.fits.fz  59813.494593820  59813.500384121  3560  1.1863e-13  1.0340e-15
lsc0m409-kb98-20220822-0155-e91.fits.fz  59814.062763704  59814.068554075  3560  9.6891e-14  1.1236e-15
lsc0m409-kb98-20220823-0103-e91.fits.fz  59815.034997825  59815.040788160  3560  1.4549e-13  1.2052e-15
lsc0m409-kb98-20220823-0107-e91.fits.fz  59815.044899804  59815.050690139  3560  2.6577e-13  1.1424e-15
lsc0m409-kb98-20220824-0095-e91.fits.fz  59816.022462871  59816.028253253  3560  2.1397e-13  1.1767e-15
coj0m403-kb23-20220826-0121-e91.fits.fz  59817.430749283  59817.436538993  3560  2.3656e-13  9.8597e-16
coj0m403-kb23-20220827-0081-e91.fits.fz  59818.432975429  59818.438765163  3560  1.7786e-13  8.4432e-16
coj0m405-kb83-20220828-0088-e91.fits.fz  59819.372760151  59819.378550521  3560  1.4997e-13  7.7428e-16
lsc0m409-kb98-20220829-0081-e91.fits.fz  59820.993373392  59820.999163762  3560  1.2221e-13  1.1370e-15
lsc0m409-kb98-20220830-0097-e91.fits.fz  59822.014016922  59822.019807234  3560  1.0358e-13  1.0808e-15
lsc0m409-kb98-20220831-0088-e91.fits.fz  59823.022087292  59823.027877593  3560  1.1408e-13  1.3350e-15
lsc0m409-kb98-20220901-0068-e91.fits.fz  59823.976853739  59823.982644075  3560  1.2222e-13  1.0821e-15
lsc0m409-kb98-20220902-0073-e91.fits.fz  59824.980215568  59824.986005869  3560  1.3554e-13  1.0632e-15
lsc0m409-kb98-20220924-0067-e91.fits.fz  59847.018840093  59847.024630498  3560  1.5829e-13  1.6856e-15
coj0m405-kb83-20220925-0073-e91.fits.fz  59847.379320290  59847.385110648  3560  1.5106e-13  9.4361e-16
lsc0m409-kb98-20220926-0091-e91.fits.fz  59849.014139688  59849.019930035  3560  1.0973e-13  1.7284e-15
lsc0m409-kb98-20220928-0069-e91.fits.fz  59850.988033739  59850.993824109  3560  1.7150e-13  1.5148e-15
lsc0m409-kb98-20220929-0081-e91.fits.fz  59852.002729028  59852.008519330  3560  9.3935e-14  1.4858e-15
coj0m403-kb23-20220930-0074-e91.fits.fz  59852.379930533  59852.385720209  3560  1.1230e-13  7.4728e-16
coj0m405-kb83-20221001-0081-e91.fits.fz  59853.380367952  59853.386158310  3560  1.6329e-13  1.1630e-15
coj0m405-kb83-20221002-0064-e91.fits.fz  59854.378694897  59854.384485151  3560  1.9087e-13  1.1028e-15
coj0m405-kb83-20221003-0069-e91.fits.fz  59855.381591876  59855.387382200  3560  2.5903e-13  1.3978e-15
lsc0m409-kb29-20210514-0216-e91.fits.fz  59349.234298971  59349.234533762  5450  1.6474e-13  6.6810e-16
cpt0m407-kb84-20210516-0131-e91.fits.fz  59350.815219688  59350.815454457  5450  1.6322e-13  5.2377e-16
lsc0m409-kb29-20210516-0224-e91.fits.fz  59351.226340649  59351.226575371  5450  2.3994e-13  6.4992e-16
lsc0m409-kb29-20210517-0170-e91.fits.fz  59352.168785047  59352.169019931  5450  2.8216e-13  8.5629e-16
lsc0m409-kb29-20210518-0202-e91.fits.fz  59353.202045741  59353.202280487  5450  3.3921e-13  1.0243e-15
lsc0m409-kb29-20210521-0267-e91.fits.fz  59356.275937987  59356.276172755  5450  1.5335e-13  7.0965e-16
lsc0m409-kb29-20210522-0173-e91.fits.fz  59357.155522605  59357.155757350  5450  1.3543e-13  7.2348e-16
lsc0m409-kb29-20210523-0154-e91.fits.fz  59358.178500336  59358.178735058  5450  2.4728e-13  7.4385e-16
coj0m403-kb24-20210527-0228-e91.fits.fz  59361.640628102  59361.640862257  5450  2.1022e-13  9.5289e-16
lsc0m412-kb26-20210731-0090-e91.fits.fz  59427.063103160  59427.063337940  5450  1.8721e-13  6.4855e-16
lsc0m409-kb29-20210802-0079-e91.fits.fz  59428.989654723  59428.989889445  5450  2.7050e-13  7.0572e-16
lsc0m412-kb26-20210803-0154-e91.fits.fz  59430.155332304  59430.155567072  5450  1.5536e-13  7.9789e-16
lsc0m409-kb29-20210804-0083-e91.fits.fz  59430.984558554  59430.984793427  5450  2.2608e-13  8.0932e-16
lsc0m412-kb26-20210805-0081-e91.fits.fz  59431.990171424  59431.990406158  5450  1.5772e-13  7.8015e-16
lsc0m412-kb26-20210806-0078-e91.fits.fz  59432.981805024  59432.982039792  5450  2.2670e-13  7.5510e-16
lsc0m412-kb26-20210807-0092-e91.fits.fz  59433.994472362  59433.994707130  5450  2.1513e-13  7.2825e-16
lsc0m412-kb26-20210808-0074-e91.fits.fz  59434.977972860  59434.978207628  5450  1.7617e-13  7.2515e-16
lsc0m412-kb26-20210809-0076-e91.fits.fz  59435.980257906  59435.980492628  5450  1.5962e-13  7.8114e-16
lsc0m409-kb29-20210810-0073-e91.fits.fz  59436.977705371  59436.977940151  5450  2.1262e-13  7.5233e-16
lsc0m409-kb29-20210810-0107-e91.fits.fz  59437.077050846  59437.077285579  5450  2.0146e-13  6.5191e-16
lsc0m412-kb26-20210811-0074-e91.fits.fz  59437.979025475  59437.979260197  5450  2.1411e-13  7.8308e-16
lsc0m409-kb29-20210812-0058-e91.fits.fz  59438.984278565  59438.984513311  5450  1.7162e-13  6.3547e-16
lsc0m409-kb29-20210813-0072-e91.fits.fz  59439.979747883  59439.979982616  5450  1.7147e-13  5.8152e-16
lsc0m409-kb29-20210814-0071-e91.fits.fz  59440.977357084  59440.977591957  5450  2.0804e-13  6.8532e-16
lsc0m409-kb29-20210815-0070-e91.fits.fz  59441.993631771  59441.993866621  5450  1.9032e-13  9.9714e-16
coj0m403-kb24-20210816-0048-e91.fits.fz  59442.423565707  59442.423799862  5450  1.8734e-13  4.8066e-16
coj0m403-kb24-20210816-0051-e91.fits.fz  59442.433952292  59442.434186436  5450  1.9941e-13  5.3187e-16
coj0m403-kb24-20210816-0054-e91.fits.fz  59442.444364723  59442.444598994  5450  1.9523e-13  5.0222e-16
coj0m403-kb24-20210816-0057-e91.fits.fz  59442.454786007  59442.455020267  5450  2.0418e-13  5.3715e-16
coj0m403-kb24-20210816-0062-e91.fits.fz  59442.488388403  59442.488622593  5450  2.1513e-13  6.2542e-16
lsc0m412-kb26-20210816-0068-e91.fits.fz  59442.978962362  59442.979197107  5450  2.1175e-13  8.6489e-16
coj0m403-kb24-20210817-0065-e91.fits.fz  59443.361913774  59443.362148010  5450  2.4681e-13  7.4478e-16
coj0m403-kb24-20210817-0078-e91.fits.fz  59443.415924075  59443.416158299  5450  2.1753e-13  4.6196e-16
coj0m403-kb24-20210817-0083-e91.fits.fz  59443.426334897  59443.426569179  5450  2.1840e-13  4.7894e-16
coj0m403-kb24-20210817-0086-e91.fits.fz  59443.436730857  59443.436965151  5450  2.0636e-13  4.7165e-16
coj0m403-kb24-20210817-0089-e91.fits.fz  59443.447143125  59443.447377257  5450  2.3108e-13  6.5992e-16
lsc0m409-kb29-20210817-0065-e91.fits.fz  59443.979600209  59443.979834943  5450  2.1124e-13  7.5404e-16
coj0m405-kb88-20210818-0065-e91.fits.fz  59444.362297130  59444.362531876  5450  2.1029e-13  3.9607e-16
coj0m403-kb24-20210819-0073-e91.fits.fz  59445.376400984  59445.376635267  5450  1.7962e-13  3.6867e-16
coj0m403-kb24-20210820-0157-e91.fits.fz  59446.459569156  59446.459803357  5450  2.7295e-13  4.3225e-16
lsc0m409-kb29-20210820-0089-e91.fits.fz  59446.995938102  59446.996172859  5450  3.2500e-13  8.3950e-16
lsc0m412-kb26-20210821-0076-e91.fits.fz  59447.985345568  59447.985580359  5450  1.8277e-13  7.7215e-16
lsc0m412-kb26-20210822-0072-e91.fits.fz  59448.987166667  59448.987401436  5450  1.8406e-13  8.0117e-16
lsc0m409-kb29-20210823-0097-e91.fits.fz  59450.005298531  59450.005533241  5450  1.9606e-13  7.7418e-16
lsc0m409-kb29-20210826-0086-e91.fits.fz  59453.005483195  59453.005717941  5450  2.6646e-13  7.3725e-16
lsc0m412-kb26-20210827-0085-e91.fits.fz  59454.005694549  59454.005929271  5450  1.6804e-13  1.1655e-15
lsc0m412-kb26-20210828-0081-e91.fits.fz  59454.996531239  59454.996765973  5450  1.0144e-13  5.6620e-16
lsc0m412-kb26-20210829-0081-e91.fits.fz  59455.994405220  59455.994639989  5450  2.0358e-13  7.1855e-16
lsc0m412-kb26-20210830-0070-e91.fits.fz  59456.995915718  59456.996150463  5450  2.3012e-13  7.6847e-16
lsc0m409-kb29-20210926-0087-e91.fits.fz  59484.019057639  59484.019292396  5450  2.3359e-13  7.6117e-16
lsc0m409-kb29-20210927-0065-e91.fits.fz  59484.988519503  59484.988754271  5450  1.7835e-13  6.1331e-16
lsc0m412-kb26-20210928-0058-e91.fits.fz  59485.988916285  59485.989151089  5450  1.5943e-13  6.8983e-16
lsc0m412-kb26-20210930-0089-e91.fits.fz  59488.013263728  59488.013498496  5450  2.4803e-13  8.6570e-16
lsc0m412-kb26-20211001-0068-e91.fits.fz  59489.006204352  59489.006439109  5450  2.1440e-13  8.4214e-16
lsc0m412-kb26-20211002-0080-e91.fits.fz  59490.008703079  59490.008937848  5450  1.6871e-13  7.1548e-16
lsc0m412-kb26-20211003-0078-e91.fits.fz  59491.001018218  59491.001252940  5450  1.9669e-13  8.1467e-16
lsc0m409-kb29-20220131-0073-e91.fits.fz  59611.374677466  59611.374913727  5450  1.8136e-13  7.5054e-16
lsc0m409-kb29-20220201-0178-e91.fits.fz  59612.310274214  59612.310508982  5450  1.4457e-13  7.7202e-16
lsc0m409-kb29-20220204-0226-e91.fits.fz  59615.299629561  59615.299864445  5450  1.2018e-13  7.0518e-16
cpt0m407-kb87-20220205-0173-e91.fits.fz  59616.048643322  59616.048878125  5450  2.2149e-13  4.5800e-16
cpt0m407-kb87-20220206-0149-e91.fits.fz  59617.049983010  59617.050217790  5450  2.7256e-13  5.0813e-16
lsc0m409-kb29-20220207-0160-e91.fits.fz  59618.291451737  59618.291686471  5450  3.4494e-13  1.1578e-15
cpt0m407-kb87-20220208-0157-e91.fits.fz  59619.047312674  59619.047547454  5450  2.6396e-13  4.8490e-16
cpt0m407-kb87-20220209-0146-e91.fits.fz  59620.037799781  59620.038034549  5450  2.7135e-13  4.6870e-16
lsc0m412-kb26-20220518-0103-e91.fits.fz  59718.370720429  59718.370955186  5450  2.0402e-13  1.1015e-15
lsc0m409-kb29-20220519-0127-e91.fits.fz  59719.036993102  59719.037227824  5450  2.1482e-13  6.6631e-16
lsc0m409-kb29-20220520-0104-e91.fits.fz  59720.115862559  59720.116097350  5450  1.6096e-13  7.6954e-16
lsc0m409-kb29-20220521-0129-e91.fits.fz  59721.055828970  59721.056063727  5450  1.2201e-13  4.7556e-16
lsc0m409-kb29-20220522-0110-e91.fits.fz  59722.026659538  59722.026894237  5450  1.0716e-13  4.7518e-16
lsc0m412-kb26-20220523-0087-e91.fits.fz  59723.023969329  59723.024204086  5450  1.5236e-13  5.7770e-16
lsc0m409-kb29-20220524-0135-e91.fits.fz  59724.086248218  59724.086482940  5450  1.4023e-13  4.4938e-16
lsc0m412-kb26-20220525-0134-e91.fits.fz  59725.047691413  59725.047926181  5450  1.3382e-13  5.3582e-16
lsc0m412-kb26-20220526-0110-e91.fits.fz  59726.015738403  59726.015973172  5450  1.8388e-13  5.7949e-16
lsc0m412-kb26-20220527-0110-e91.fits.fz  59727.013077998  59727.013312767  5450  1.3774e-13  5.0459e-16
lsc0m412-kb26-20220605-0077-e91.fits.fz  59735.981144653  59735.981379410  5450  1.6098e-13  9.3867e-16
lsc0m409-kb29-20220606-0031-e91.fits.fz  59737.010450197  59737.010684896  5450  1.6825e-13  5.3985e-16
lsc0m412-kb26-20220607-0086-e91.fits.fz  59737.975794758  59737.976029503  5450  1.9571e-13  6.0692e-16
lsc0m409-kb29-20220608-0075-e91.fits.fz  59738.975520116  59738.975754850  5450  3.1962e-13  7.1158e-16
lsc0m409-kb29-20220609-0066-e91.fits.fz  59739.970229873  59739.970464619  5450  2.0414e-13  6.0670e-16
lsc0m412-kb26-20220610-0074-e91.fits.fz  59740.969845093  59740.970079862  5450  3.1507e-13  8.4187e-16
lsc0m409-kb29-20220611-0078-e91.fits.fz  59741.967185787  59741.967420591  5450  2.1495e-13  6.6974e-16
cpt1m012-fa06-20220612-0065-e91.fits.fz  59742.712039398  59742.712096945  5450  1.7329e-13  2.4269e-15
lsc1m005-fa15-20220612-0229-e91.fits.fz  59743.135888970  59743.135946517  5450  1.8633e-13  2.9918e-16
lsc1m009-fa04-20220613-0071-e91.fits.fz  59743.961492084  59743.961549827  5450  1.5455e-13  4.1216e-16
lsc1m004-fa03-20220614-0084-e91.fits.fz  59744.987398959  59744.987456505  5450  1.4484e-13  4.5164e-16
coj1m011-fa12-20220615-0170-e91.fits.fz  59745.519214596  59745.519272235  5450  1.8221e-13  2.5264e-16
lsc1m009-fa04-20220615-0110-e91.fits.fz  59746.083774862  59746.083832501  5450  2.2743e-13  3.1250e-16
lsc1m005-fa15-20220615-0133-e91.fits.fz  59746.092543982  59746.092601528  5450  2.3373e-13  3.2836e-16
lsc1m005-fa15-20220615-0135-e91.fits.fz  59746.100308890  59746.100366482  5450  2.3305e-13  3.4811e-16
lsc1m005-fa15-20220615-0137-e91.fits.fz  59746.110894294  59746.110951887  5450  2.3078e-13  3.2822e-16
lsc1m005-fa15-20220615-0141-e91.fits.fz  59746.121309885  59746.121367431  5450  2.3266e-13  3.3457e-16
lsc1m005-fa15-20220615-0157-e91.fits.fz  59746.150562593  59746.150620140  5450  2.2327e-13  3.2352e-16
lsc1m005-fa15-20220615-0159-e91.fits.fz  59746.156557640  59746.156615186  5450  2.2653e-13  3.4112e-16
lsc1m005-fa15-20220615-0161-e91.fits.fz  59746.166981945  59746.167039537  5450  2.2521e-13  3.3090e-16
lsc1m005-fa15-20220615-0165-e91.fits.fz  59746.177469792  59746.177527339  5450  2.2236e-13  3.3452e-16
lsc1m005-fa15-20220615-0170-e91.fits.fz  59746.188056505  59746.188114052  5450  2.1740e-13  3.2217e-16
lsc1m005-fa15-20220615-0178-e91.fits.fz  59746.198321598  59746.198379190  5450  2.2154e-13  3.2723e-16
lsc1m005-fa15-20220615-0180-e91.fits.fz  59746.208646956  59746.208704503  5450  2.2434e-13  3.2534e-16
lsc1m005-fa15-20220615-0182-e91.fits.fz  59746.219055591  59746.219113183  5450  2.2206e-13  3.2417e-16
lsc1m005-fa15-20220615-0184-e91.fits.fz  59746.229484676  59746.229542269  5450  2.3090e-13  3.2786e-16
lsc1m005-fa15-20220615-0186-e91.fits.fz  59746.239895116  59746.239952709  5450  2.2560e-13  3.9175e-16
lsc1m005-fa15-20220615-0188-e91.fits.fz  59746.250314908  59746.250372501  5450  2.2082e-13  4.6021e-16
lsc1m005-fa15-20220615-0190-e91.fits.fz  59746.260722848  59746.260780394  5450  2.1047e-13  7.2900e-16
lsc1m005-fa15-20220615-0192-e91.fits.fz  59746.271168797  59746.271226343  5450  2.1240e-13  4.8803e-16
lsc1m005-fa15-20220615-0194-e91.fits.fz  59746.281560070  59746.281617616  5450  1.9782e-13  3.6048e-16
lsc1m005-fa15-20220615-0196-e91.fits.fz  59746.291980139  59746.292037732  5450  1.9948e-13  4.3774e-16
lsc1m005-fa15-20220615-0198-e91.fits.fz  59746.302397778  59746.302455325  5450  1.8980e-13  3.4515e-16
cpt1m010-fa16-20220616-0066-e91.fits.fz  59746.698573369  59746.698631980  5450  1.5669e-13  4.2340e-16
lsc1m004-fa03-20220616-0064-e91.fits.fz  59747.108093172  59747.108150811  5450  1.6967e-13  3.6021e-16
cpt1m010-fa16-20220617-0202-e91.fits.fz  59747.902525359  59747.902583924  5450  2.7036e-13  4.7985e-16
lsc1m004-fa03-20220618-0119-e91.fits.fz  59749.042401447  59749.042459086  5450  2.1890e-13  3.2837e-16
cpt1m010-fa16-20220619-0058-e91.fits.fz  59749.692774202  59749.692832859  5450  1.4449e-13  4.1762e-16
lsc1m005-fa15-20220619-0065-e91.fits.fz  59749.958243299  59749.958300892  5450  1.5742e-13  1.5229e-15
lsc1m009-fa04-20220620-0058-e91.fits.fz  59750.953126251  59750.953183936  5450  2.2395e-13  3.1722e-16
coj1m011-fa12-20220622-0095-e91.fits.fz  59752.397145614  59752.397203253  5450  2.2725e-13  6.0455e-16
coj1m011-fa12-20220623-0232-e91.fits.fz  59753.666328994  59753.666386586  5450  1.3364e-13  2.2367e-16
coj1m011-fa12-20220624-0219-e91.fits.fz  59754.612773647  59754.612831239  5450  1.5020e-13  2.4223e-16
lsc1m005-fa15-20220624-0114-e91.fits.fz  59755.023014885  59755.023072431  5450  1.5720e-13  5.1347e-16
cpt1m010-fa16-20220625-0211-e91.fits.fz  59755.917168542  59755.917227107  5450  1.6393e-13  3.6801e-16
cpt1m012-fa06-20220626-0188-e91.fits.fz  59756.917083554  59756.917141147  5450  1.4427e-13  3.4607e-16
lsc1m009-fa04-20220627-0034-e91.fits.fz  59758.119615383  59758.119673021  5450  1.5802e-13  3.0005e-16
lsc0m409-kb98-20220731-0071-e91.fits.fz  59792.058082882  59792.058317674  5450  1.3585e-13  3.8796e-16
lsc0m409-kb98-20220801-0080-e91.fits.fz  59792.986393589  59792.986628346  5450  1.1353e-13  3.6236e-16
lsc0m412-kb26-20220802-0065-e91.fits.fz  59793.968048681  59793.968283450  5450  1.5580e-13  5.7944e-16
lsc0m409-kb98-20220803-0090-e91.fits.fz  59795.021952871  59795.022187732  5450  1.4976e-13  3.8871e-16
lsc0m409-kb98-20220804-0067-e91.fits.fz  59795.971055487  59795.971290221  5450  1.2654e-13  3.8719e-16
lsc0m412-kb26-20220805-0065-e91.fits.fz  59796.969149144  59796.969383912  5450  1.3017e-13  6.0559e-16
cpt0m407-kb92-20220806-0103-e91.fits.fz  59797.853977709  59797.854212489  5450  1.0329e-13  6.1206e-16
lsc0m409-kb98-20220807-0054-e91.fits.fz  59798.972131632  59798.972366424  5450  1.4669e-13  5.7854e-16
lsc0m409-kb98-20220808-0082-e91.fits.fz  59799.992363646  59799.992598473  5450  1.4156e-13  5.1736e-16
lsc0m409-kb98-20220809-0074-e91.fits.fz  59800.985376945  59800.985611702  5450  1.6609e-13  5.5160e-16
lsc0m409-kb98-20220809-0119-e91.fits.fz  59801.076975649  59801.077210475  5450  1.5936e-13  6.1708e-16
coj0m403-kb23-20220810-0103-e91.fits.fz  59801.433484538  59801.433718681  5450  1.9545e-13  3.5878e-16
lsc0m412-kb26-20220810-0093-e91.fits.fz  59802.020724236  59802.020958982  5450  1.4173e-13  8.5099e-16
lsc0m409-kb98-20220811-0084-e91.fits.fz  59802.997947142  59802.998181910  5450  1.3981e-13  5.9088e-16
lsc0m412-kb26-20220812-0071-e91.fits.fz  59803.990679850  59803.990914642  5450  1.1218e-13  5.6997e-16
lsc0m412-kb26-20220812-0084-e91.fits.fz  59804.032546077  59804.032780880  5450  1.1887e-13  5.5031e-16
lsc0m409-kb98-20220812-0099-e91.fits.fz  59804.043041922  59804.043276736  5450  1.1521e-13  3.7665e-16
lsc0m412-kb26-20220812-0088-e91.fits.fz  59804.053341147  59804.053575880  5450  1.1739e-13  5.7379e-16
lsc0m409-kb98-20220812-0103-e91.fits.fz  59804.063868785  59804.064103531  5450  1.1888e-13  3.9081e-16
lsc0m409-kb98-20220812-0127-e91.fits.fz  59804.091831632  59804.092066378  5450  1.2515e-13  4.2216e-16
lsc0m412-kb26-20220813-0078-e91.fits.fz  59804.988086957  59804.988321702  5450  1.4557e-13  6.0583e-16
lsc0m409-kb98-20220813-0124-e91.fits.fz  59805.091773739  59805.092008554  5450  1.3490e-13  3.9198e-16
lsc0m412-kb26-20220813-0102-e91.fits.fz  59805.101978831  59805.102213565  5450  1.1968e-13  7.1968e-16
lsc0m409-kb98-20220813-0137-e91.fits.fz  59805.112533669  59805.112768380  5450  1.4185e-13  4.3731e-16
lsc0m409-kb98-20220813-0141-e91.fits.fz  59805.122995533  59805.123230348  5450  1.4647e-13  4.8905e-16
lsc0m412-kb26-20220813-0115-e91.fits.fz  59805.133242165  59805.133476910  5450  1.3784e-13  6.2353e-16
lsc0m409-kb98-20220814-0045-e91.fits.fz  59805.990414121  59805.990649040  5450  1.2877e-13  4.7769e-16
lsc0m409-kb98-20220815-0178-e91.fits.fz  59807.113874121  59807.114108878  5450  9.8585e-14  3.8066e-16
lsc0m412-kb26-20220816-0075-e91.fits.fz  59807.985353924  59807.985588693  5450  7.6518e-14  4.6551e-16
lsc0m409-kb98-20220816-0234-e91.fits.fz  59808.119686551  59808.119921320  5450  7.9051e-14  3.6851e-16
lsc0m412-kb26-20220817-0075-e91.fits.fz  59808.992293125  59808.992527894  5450  9.3520e-14  5.2711e-16
coj0m403-kb23-20220818-0075-e91.fits.fz  59809.371551436  59809.371785626  5450  1.0331e-13  5.6145e-16
coj0m403-kb23-20220818-0155-e91.fits.fz  59809.499796042  59809.500030163  5450  9.0354e-14  2.3354e-16
lsc0m409-kb98-20220818-0099-e91.fits.fz  59810.023624271  59810.023859074  5450  8.6326e-14  3.2109e-16
coj0m403-kb23-20220819-0068-e91.fits.fz  59810.366268716  59810.366502917  5450  8.4518e-14  2.3462e-16
coj0m403-kb23-20220819-0081-e91.fits.fz  59810.388137107  59810.388371239  5450  8.4813e-14  2.4557e-16
coj0m403-kb23-20220819-0085-e91.fits.fz  59810.398589526  59810.398823727  5450  8.4404e-14  2.2839e-16
coj0m403-kb23-20220819-0089-e91.fits.fz  59810.408992871  59810.409227130  5450  8.5392e-14  2.3603e-16
coj0m403-kb23-20220819-0093-e91.fits.fz  59810.419402952  59810.419637246  5450  8.7601e-14  2.4402e-16
lsc0m409-kb98-20220819-0072-e91.fits.fz  59810.988741598  59810.988976401  5450  1.3121e-13  4.2611e-16
coj0m403-kb23-20220820-0041-e91.fits.fz  59811.371216401  59811.371450556  5450  1.3762e-13  2.9961e-16
coj0m405-kb83-20220820-0042-e91.fits.fz  59811.381167790  59811.381402570  5450  1.3031e-13  2.7858e-16
coj0m405-kb83-20220820-0046-e91.fits.fz  59811.391601100  59811.391836019  5450  1.2553e-13  2.8179e-16
coj0m403-kb23-20220820-0076-e91.fits.fz  59811.402058369  59811.402292605  5450  1.2387e-13  4.0523e-16
coj0m403-kb23-20220820-0080-e91.fits.fz  59811.412430684  59811.412664862  5450  1.2672e-13  4.3258e-16
lsc0m409-kb98-20220820-0096-e91.fits.fz  59812.024202419  59812.024437142  5450  1.4704e-13  3.7089e-16
coj0m405-kb83-20220821-0052-e91.fits.fz  59812.464526853  59812.464761644  5450  1.2855e-13  2.5787e-16
coj0m405-kb83-20220822-0046-e91.fits.fz  59813.500610753  59813.500845510  5450  1.0563e-13  2.7502e-16
lsc0m409-kb98-20220822-0156-e91.fits.fz  59814.068783380  59814.069018160  5450  1.0641e-13  3.7163e-16
lsc0m409-kb98-20220823-0104-e91.fits.fz  59815.041020405  59815.041255174  5450  1.7703e-13  4.2606e-16
lsc0m409-kb98-20220823-0108-e91.fits.fz  59815.050928866  59815.051163716  5450  1.8892e-13  4.3606e-16
lsc0m409-kb98-20220824-0096-e91.fits.fz  59816.028483855  59816.028718658  5450  1.3015e-13  3.7309e-16
coj0m403-kb23-20220826-0122-e91.fits.fz  59817.436763415  59817.436997547  5450  1.5456e-13  3.2817e-16
coj0m403-kb23-20220827-0082-e91.fits.fz  59818.438987651  59818.439221829  5450  1.4634e-13  2.9492e-16
coj0m405-kb83-20220828-0089-e91.fits.fz  59819.378773427  59819.379008288  5450  1.0087e-13  2.3120e-16
lsc0m409-kb98-20220829-0082-e91.fits.fz  59820.999392570  59820.999627315  5450  1.0262e-13  3.7349e-16
lsc0m409-kb98-20220830-0098-e91.fits.fz  59822.020028114  59822.020262952  5450  1.1399e-13  3.6617e-16
lsc0m409-kb98-20220831-0089-e91.fits.fz  59823.028094931  59823.028329688  5450  8.7576e-14  3.9423e-16
lsc0m409-kb98-20220901-0069-e91.fits.fz  59823.982867223  59823.983102061  5450  1.1158e-13  3.7894e-16
lsc0m409-kb98-20220902-0074-e91.fits.fz  59824.986244827  59824.986479596  5450  1.2523e-13  4.1788e-16
lsc0m409-kb98-20220909-0069-e91.fits.fz  59831.981398322  59831.981633068  5450  1.3583e-13  5.0503e-16
lsc0m409-kb98-20220910-0066-e91.fits.fz  59832.977631007  59832.977865834  5450  1.2734e-13  4.8826e-16
coj0m405-kb83-20220911-0041-e91.fits.fz  59833.384803889  59833.385038612  5450  1.1590e-13  3.5134e-16
coj0m403-kb23-20220912-0061-e91.fits.fz  59834.370500475  59834.370734653  5450  1.2255e-13  2.8581e-16
coj0m403-kb23-20220913-0068-e91.fits.fz  59835.370229804  59835.370463994  5450  1.6176e-13  3.0896e-16
lsc0m409-kb98-20220915-0069-e91.fits.fz  59837.983228797  59837.983463635  5450  1.7743e-13  8.5273e-16
coj0m403-kb23-20220916-0061-e91.fits.fz  59838.371408287  59838.371642454  5450  1.6570e-13  1.1658e-15
lsc0m409-kb98-20220917-0068-e91.fits.fz  59839.983878750  59839.984113484  5450  1.2471e-13  4.7085e-16
coj0m405-kb83-20220918-0073-e91.fits.fz  59840.376293785  59840.376528600  5450  1.1687e-13  2.5819e-16
lsc0m409-kb98-20220924-0068-e91.fits.fz  59847.024889966  59847.025124792  5450  1.3159e-13  4.3644e-16
coj0m405-kb83-20220925-0074-e91.fits.fz  59847.385344028  59847.385578774  5450  1.0775e-13  2.5668e-16
lsc0m409-kb98-20220926-0092-e91.fits.fz  59849.020152142  59849.020386887  5450  1.2211e-13  6.5326e-16
lsc0m409-kb98-20220928-0070-e91.fits.fz  59850.994049410  59850.994284167  5450  1.0522e-13  3.8130e-16
lsc0m409-kb98-20220929-0082-e91.fits.fz  59852.008746494  59852.008981251  5450  7.4305e-14  3.5664e-16
coj0m403-kb23-20220930-0075-e91.fits.fz  59852.385945336  59852.386179607  5450  9.6398e-14  2.7599e-16
coj0m405-kb83-20221001-0082-e91.fits.fz  59853.386380360  59853.386615116  5450  1.2357e-13  3.2494e-16
coj0m405-kb83-20221002-0065-e91.fits.fz  59854.384712130  59854.384946853  5450  1.2447e-13  2.8887e-16
coj0m405-kb83-20221003-0070-e91.fits.fz  59855.387604653  59855.387839457  5450  1.2606e-13  3.1682e-16
lsc0m409-kb29-20210514-0217-e91.fits.fz  59349.234777211  59349.234896216  7670  1.6569e-13  8.0544e-16
cpt0m407-kb84-20210516-0132-e91.fits.fz  59350.815605244  59350.815724248  7670  1.5881e-13  6.1353e-16
lsc0m409-kb29-20210516-0225-e91.fits.fz  59351.226781853  59351.226900880  7670  2.1432e-13  7.2351e-16
lsc0m409-kb29-20210517-0171-e91.fits.fz  59352.169231656  59352.169350718  7670  2.3712e-13  8.0107e-16
lsc0m409-kb29-20210518-0203-e91.fits.fz  59353.202494526  59353.202613600  7670  2.9283e-13  1.2744e-15
lsc0m409-kb29-20210521-0268-e91.fits.fz  59356.276382211  59356.276501250  7670  1.5583e-13  7.0075e-16
lsc0m409-kb29-20210522-0174-e91.fits.fz  59357.155971945  59357.156090915  7670  1.8264e-13  1.0811e-15
lsc0m409-kb29-20210523-0155-e91.fits.fz  59358.178987825  59358.179106818  7670  2.2348e-13  7.6429e-16
coj0m403-kb24-20210527-0229-e91.fits.fz  59361.641080012  59361.641198484  7670  1.8491e-13  9.3134e-16
lsc0m412-kb26-20210731-0091-e91.fits.fz  59427.063483160  59427.063602177  7670  1.7598e-13  6.8306e-16
lsc0m409-kb29-20210802-0080-e91.fits.fz  59428.990095672  59428.990214676  7670  2.3533e-13  7.4677e-16
lsc0m412-kb26-20210803-0155-e91.fits.fz  59430.155725000  59430.155844040  7670  1.5217e-13  7.9091e-16
lsc0m409-kb29-20210804-0084-e91.fits.fz  59430.984997477  59430.985116459  7670  1.9078e-13  7.1572e-16
lsc0m412-kb26-20210805-0082-e91.fits.fz  59431.990552072  59431.990671089  7670  1.5947e-13  8.1089e-16
lsc0m412-kb26-20210806-0079-e91.fits.fz  59432.982185348  59432.982304376  7670  2.0053e-13  7.5502e-16
lsc0m412-kb26-20210807-0093-e91.fits.fz  59433.994859167  59433.994978195  7670  1.9312e-13  7.8127e-16
lsc0m412-kb26-20210808-0075-e91.fits.fz  59434.978354341  59434.978473369  7670  1.6479e-13  7.2223e-16
lsc0m412-kb26-20210809-0077-e91.fits.fz  59435.980641077  59435.980760105  7670  1.5731e-13  7.6021e-16
lsc0m409-kb29-20210810-0074-e91.fits.fz  59436.978158612  59436.978277640  7670  1.8288e-13  7.4330e-16
lsc0m409-kb29-20210810-0108-e91.fits.fz  59437.077493450  59437.077612489  7670  1.8743e-13  7.2955e-16
lsc0m412-kb26-20210811-0075-e91.fits.fz  59437.979449514  59437.979568531  7670  1.8532e-13  7.4657e-16
lsc0m409-kb29-20210812-0059-e91.fits.fz  59438.984723924  59438.984842929  7670  1.6089e-13  6.8509e-16
lsc0m409-kb29-20210813-0073-e91.fits.fz  59439.980219410  59439.980338403  7670  1.6611e-13  6.5307e-16
lsc0m409-kb29-20210814-0072-e91.fits.fz  59440.977803600  59440.977922581  7670  1.8910e-13  7.5357e-16
lsc0m409-kb29-20210815-0071-e91.fits.fz  59441.994077373  59441.994196482  7670  1.8985e-13  1.7580e-15
coj0m403-kb24-20210816-0049-e91.fits.fz  59442.424035244  59442.424153670  7670  1.7732e-13  5.7847e-16
coj0m403-kb24-20210816-0052-e91.fits.fz  59442.434408728  59442.434527211  7670  1.7346e-13  5.5048e-16
coj0m403-kb24-20210816-0055-e91.fits.fz  59442.444825776  59442.444944202  7670  1.7035e-13  5.7975e-16
coj0m403-kb24-20210816-0058-e91.fits.fz  59442.455245961  59442.455364352  7670  1.8981e-13  5.8281e-16
coj0m403-kb24-20210816-0063-e91.fits.fz  59442.488844792  59442.488963195  7670  2.1509e-13  7.2917e-16
lsc0m412-kb26-20210816-0069-e91.fits.fz  59442.979349526  59442.979468519  7670  1.9664e-13  8.8408e-16
coj0m403-kb24-20210817-0066-e91.fits.fz  59443.362379260  59443.362497663  7670  1.9654e-13  4.4948e-16
coj0m403-kb24-20210817-0079-e91.fits.fz  59443.416376343  59443.416494792  7670  1.9422e-13  5.1445e-16
coj0m403-kb24-20210817-0084-e91.fits.fz  59443.426793577  59443.426912038  7670  1.9823e-13  5.5379e-16
coj0m403-kb24-20210817-0087-e91.fits.fz  59443.437183230  59443.437301714  7670  1.9718e-13  5.6728e-16
coj0m403-kb24-20210817-0090-e91.fits.fz  59443.447602442  59443.447720892  7670  1.9855e-13  5.6523e-16
lsc0m409-kb29-20210817-0066-e91.fits.fz  59443.980046100  59443.980165151  7670  1.8619e-13  7.4932e-16
coj0m405-kb88-20210818-0066-e91.fits.fz  59444.362759827  59444.362878878  7670  1.9941e-13  4.8902e-16
coj0m403-kb24-20210819-0074-e91.fits.fz  59445.376867153  59445.376985602  7670  1.6186e-13  4.1015e-16
coj0m403-kb24-20210820-0158-e91.fits.fz  59446.460036679  59446.460155197  7670  2.3551e-13  4.8534e-16
lsc0m409-kb29-20210820-0090-e91.fits.fz  59446.996377720  59446.996496737  7670  2.5973e-13  7.9381e-16
lsc0m412-kb26-20210821-0077-e91.fits.fz  59447.985727396  59447.985846413  7670  1.6706e-13  7.3658e-16
lsc0m412-kb26-20210822-0073-e91.fits.fz  59448.987551274  59448.987670336  7670  1.7190e-13  8.5484e-16
lsc0m409-kb29-20210823-0098-e91.fits.fz  59450.005741783  59450.005860788  7670  1.8388e-13  9.4221e-16
lsc0m409-kb29-20210826-0087-e91.fits.fz  59453.005927709  59453.006046760  7670  2.2459e-13  7.4902e-16
lsc0m412-kb26-20210827-0086-e91.fits.fz  59454.006080047  59454.006199063  7670  1.6223e-13  1.2371e-15
lsc0m412-kb26-20210828-0082-e91.fits.fz  59454.996939005  59454.997057987  7670  1.2983e-13  7.8644e-16
lsc0m412-kb26-20210829-0082-e91.fits.fz  59455.994850579  59455.994969653  7670  1.8595e-13  7.4071e-16
lsc0m412-kb26-20210830-0071-e91.fits.fz  59456.996299954  59456.996418982  7670  2.0597e-13  7.5303e-16
lsc0m409-kb29-20210924-0059-e91.fits.fz  59481.987714121  59481.987833114  7670  1.9181e-13  7.1253e-16
lsc0m409-kb29-20210925-0084-e91.fits.fz  59483.000773438  59483.000892397  7670  1.6777e-13  6.6661e-16
lsc0m409-kb29-20210926-0088-e91.fits.fz  59484.019503125  59484.019622257  7670  2.0302e-13  7.3477e-16
lsc0m409-kb29-20210927-0066-e91.fits.fz  59484.988963415  59484.989082385  7670  1.7059e-13  6.9539e-16
lsc0m412-kb26-20210928-0059-e91.fits.fz  59485.989297524  59485.989416551  7670  1.5168e-13  7.0321e-16
lsc0m412-kb26-20210930-0090-e91.fits.fz  59488.013649260  59488.013768287  7670  2.1214e-13  8.4941e-16
lsc0m412-kb26-20211001-0069-e91.fits.fz  59489.006581459  59489.006700452  7670  1.9771e-13  8.6389e-16
lsc0m412-kb26-20211002-0081-e91.fits.fz  59490.009121250  59490.009240278  7670  1.5930e-13  7.3745e-16
lsc0m409-kb29-20220131-0074-e91.fits.fz  59611.375162084  59611.375281054  7670  1.6196e-13  8.4587e-16
lsc0m409-kb29-20220201-0179-e91.fits.fz  59612.310726794  59612.310845868  7670  1.4338e-13  8.8883e-16
lsc0m409-kb29-20220204-0227-e91.fits.fz  59615.300080903  59615.300199977  7670  1.2851e-13  7.8081e-16
cpt0m407-kb87-20220205-0174-e91.fits.fz  59616.049027709  59616.049146725  7670  2.0371e-13  5.4906e-16
cpt0m407-kb87-20220206-0150-e91.fits.fz  59617.050369526  59617.050488496  7670  2.4087e-13  5.8071e-16
lsc0m409-kb29-20220207-0161-e91.fits.fz  59618.291903114  59618.292022153  7670  2.6886e-13  1.0605e-15
cpt0m407-kb87-20220208-0158-e91.fits.fz  59619.047695464  59619.047814457  7670  2.2870e-13  5.6859e-16
cpt0m407-kb87-20220209-0147-e91.fits.fz  59620.038185649  59620.038304676  7670  2.4039e-13  5.5555e-16
lsc0m409-kb29-20220519-0128-e91.fits.fz  59719.037433831  59719.037552848  7670  2.0434e-13  8.3562e-16
lsc0m409-kb29-20220520-0105-e91.fits.fz  59720.116318878  59720.116437906  7670  1.6227e-13  9.9208e-16
lsc0m409-kb29-20220521-0130-e91.fits.fz  59721.056261505  59721.056380544  7670  1.2666e-13  5.5544e-16
lsc0m409-kb29-20220522-0111-e91.fits.fz  59722.027107176  59722.027226193  7670  1.2045e-13  6.0455e-16
lsc0m412-kb26-20220523-0088-e91.fits.fz  59723.024384028  59723.024503033  7670  1.5003e-13  5.8108e-16
lsc0m409-kb29-20220524-0136-e91.fits.fz  59724.086705371  59724.086824399  7670  1.4713e-13  5.3492e-16
lsc0m412-kb26-20220525-0135-e91.fits.fz  59725.048089549  59725.048208588  7670  1.3533e-13  5.4011e-16
lsc0m412-kb26-20220526-0111-e91.fits.fz  59726.016118612  59726.016237639  7670  1.7742e-13  5.9238e-16
lsc0m412-kb26-20220527-0111-e91.fits.fz  59727.013476968  59727.013595996  7670  1.4218e-13  5.4876e-16
lsc0m412-kb26-20220605-0078-e91.fits.fz  59735.981520475  59735.981639491  7670  1.5164e-13  1.1650e-15
lsc0m409-kb29-20220606-0032-e91.fits.fz  59737.010892177  59737.011011193  7670  1.5980e-13  6.6870e-16
lsc0m412-kb26-20220607-0087-e91.fits.fz  59737.976180151  59737.976299179  7670  1.9592e-13  7.1171e-16
lsc0m409-kb29-20220608-0076-e91.fits.fz  59738.975977165  59738.976096204  7670  2.5157e-13  7.1849e-16
lsc0m409-kb29-20220609-0067-e91.fits.fz  59739.970676771  59739.970795776  7670  1.8071e-13  6.0041e-16
lsc0m412-kb26-20220610-0075-e91.fits.fz  59740.970229248  59740.970348264  7670  2.4754e-13  7.7696e-16
lsc0m409-kb29-20220611-0079-e91.fits.fz  59741.967623530  59741.967742558  7670  1.8607e-13  6.8472e-16
cpt1m012-fa06-20220612-0066-e91.fits.fz  59742.712500047  59742.712534445  7670  1.6828e-13  2.0223e-15
lsc1m005-fa15-20220612-0230-e91.fits.fz  59743.136350602  59743.136385047  7670  1.6618e-13  2.6824e-16
lsc1m009-fa04-20220613-0072-e91.fits.fz  59743.961967373  59743.962001771  7670  1.4743e-13  3.9596e-16
lsc1m004-fa03-20220614-0085-e91.fits.fz  59744.987862257  59744.987896655  7670  1.3786e-13  5.5413e-16
coj1m011-fa12-20220615-0171-e91.fits.fz  59745.519681251  59745.519715741  7670  1.6685e-13  2.4623e-16
lsc1m009-fa04-20220615-0111-e91.fits.fz  59746.084288346  59746.084322744  7670  2.0490e-13  2.9450e-16
lsc1m005-fa15-20220615-0134-e91.fits.fz  59746.093003334  59746.093037732  7670  2.0249e-13  2.9334e-16
lsc1m005-fa15-20220615-0136-e91.fits.fz  59746.100771297  59746.100805741  7670  2.0341e-13  3.0808e-16
lsc1m005-fa15-20220615-0138-e91.fits.fz  59746.111372350  59746.111406795  7670  1.9949e-13  2.8656e-16
lsc1m005-fa15-20220615-0142-e91.fits.fz  59746.121772570  59746.121807015  7670  2.0047e-13  2.9392e-16
lsc1m005-fa15-20220615-0158-e91.fits.fz  59746.151022790  59746.151057234  7670  1.9529e-13  2.9159e-16
lsc1m005-fa15-20220615-0160-e91.fits.fz  59746.157021297  59746.157055741  7670  1.9660e-13  2.9634e-16
lsc1m005-fa15-20220615-0162-e91.fits.fz  59746.167448797  59746.167483195  7670  1.9321e-13  2.9242e-16
lsc1m005-fa15-20220615-0166-e91.fits.fz  59746.177926274  59746.177960672  7670  1.9227e-13  2.9710e-16
lsc1m005-fa15-20220615-0171-e91.fits.fz  59746.188516181  59746.188550579  7670  1.9140e-13  2.8220e-16
lsc1m005-fa15-20220615-0179-e91.fits.fz  59746.198783230  59746.198817674  7670  1.9620e-13  2.9447e-16
lsc1m005-fa15-20220615-0181-e91.fits.fz  59746.209121448  59746.209155892  7670  1.9141e-13  2.7833e-16
lsc1m005-fa15-20220615-0183-e91.fits.fz  59746.219528276  59746.219562674  7670  1.9572e-13  2.8923e-16
lsc1m005-fa15-20220615-0185-e91.fits.fz  59746.229946818  59746.229981216  7670  1.9861e-13  2.9429e-16
lsc1m005-fa15-20220615-0187-e91.fits.fz  59746.240368820  59746.240403264  7670  1.9990e-13  1.0582e-15
lsc1m005-fa15-20220615-0189-e91.fits.fz  59746.250778392  59746.250812836  7670  1.9039e-13  4.2203e-16
lsc1m005-fa15-20220615-0191-e91.fits.fz  59746.261185220  59746.261219619  7670  1.8026e-13  1.1302e-15
lsc1m005-fa15-20220615-0193-e91.fits.fz  59746.271631031  59746.271665475  7670  1.9098e-13  4.0169e-16
lsc1m005-fa15-20220615-0195-e91.fits.fz  59746.282035579  59746.282069978  7670  1.8070e-13  3.4336e-16
lsc1m005-fa15-20220615-0197-e91.fits.fz  59746.292454584  59746.292489028  7670  1.7698e-13  3.7470e-16
lsc1m005-fa15-20220615-0199-e91.fits.fz  59746.302859954  59746.302894352  7670  1.7068e-13  3.0850e-16
cpt1m010-fa16-20220616-0067-e91.fits.fz  59746.699038739  59746.699074202  7670  1.5219e-13  3.7674e-16
lsc1m004-fa03-20220616-0065-e91.fits.fz  59747.108567292  59747.108601690  7670  1.6278e-13  3.1238e-16
cpt1m010-fa16-20220617-0203-e91.fits.fz  59747.902983091  59747.903018508  7670  2.3222e-13  3.8823e-16
lsc1m004-fa03-20220618-0120-e91.fits.fz  59749.042869873  59749.042904318  7670  1.9187e-13  2.7377e-16
cpt1m010-fa16-20220619-0059-e91.fits.fz  59749.693233843  59749.693269260  7670  1.3959e-13  3.5141e-16
lsc1m005-fa15-20220619-0066-e91.fits.fz  59749.958713901  59749.958748346  7670  1.5773e-13  1.0092e-15
lsc1m009-fa04-20220620-0059-e91.fits.fz  59750.953616493  59750.953650892  7670  1.9718e-13  2.8331e-16
coj1m011-fa12-20220622-0096-e91.fits.fz  59752.397611818  59752.397646262  7670  2.0425e-13  3.1023e-16
coj1m011-fa12-20220623-0233-e91.fits.fz  59753.666796216  59753.666830660  7670  1.2846e-13  2.1785e-16
coj1m011-fa12-20220624-0220-e91.fits.fz  59754.613230718  59754.613265209  7670  1.4655e-13  2.3786e-16
lsc1m005-fa15-20220624-0115-e91.fits.fz  59755.023479376  59755.023513785  7670  1.5347e-13  4.6861e-16
cpt1m010-fa16-20220625-0212-e91.fits.fz  59755.917627570  59755.917663033  7670  1.5778e-13  3.1895e-16
cpt1m012-fa06-20220626-0189-e91.fits.fz  59756.917539387  59756.917573831  7670  1.4329e-13  3.4671e-16
lsc1m009-fa04-20220627-0035-e91.fits.fz  59758.120080336  59758.120114780  7670  1.6856e-13  3.2746e-16
lsc0m409-kb98-20220731-0072-e91.fits.fz  59792.058526887  59792.058645938  7670  1.4438e-13  4.6074e-16
lsc0m409-kb98-20220801-0081-e91.fits.fz  59792.986835672  59792.986954700  7670  1.2609e-13  4.4399e-16
lsc0m412-kb26-20220802-0066-e91.fits.fz  59793.968434260  59793.968553241  7670  1.5534e-13  6.3280e-16
lsc0m409-kb98-20220803-0091-e91.fits.fz  59795.022423438  59795.022542431  7670  1.5182e-13  4.5637e-16
lsc0m409-kb98-20220804-0068-e91.fits.fz  59795.971494376  59795.971613369  7670  1.3202e-13  4.4756e-16
lsc0m412-kb26-20220805-0066-e91.fits.fz  59796.969527385  59796.969646413  7670  1.3713e-13  6.3211e-16
cpt0m407-kb92-20220806-0104-e91.fits.fz  59797.854360012  59797.854479040  7670  1.0569e-13  7.5326e-16
lsc0m409-kb98-20220807-0055-e91.fits.fz  59798.972614815  59798.972733890  7670  1.4804e-13  6.1459e-16
lsc0m409-kb98-20220808-0083-e91.fits.fz  59799.992805822  59799.992924827  7670  1.4186e-13  5.3351e-16
lsc0m409-kb98-20220809-0075-e91.fits.fz  59800.985820058  59800.985939132  7670  1.5568e-13  5.1777e-16
lsc0m409-kb98-20220809-0120-e91.fits.fz  59801.077420915  59801.077539873  7670  1.4196e-13  6.1191e-16
coj0m403-kb23-20220810-0104-e91.fits.fz  59801.433923010  59801.434041447  7670  1.7303e-13  4.0748e-16
lsc0m412-kb26-20220810-0094-e91.fits.fz  59802.021105255  59802.021224260  7670  1.3936e-13  7.5466e-16
lsc0m409-kb98-20220811-0085-e91.fits.fz  59802.998395325  59802.998514318  7670  1.4415e-13  5.6935e-16
lsc0m412-kb26-20220812-0072-e91.fits.fz  59803.991058785  59803.991177802  7670  1.1805e-13  5.7934e-16
lsc0m412-kb26-20220812-0085-e91.fits.fz  59804.032931829  59804.033050869  7670  1.2148e-13  5.5752e-16
lsc0m409-kb98-20220812-0100-e91.fits.fz  59804.043503172  59804.043622211  7670  1.2253e-13  4.5074e-16
lsc0m412-kb26-20220812-0089-e91.fits.fz  59804.053723542  59804.053842547  7670  1.2255e-13  5.7820e-16
lsc0m409-kb98-20220812-0104-e91.fits.fz  59804.064313924  59804.064432929  7670  1.2511e-13  4.6985e-16
lsc0m409-kb98-20220812-0128-e91.fits.fz  59804.092273184  59804.092392188  7670  1.3061e-13  5.1727e-16
lsc0m412-kb26-20220813-0079-e91.fits.fz  59804.988483473  59804.988602489  7670  1.3901e-13  6.0337e-16
lsc0m409-kb98-20220813-0125-e91.fits.fz  59805.092226216  59805.092345290  7670  1.3747e-13  4.6335e-16
lsc0m412-kb26-20220813-0103-e91.fits.fz  59805.102370822  59805.102489850  7670  1.2651e-13  6.9458e-16
lsc0m409-kb98-20220813-0138-e91.fits.fz  59805.113354457  59805.113473473  7670  1.4196e-13  5.6463e-16
lsc0m409-kb98-20220813-0142-e91.fits.fz  59805.123449618  59805.123568658  7670  1.4142e-13  5.6054e-16
lsc0m412-kb26-20220813-0116-e91.fits.fz  59805.133620533  59805.133739526  7670  1.3539e-13  6.2218e-16
lsc0m409-kb98-20220814-0046-e91.fits.fz  59805.990884815  59805.991003889  7670  1.3999e-13  6.8511e-16
lsc0m409-kb98-20220815-0179-e91.fits.fz  59807.114313253  59807.114432234  7670  1.1781e-13  5.1085e-16
lsc0m412-kb26-20220816-0076-e91.fits.fz  59807.985745035  59807.985864040  7670  1.0003e-13  5.6830e-16
lsc0m409-kb98-20220816-0235-e91.fits.fz  59808.120127894  59808.120246922  7670  9.4666e-14  4.1391e-16
coj0m403-kb23-20220817-0010-e91.fits.fz  59808.460092026  59808.460210498  7670  1.2548e-13  2.8160e-15
lsc0m412-kb26-20220817-0076-e91.fits.fz  59808.992685475  59808.992804526  7670  1.1075e-13  6.0416e-16
coj0m403-kb23-20220818-0076-e91.fits.fz  59809.371994584  59809.372113021  7670  1.0456e-13  3.2833e-16
coj0m403-kb23-20220818-0156-e91.fits.fz  59809.500235579  59809.500354029  7670  1.0918e-13  3.2494e-16
lsc0m409-kb98-20220818-0100-e91.fits.fz  59810.024077871  59810.024196876  7670  1.0667e-13  4.1958e-16
coj0m403-kb23-20220819-0069-e91.fits.fz  59810.366713045  59810.366831482  7670  1.0307e-13  3.2826e-16
coj0m403-kb23-20220819-0082-e91.fits.fz  59810.388581204  59810.388699595  7670  1.0611e-13  3.5056e-16
coj0m403-kb23-20220819-0086-e91.fits.fz  59810.399033531  59810.399151991  7670  1.0383e-13  3.1300e-16
coj0m403-kb23-20220819-0090-e91.fits.fz  59810.409436586  59810.409555035  7670  1.0411e-13  3.1083e-16
coj0m403-kb23-20220819-0094-e91.fits.fz  59810.419849596  59810.419968102  7670  1.0406e-13  3.1319e-16
lsc0m409-kb98-20220819-0073-e91.fits.fz  59810.989184491  59810.989303565  7670  1.3860e-13  5.5599e-16
coj0m403-kb23-20220820-0042-e91.fits.fz  59811.371655741  59811.371774179  7670  1.4456e-13  4.1059e-16
coj0m405-kb83-20220820-0043-e91.fits.fz  59811.381613635  59811.381732628  7670  1.3627e-13  3.7055e-16
coj0m405-kb83-20220820-0047-e91.fits.fz  59811.392055174  59811.392174191  7670  1.3252e-13  3.6497e-16
coj0m403-kb23-20220820-0077-e91.fits.fz  59811.402497871  59811.402616308  7670  1.3122e-13  5.1297e-16
coj0m403-kb23-20220820-0081-e91.fits.fz  59811.412882686  59811.413001065  7670  1.3029e-13  5.0333e-16
lsc0m409-kb98-20220820-0097-e91.fits.fz  59812.024636956  59812.024756065  7670  1.4767e-13  4.4021e-16
coj0m405-kb83-20220821-0053-e91.fits.fz  59812.464971980  59812.465091042  7670  1.3341e-13  3.3152e-16
coj0m405-kb83-20220822-0047-e91.fits.fz  59813.501047223  59813.501166193  7670  1.1938e-13  3.5672e-16
lsc0m409-kb98-20220822-0157-e91.fits.fz  59814.069223380  59814.069342396  7670  1.2475e-13  5.2295e-16
lsc0m409-kb98-20220823-0105-e91.fits.fz  59815.041469931  59815.041588982  7670  1.7227e-13  5.0660e-16
lsc0m409-kb98-20220823-0109-e91.fits.fz  59815.051370220  59815.051489225  7670  1.7088e-13  5.1192e-16
lsc0m409-kb98-20220824-0097-e91.fits.fz  59816.028937940  59816.029056957  7670  1.3529e-13  4.6265e-16
coj0m403-kb23-20220826-0123-e91.fits.fz  59817.437200684  59817.437319075  7670  1.4819e-13  3.9660e-16
coj0m403-kb23-20220827-0083-e91.fits.fz  59818.439429699  59818.439548125  7670  1.5678e-13  4.7365e-16
coj0m405-kb83-20220828-0090-e91.fits.fz  59819.379214815  59819.379333855  7670  1.1673e-13  3.2854e-16
lsc0m409-kb98-20220829-0083-e91.fits.fz  59820.999883276  59821.000002338  7670  1.1661e-13  4.4205e-16
lsc0m409-kb98-20220830-0099-e91.fits.fz  59822.020468207  59822.020587246  7670  1.2282e-13  4.5448e-16
lsc0m409-kb98-20220831-0090-e91.fits.fz  59823.028542616  59823.028661633  7670  9.9241e-14  4.4140e-16
lsc0m409-kb98-20220901-0070-e91.fits.fz  59823.983348415  59823.983467419  7670  1.2309e-13  4.6063e-16
lsc0m409-kb98-20220902-0075-e91.fits.fz  59824.986693461  59824.986812466  7670  1.3039e-13  5.0779e-16
lsc0m409-kb98-20220909-0070-e91.fits.fz  59831.981844503  59831.981963635  7670  1.2805e-13  5.1427e-16
lsc0m409-kb98-20220910-0067-e91.fits.fz  59832.978073253  59832.978192362  7670  1.2193e-13  5.3151e-16
coj0m405-kb83-20220911-0042-e91.fits.fz  59833.385252049  59833.385371054  7670  1.1863e-13  4.4648e-16
coj0m403-kb23-20220912-0062-e91.fits.fz  59834.370942605  59834.371061031  7670  1.2720e-13  3.7213e-16
coj0m403-kb23-20220913-0069-e91.fits.fz  59835.370671447  59835.370789931  7670  1.5473e-13  3.7758e-16
lsc0m409-kb98-20220915-0070-e91.fits.fz  59837.983676077  59837.983795116  7670  1.5452e-13  1.0229e-15
coj0m403-kb23-20220916-0062-e91.fits.fz  59838.371847975  59838.371966447  7670  1.4954e-13  1.6610e-15
lsc0m409-kb98-20220917-0069-e91.fits.fz  59839.984326737  59839.984445776  7670  1.2322e-13  5.2546e-16
coj0m405-kb83-20220918-0074-e91.fits.fz  59840.376728160  59840.376847119  7670  1.2741e-13  3.5902e-16
lsc0m409-kb98-20220924-0069-e91.fits.fz  59847.025326887  59847.025446019  7670  1.4202e-13  5.1464e-16
coj0m405-kb83-20220925-0075-e91.fits.fz  59847.385786795  59847.385905857  7670  1.2166e-13  3.3590e-16
lsc0m409-kb98-20220926-0093-e91.fits.fz  59849.020586378  59849.020705383  7670  1.2943e-13  7.6407e-16
lsc0m409-kb98-20220928-0071-e91.fits.fz  59850.994491193  59850.994610220  7670  1.2405e-13  4.8559e-16
lsc0m409-kb98-20220929-0083-e91.fits.fz  59852.009188079  59852.009307107  7670  9.2503e-14  4.2997e-16
coj0m403-kb23-20220930-0076-e91.fits.fz  59852.386403311  59852.386521748  7670  1.1358e-13  3.6455e-16
coj0m405-kb83-20221001-0083-e91.fits.fz  59853.386826702  59853.386945776  7670  1.3895e-13  4.3437e-16
coj0m405-kb83-20221002-0066-e91.fits.fz  59854.385155614  59854.385274607  7670  1.3744e-13  3.8159e-16
coj0m405-kb83-20221003-0071-e91.fits.fz  59855.388047941  59855.388167015  7670  1.3778e-13  4.1688e-16
