;File (Wave in A; Flux in erg/s/cm2/A)   MJD_start        MJD_end          Wave  Flux        Unc       
ogg0m404-kb82-20200828-0206-e91.fits.fz  59090.614642304  59090.614988890  5450  1.2208e-14  9.9926e-17
coj0m403-kb28-20200829-0168-e91.fits.fz  59090.756220405  59090.756570857  5450  1.2789e-14  1.9062e-16
ogg0m406-kb27-20200829-0184-e91.fits.fz  59091.598810140  59091.599156656  5450  1.1829e-14  1.7360e-16
coj0m403-kb28-20200830-0191-e91.fits.fz  59091.753376795  59091.753727211  5450  1.2593e-14  1.4437e-16
coj0m405-kb56-20200831-0165-e91.fits.fz  59092.750546031  59092.750896528  5450  1.4423e-14  2.1485e-16
coj0m403-kb28-20200831-0151-e91.fits.fz  59092.754561135  59092.754911482  5450  1.4444e-14  1.5102e-16
coj0m405-kb56-20200831-0183-e91.fits.fz  59092.792210544  59092.792561019  5450  1.5854e-14  2.1670e-16
ogg0m404-kb82-20200831-0175-e91.fits.fz  59093.596608218  59093.596954700  5450  1.5264e-14  1.2846e-16
coj0m403-kb28-20200901-0147-e91.fits.fz  59093.748037246  59093.748387686  5450  1.4750e-14  2.2148e-16
ogg0m406-kb27-20200901-0403-e91.fits.fz  59094.598726702  59094.599073183  5450  1.3218e-14  1.2249e-16
coj0m403-kb28-20200902-0146-e91.fits.fz  59094.748205417  59094.748555765  5450  1.2225e-14  2.5272e-16
ogg0m404-kb82-20200916-0355-e91.fits.fz  59109.615088693  59109.615435209  5450  9.8664e-15  9.2675e-17
coj0m405-kb56-20200917-0119-e91.fits.fz  59109.703425880  59109.703776378  5450  1.0261e-14  1.6449e-16
coj0m405-kb56-20200918-0083-e91.fits.fz  59110.755323461  59110.755673924  5450  1.1019e-14  3.3959e-16
ogg0m404-kb82-20200919-0065-e91.fits.fz  59112.540769283  59112.541115753  5450  1.0590e-14  1.4070e-16
ogg0m404-kb82-20200920-0207-e91.fits.fz  59113.565434942  59113.565781401  5450  1.1643e-14  1.4746e-16
cpt0m407-kb84-20200924-0107-e91.fits.fz  59117.046627836  59117.046978369  5450  1.1637e-14  1.6709e-16
tfn0m414-kb81-20200930-0174-e91.fits.fz  59123.134724665  59123.135075174  5450  1.1177e-14  2.4394e-16
coj0m405-kb56-20201001-0190-e91.fits.fz  59123.667386459  59123.667738484  5450  1.0615e-14  1.6616e-16
lsc0m409-kb29-20201115-0123-e91.fits.fz  59169.153416007  59169.153766482  5450  4.1789e-14  2.1581e-16
lsc0m409-kb29-20201116-0185-e91.fits.fz  59170.149940903  59170.150291413  5450  3.1123e-14  2.7368e-16
ogg0m406-kb27-20201116-0093-e91.fits.fz  59170.438379549  59170.438726123  5450  2.8397e-14  1.4363e-16
cpt0m407-kb84-20201117-0234-e91.fits.fz  59170.983507095  59170.983857593  5450  2.5670e-14  6.1575e-16
elp0m411-kb92-20201117-0321-e91.fits.fz  59171.438526471  59171.438876922  5450  2.8230e-14  1.9919e-16
lsc0m412-kb26-20201118-0165-e91.fits.fz  59172.148748693  59172.149099167  5450  3.4604e-14  2.7842e-16
ogg0m406-kb27-20201118-0123-e91.fits.fz  59172.438661008  59172.439009017  5450  3.1537e-14  1.5437e-16
cpt0m407-kb84-20201119-0281-e91.fits.fz  59172.983519711  59172.983870209  5450  3.0788e-14  2.3673e-16
ogg0m406-kb27-20201119-0120-e91.fits.fz  59173.438381644  59173.438728195  5450  2.6550e-14  1.5402e-16
cpt0m407-kb84-20201120-0201-e91.fits.fz  59173.983478380  59173.983828855  5450  2.5464e-14  2.6103e-16
elp0m411-kb92-20201120-0327-e91.fits.fz  59174.438363727  59174.438714225  5450  2.6021e-14  1.6639e-16
cpt0m407-kb84-20201121-0252-e91.fits.fz  59174.983517859  59174.983868368  5450  1.9958e-14  9.1953e-16
elp0m411-kb92-20201121-0272-e91.fits.fz  59175.438401123  59175.438751632  5450  2.2092e-14  1.8008e-16
tfn0m410-kb98-20201122-0052-e91.fits.fz  59176.204009838  59176.204360371  5450  3.6203e-14  4.7955e-16
coj0m405-kb56-20201123-0094-e91.fits.fz  59176.648605047  59176.648955591  5450  3.9819e-14  2.2235e-16
tfn0m414-kb81-20201123-0165-e91.fits.fz  59176.986663890  59176.987014364  5450  4.1435e-14  6.4662e-16
elp0m411-kb92-20201123-0753-e91.fits.fz  59177.438375140  59177.438725603  5450  3.8812e-14  2.0592e-16
tfn0m410-kb98-20201124-0086-e91.fits.fz  59177.983896366  59177.984246852  5450  3.7548e-14  5.3965e-16
ogg0m406-kb27-20201124-0037-e91.fits.fz  59178.438378890  59178.438725359  5450  2.6013e-14  1.5715e-16
cpt0m407-kb84-20201125-0167-e91.fits.fz  59179.038364028  59179.038714526  5450  1.7479e-14  1.3591e-16
ogg0m406-kb27-20201125-0047-e91.fits.fz  59179.438326135  59179.438672732  5450  2.2599e-14  1.4570e-16
coj0m403-kb24-20201126-0142-e91.fits.fz  59179.671511320  59179.671861308  5450  1.9312e-14  1.5759e-16
ogg0m404-kb82-20201126-0107-e91.fits.fz  59180.493289723  59180.493636308  5450  2.2144e-14  1.6631e-16
cpt0m407-kb84-20201127-0116-e91.fits.fz  59180.866654734  59180.867005209  5450  2.9114e-14  4.5003e-16
cpt0m407-kb84-20201127-0162-e91.fits.fz  59180.940622524  59180.940972987  5450  3.1383e-14  4.0033e-16
coj0m405-kb56-20201128-0194-e91.fits.fz  59181.718218056  59181.718568600  5450  3.2448e-14  4.2488e-16
cpt0m407-kb84-20201128-0128-e91.fits.fz  59181.877496690  59181.877847165  5450  3.1392e-14  8.6522e-16
ogg0m406-kb27-20201128-0093-e91.fits.fz  59182.496046285  59182.496392882  5450  3.3861e-14  1.7561e-16
tfn0m410-kb98-20201129-0088-e91.fits.fz  59182.974858623  59182.975209225  5450  3.0463e-14  5.0516e-16
lsc0m412-kb26-20201129-0159-e91.fits.fz  59183.273833681  59183.274184132  5450  2.8896e-14  3.3267e-16
coj0m403-kb24-20201130-0106-e91.fits.fz  59183.510670475  59183.511020475  5450  2.4102e-14  2.0487e-16
coj0m403-kb24-20201130-0112-e91.fits.fz  59183.521078068  59183.521427998  5450  2.3029e-14  2.3004e-16
coj0m405-kb56-20201130-0128-e91.fits.fz  59183.526604769  59183.526955336  5450  2.4895e-14  2.7640e-16
coj0m403-kb24-20201130-0123-e91.fits.fz  59183.537029017  59183.537379005  5450  2.3564e-14  1.7986e-16
coj0m403-kb24-20201130-0133-e91.fits.fz  59183.552328843  59183.552678751  5450  2.2284e-14  4.0974e-16
coj0m403-kb24-20201130-0135-e91.fits.fz  59183.557756366  59183.558106274  5450  2.3843e-14  2.0619e-16
coj0m403-kb24-20201130-0144-e91.fits.fz  59183.568201806  59183.568551806  5450  2.3209e-14  2.0343e-16
coj0m403-kb24-20201130-0146-e91.fits.fz  59183.578599248  59183.578949202  5450  2.3544e-14  1.9876e-16
coj0m403-kb24-20201130-0158-e91.fits.fz  59183.594179480  59183.594530915  5450  2.1955e-14  3.3758e-16
coj0m403-kb24-20201130-0160-e91.fits.fz  59183.599421621  59183.599771493  5450  2.2536e-14  3.1571e-16
coj0m403-kb24-20201130-0164-e91.fits.fz  59183.609858936  59183.610208889  5450  2.3065e-14  1.9411e-16
coj0m403-kb24-20201130-0166-e91.fits.fz  59183.620258855  59183.620608866  5450  2.2788e-14  1.6905e-16
coj0m403-kb24-20201130-0168-e91.fits.fz  59183.630678045  59183.631028021  5450  2.2373e-14  1.8343e-16
coj0m403-kb24-20201130-0172-e91.fits.fz  59183.642479075  59183.642829063  5450  2.2410e-14  1.7916e-16
coj0m403-kb24-20201130-0183-e91.fits.fz  59183.653776783  59183.654126702  5450  2.1380e-14  1.3845e-16
coj0m403-kb24-20201130-0185-e91.fits.fz  59183.661923079  59183.662272998  5450  2.1427e-14  1.4795e-16
cpt0m407-kb84-20201130-0109-e91.fits.fz  59183.841248658  59183.841599167  5450  2.0471e-14  2.1920e-16
cpt0m407-kb84-20201130-0115-e91.fits.fz  59183.847383866  59183.847734398  5450  1.9372e-14  2.1452e-16
cpt0m407-kb84-20201130-0119-e91.fits.fz  59183.857771147  59183.858121656  5450  1.9444e-14  2.1522e-16
cpt0m407-kb84-20201130-0125-e91.fits.fz  59183.868241772  59183.868592269  5450  1.9526e-14  2.2470e-16
cpt0m407-kb84-20201130-0136-e91.fits.fz  59183.879462639  59183.879813125  5450  2.0274e-14  2.0323e-16
cpt0m407-kb84-20201130-0142-e91.fits.fz  59183.889140070  59183.889490579  5450  2.1007e-14  2.1815e-16
cpt0m407-kb84-20201130-0144-e91.fits.fz  59183.899428322  59183.899778785  5450  1.9454e-14  2.0440e-16
cpt0m407-kb84-20201130-0146-e91.fits.fz  59183.909844433  59183.910194896  5450  2.0075e-14  2.0582e-16
cpt0m407-kb84-20201130-0152-e91.fits.fz  59183.920321482  59183.920671992  5450  1.9724e-14  2.1548e-16
cpt0m407-kb84-20201130-0154-e91.fits.fz  59183.930682964  59183.931033508  5450  1.9605e-14  1.9991e-16
cpt0m407-kb84-20201130-0165-e91.fits.fz  59183.951589827  59183.951940336  5450  2.1000e-14  2.2004e-16
cpt0m407-kb84-20201130-0171-e91.fits.fz  59183.963039144  59183.963389653  5450  2.0064e-14  2.1078e-16
tfn0m414-kb81-20201130-0203-e91.fits.fz  59183.982844966  59183.983195545  5450  2.0200e-14  7.4763e-16
tfn0m414-kb81-20201130-0205-e91.fits.fz  59183.993175892  59183.993526401  5450  1.8978e-14  7.4759e-16
tfn0m414-kb81-20201130-0207-e91.fits.fz  59184.003586412  59184.003936864  5450  1.7955e-14  1.0963e-15
cpt0m407-kb84-20201130-0192-e91.fits.fz  59184.042576528  59184.042927037  5450  2.0778e-14  1.9867e-16
tfn0m414-kb81-20201130-0262-e91.fits.fz  59184.048849688  59184.049200243  5450  2.2703e-14  6.5306e-16
tfn0m410-kb98-20201130-0313-e91.fits.fz  59184.051615290  59184.051965926  5450  2.1312e-14  6.7443e-16
cpt0m407-kb84-20201130-0194-e91.fits.fz  59184.062004017  59184.062354491  5450  2.1003e-14  2.0324e-16
cpt0m407-kb84-20201130-0196-e91.fits.fz  59184.069566621  59184.069917119  5450  2.0632e-14  2.0916e-16
cpt0m407-kb84-20201130-0198-e91.fits.fz  59184.075954699  59184.076305243  5450  2.0627e-14  2.2761e-16
cpt0m407-kb84-20201130-0200-e91.fits.fz  59184.079985487  59184.080335996  5450  2.0726e-14  2.4244e-16
lsc0m412-kb26-20201130-0118-e91.fits.fz  59184.109495463  59184.109845984  5450  2.1469e-14  3.2850e-16
lsc0m409-kb29-20201130-0137-e91.fits.fz  59184.114974202  59184.115324735  5450  2.1167e-14  2.3333e-16
lsc0m409-kb29-20201130-0144-e91.fits.fz  59184.125345533  59184.125696030  5450  2.0928e-14  2.2552e-16
lsc0m409-kb29-20201130-0150-e91.fits.fz  59184.135658797  59184.136009295  5450  2.1470e-14  2.3289e-16
lsc0m409-kb29-20201130-0156-e91.fits.fz  59184.146192003  59184.146542547  5450  2.1376e-14  2.3558e-16
lsc0m409-kb29-20201201-0127-e91.fits.fz  59185.114725961  59185.115076436  5450  3.4411e-14  2.5488e-16
lsc0m412-kb26-20201201-0157-e91.fits.fz  59185.177085220  59185.177435730  5450  3.6821e-14  3.8575e-16
coj0m403-kb24-20201202-0199-e91.fits.fz  59185.684262929  59185.684612894  5450  3.3309e-14  1.5962e-16
lsc0m412-kb26-20201202-0165-e91.fits.fz  59186.278439908  59186.278790417  5450  2.5435e-14  2.9081e-16
ogg0m404-kb82-20201202-0138-e91.fits.fz  59186.402549827  59186.402896297  5450  2.4099e-14  1.2299e-16
lsc0m412-kb26-20201203-0129-e91.fits.fz  59187.162800857  59187.163151378  5450  2.4195e-14  2.4566e-16
ogg0m406-kb27-20201203-0150-e91.fits.fz  59187.379473727  59187.379820382  5450  2.4241e-14  1.4203e-16
ogg0m406-kb27-20201203-0188-e91.fits.fz  59187.583499584  59187.583846123  5450  2.2205e-14  2.4233e-16
ogg0m406-kb27-20201204-0177-e91.fits.fz  59188.481981401  59188.482327917  5450  2.5115e-14  1.4559e-16
ogg0m406-kb27-20201204-0215-e91.fits.fz  59188.583560116  59188.583906690  5450  2.5328e-14  1.6576e-16
tfn0m410-kb98-20201205-0098-e91.fits.fz  59189.038350845  59189.038701354  5450  1.7627e-14  2.7345e-16
ogg0m406-kb27-20201205-0256-e91.fits.fz  59189.583524630  59189.583871251  5450  1.8449e-14  1.3120e-16
tfn0m410-kb98-20201206-0114-e91.fits.fz  59190.038351748  59190.038702315  5450  1.9014e-14  3.2280e-16
ogg0m406-kb27-20201206-0236-e91.fits.fz  59190.583476991  59190.583823508  5450  1.6690e-14  1.2428e-16
tfn0m410-kb98-20201207-0185-e91.fits.fz  59191.038362292  59191.038712917  5450  1.9810e-14  2.8139e-16
coj0m403-kb24-20201208-0144-e91.fits.fz  59191.583452107  59191.583801980  5450  2.6501e-14  1.3342e-16
cpt0m407-kb84-20201208-0212-e91.fits.fz  59192.041815047  59192.042165568  5450  2.6943e-14  1.6215e-16
coj0m403-kb24-20201209-0167-e91.fits.fz  59192.587043867  59192.587393867  5450  1.6136e-14  3.7204e-16
lsc0m409-kb29-20201209-0102-e91.fits.fz  59193.084972142  59193.085322616  5450  2.0888e-14  1.7655e-16
cpt0m407-kb84-20201210-0139-e91.fits.fz  59193.892292767  59193.892643276  5450  1.8578e-14  2.2875e-16
tfn0m410-kb98-20201210-0178-e91.fits.fz  59194.038432883  59194.038783438  5450  1.8698e-14  2.7453e-16
lsc0m412-kb26-20201211-0099-e91.fits.fz  59195.094775463  59195.095125973  5450  1.9559e-14  2.4794e-16
tfn0m410-kb98-20201211-0049-e91.fits.fz  59195.163385174  59195.163735660  5450  1.8218e-14  2.6494e-16
tfn0m414-kb81-20201212-0094-e91.fits.fz  59196.073170903  59196.073521470  5450  1.9618e-14  2.2727e-16
lsc0m412-kb26-20201212-0090-e91.fits.fz  59196.077481702  59196.077832200  5450  2.1137e-14  2.4101e-16
cpt0m407-kb84-20201213-0169-e91.fits.fz  59197.038546030  59197.038896493  5450  1.4933e-14  1.3806e-16
lsc0m412-kb26-20201213-0156-e91.fits.fz  59197.178523739  59197.178874248  5450  1.4199e-14  2.1814e-16
ogg0m404-kb82-20201214-0138-e91.fits.fz  59198.327468565  59198.327815093  5450  1.6703e-14  5.3103e-16
lsc0m412-kb26-20210222-0059-e91.fits.fz  59268.017519260  59268.017869815  5450  4.7743e-14  3.7366e-16
lsc0m409-kb29-20210223-0061-e91.fits.fz  59269.016467882  59269.016818322  5450  4.3061e-14  2.5765e-16
lsc0m412-kb26-20210224-0061-e91.fits.fz  59270.015074943  59270.015425452  5450  4.4133e-14  3.4834e-16
lsc0m409-kb29-20210225-0062-e91.fits.fz  59271.109230660  59271.109581170  5450  4.9625e-14  4.0415e-16
lsc0m412-kb26-20210226-0062-e91.fits.fz  59272.016847952  59272.017198449  5450  4.5709e-14  3.8280e-16
lsc0m412-kb26-20210227-0066-e91.fits.fz  59273.010566656  59273.010917153  5450  3.2395e-14  3.2048e-16
lsc0m412-kb26-20210228-0062-e91.fits.fz  59274.013517026  59274.013867500  5450  4.2097e-14  3.5832e-16
lsc0m412-kb26-20210301-0068-e91.fits.fz  59275.014045070  59275.014395579  5450  4.3083e-14  3.8151e-16
lsc0m412-kb26-20210302-0068-e91.fits.fz  59276.011088866  59276.011439352  5450  3.9433e-14  3.6492e-16
lsc0m412-kb26-20210303-0066-e91.fits.fz  59277.014382420  59277.014734364  5450  4.2896e-14  3.5748e-16
lsc0m412-kb26-20210809-0187-e91.fits.fz  59436.389121320  59436.389471876  5450  4.4138e-14  3.8848e-16
lsc0m409-kb29-20210810-0249-e91.fits.fz  59437.386366216  59437.386716772  5450  3.0537e-14  2.6807e-16
lsc0m412-kb26-20210811-0217-e91.fits.fz  59438.383729399  59438.384079896  5450  3.0292e-14  3.7302e-16
lsc0m409-kb29-20210812-0213-e91.fits.fz  59439.380928183  59439.381278751  5450  3.6905e-14  2.8972e-16
lsc0m409-kb29-20210813-0256-e91.fits.fz  59440.378190498  59440.378541100  5450  4.1547e-14  2.8162e-16
ogg0m406-kb27-20210814-0195-e91.fits.fz  59441.612491320  59441.612837882  5450  4.3662e-14  1.8332e-16
tfn0m410-kb98-20210815-0266-e91.fits.fz  59442.233180012  59442.233530591  5450  4.6677e-14  3.4178e-16
tfn0m410-kb98-20210816-0246-e91.fits.fz  59443.228596355  59443.228946934  5450  4.3076e-14  3.1425e-16
tfn0m410-kb98-20210817-0579-e91.fits.fz  59444.225278218  59444.225628820  5450  4.6093e-14  2.9207e-16
tfn0m410-kb98-20210818-0230-e91.fits.fz  59445.222530035  59445.222880568  5450  3.0845e-14  2.3849e-16
ogg0m406-kb27-20211122-0188-e91.fits.fz  59541.582002281  59541.582348751  5450  2.6158e-14  1.5835e-16
lsc0m412-kb26-20211124-0153-e91.fits.fz  59543.131251598  59543.131602107  5450  1.2508e-14  3.2485e-16
lsc0m409-kb29-20211125-0177-e91.fits.fz  59544.151185221  59544.151535684  5450  1.5521e-14  2.2345e-16
ogg0m404-kb82-20211126-0165-e91.fits.fz  59545.355702802  59545.356049306  5450  2.7139e-14  1.2930e-16
lsc0m409-kb29-20211127-0134-e91.fits.fz  59546.121688114  59546.122038542  5450  3.6731e-14  2.9359e-16
lsc0m409-kb29-20211128-0135-e91.fits.fz  59547.115600926  59547.115951482  5450  2.7702e-14  2.5604e-16
cpt0m407-kb87-20211129-0195-e91.fits.fz  59548.006014688  59548.006365186  5450  3.1737e-14  1.7327e-16
cpt0m407-kb87-20211130-0186-e91.fits.fz  59549.010380070  59549.010730545  5450  3.8514e-14  1.6803e-16
lsc0m409-kb29-20211201-0125-e91.fits.fz  59550.107415614  59550.107766112  5450  4.4088e-14  3.0806e-16
lsc0m409-kb29-20211228-0069-e91.fits.fz  59577.080756690  59577.081107188  5450  2.2291e-14  2.4890e-16
cpt0m407-kb87-20211229-0127-e91.fits.fz  59577.955356123  59577.955706621  5450  2.3273e-14  1.9450e-16
cpt0m407-kb87-20211230-0138-e91.fits.fz  59578.960795325  59578.961145822  5450  2.2348e-14  1.4166e-16
cpt0m407-kb87-20211231-0134-e91.fits.fz  59579.955037651  59579.955388160  5450  2.8010e-14  1.3421e-16
lsc0m409-kb29-20220101-0057-e91.fits.fz  59581.034377651  59581.034728206  5450  1.8798e-14  2.8873e-16
cpt0m407-kb87-20220102-0120-e91.fits.fz  59581.959031320  59581.959381806  5450  1.9171e-14  1.2823e-16
cpt0m407-kb87-20220103-0056-e91.fits.fz  59582.961671725  59582.962022269  5450  1.9892e-14  1.3013e-16
cpt0m407-kb87-20220104-0187-e91.fits.fz  59583.955071158  59583.955421667  5450  2.1875e-14  1.3683e-16
cpt0m407-kb87-20220105-0189-e91.fits.fz  59584.955048751  59584.955399271  5450  2.2439e-14  1.6458e-16
cpt0m407-kb87-20220106-0136-e91.fits.fz  59585.959938056  59585.960288566  5450  2.3450e-14  1.5646e-16
tfn0m414-kb95-20220107-0142-e91.fits.fz  59586.970024074  59586.970374480  5450  2.7588e-14  1.3189e-16
tfn0m414-kb95-20220108-0080-e91.fits.fz  59587.861844873  59587.862195267  5450  2.5096e-14  1.6727e-16
lsc0m409-kb29-20220108-0111-e91.fits.fz  59588.180063126  59588.180413670  5450  2.0977e-14  2.7143e-16
lsc0m409-kb29-20220108-0140-e91.fits.fz  59588.255142963  59588.255493484  5450  2.0821e-14  7.2560e-16
ogg0m404-kb82-20220108-0084-e91.fits.fz  59588.267285776  59588.267632315  5450  2.0514e-14  1.2757e-16
ogg0m404-kb82-20220108-0086-e91.fits.fz  59588.271642987  59588.271989561  5450  2.0200e-14  1.3961e-16
elp0m411-kb92-20220108-0132-e91.fits.fz  59588.305098855  59588.305449364  5450  1.9711e-14  4.8301e-16
elp0m411-kb92-20220108-0138-e91.fits.fz  59588.313389456  59588.313739989  5450  1.8615e-14  6.4270e-16
elp0m411-kb92-20220108-0140-e91.fits.fz  59588.323727952  59588.324078461  5450  1.8785e-14  9.1245e-16
ogg0m404-kb82-20220108-0108-e91.fits.fz  59588.334275070  59588.334621552  5450  2.2775e-14  1.1623e-16
ogg0m404-kb82-20220108-0119-e91.fits.fz  59588.344709677  59588.345056193  5450  2.3173e-14  1.1492e-16
ogg0m404-kb82-20220108-0121-e91.fits.fz  59588.354969873  59588.355316355  5450  2.3340e-14  1.1989e-16
ogg0m404-kb82-20220108-0123-e91.fits.fz  59588.365396551  59588.365743125  5450  2.2649e-14  1.1327e-16
ogg0m404-kb82-20220108-0134-e91.fits.fz  59588.377780475  59588.378126922  5450  2.3067e-14  1.1420e-16
ogg0m404-kb82-20220108-0136-e91.fits.fz  59588.386227396  59588.386573994  5450  2.2560e-14  1.1770e-16
ogg0m404-kb82-20220108-0138-e91.fits.fz  59588.396682651  59588.397029190  5450  2.2233e-14  1.1469e-16
ogg0m404-kb82-20220108-0140-e91.fits.fz  59588.407060649  59588.407407246  5450  2.2501e-14  1.2219e-16
ogg0m404-kb82-20220108-0151-e91.fits.fz  59588.419494283  59588.419840811  5450  2.2618e-14  1.1388e-16
lsc0m409-kb29-20220109-0098-e91.fits.fz  59589.093575405  59589.093926019  5450  1.4980e-14  2.2957e-16
coj0m405-kb88-20220111-0126-e91.fits.fz  59590.546637547  59590.546988044  5450  2.4280e-14  1.4700e-16
elp0m411-kb92-20220111-0121-e91.fits.fz  59591.291299317  59591.291649827  5450  2.3123e-14  2.9992e-16
lsc0m409-kb29-20220112-0060-e91.fits.fz  59592.069092697  59592.069443276  5450  1.9171e-14  2.9132e-16
cpt0m407-kb87-20220113-0094-e91.fits.fz  59592.945865892  59592.946216436  5450  1.4301e-14  1.4567e-16
coj0m405-kb88-20220114-0110-e91.fits.fz  59593.624696748  59593.625047350  5450  1.6027e-14  2.1071e-16
ogg0m404-kb82-20220114-0147-e91.fits.fz  59594.381862385  59594.382208947  5450  1.2160e-14  3.6173e-16
lsc0m409-kb29-20220115-0104-e91.fits.fz  59595.107081644  59595.107432142  5450  1.4764e-14  6.0468e-16
lsc0m409-kb29-20220116-0076-e91.fits.fz  59596.083533125  59596.083883612  5450  2.3467e-14  5.0101e-16
lsc0m409-kb29-20220117-0069-e91.fits.fz  59597.091785799  59597.092136366  5450  1.9723e-14  3.3494e-16
elp0m411-kb92-20220118-0070-e91.fits.fz  59598.090479630  59598.090830139  5450  3.1451e-14  2.9956e-16
lsc0m412-kb26-20220119-0069-e91.fits.fz  59599.083628809  59599.083979318  5450  2.6577e-14  4.4349e-16
lsc0m409-kb29-20220120-0086-e91.fits.fz  59600.089537316  59600.089887848  5450  1.6923e-14  2.3585e-16
lsc0m409-kb29-20220121-0078-e91.fits.fz  59601.087466459  59601.087817026  5450  1.7648e-14  2.3804e-16
lsc0m412-kb26-20220123-0085-e91.fits.fz  59603.090281552  59603.090632061  5450  3.5595e-14  9.4065e-16
lsc0m409-kb29-20220403-0068-e91.fits.fz  59672.983515197  59672.983865730  5450  2.3576e-14  1.8425e-16
lsc0m409-kb29-20220404-0068-e91.fits.fz  59673.982729630  59673.983080197  5450  2.8353e-14  1.9855e-16
lsc0m409-kb29-20220405-0064-e91.fits.fz  59674.977041297  59674.977391817  5450  3.4035e-14  2.2533e-16
lsc0m409-kb29-20220406-0064-e91.fits.fz  59675.976198612  59675.976549098  5450  3.5284e-14  2.2242e-16
lsc0m409-kb29-20220407-0064-e91.fits.fz  59676.975407651  59676.975758195  5450  4.5122e-14  2.2691e-16
lsc0m409-kb29-20220408-0073-e91.fits.fz  59677.982899167  59677.983249688  5450  5.0477e-14  2.4506e-16
lsc0m409-kb29-20220409-0068-e91.fits.fz  59678.978799491  59678.979150012  5450  3.2946e-14  2.0576e-16
lsc0m409-kb29-20220410-0068-e91.fits.fz  59679.979339422  59679.979689954  5450  3.9130e-14  2.2361e-16
lsc0m409-kb29-20220411-0068-e91.fits.fz  59680.977134642  59680.977485244  5450  5.4239e-14  2.5456e-16
lsc0m409-kb29-20220412-0064-e91.fits.fz  59681.971586852  59681.971937338  5450  5.9024e-14  2.7907e-16
ogg0m404-kb82-20200828-0207-e91.fits.fz  59090.615217338  59090.615390267  7670  2.0850e-14  1.5718e-16
coj0m403-kb28-20200829-0169-e91.fits.fz  59090.756807119  59090.756983924  7670  2.1409e-14  2.1828e-16
ogg0m406-kb27-20200829-0185-e91.fits.fz  59091.599740116  59091.599913056  7670  2.0294e-14  2.4285e-16
coj0m403-kb28-20200830-0192-e91.fits.fz  59091.753962686  59091.754139503  7670  2.1654e-14  2.2407e-16
coj0m405-kb56-20200831-0166-e91.fits.fz  59092.751129468  59092.751306355  7670  2.4982e-14  2.9948e-16
coj0m405-kb56-20200831-0184-e91.fits.fz  59092.792798137  59092.792975012  7670  2.6628e-14  3.3536e-16
ogg0m404-kb82-20200831-0176-e91.fits.fz  59093.597185128  59093.597358056  7670  2.6279e-14  1.7459e-16
coj0m403-kb28-20200901-0148-e91.fits.fz  59093.748620058  59093.748796864  7670  2.6377e-14  2.9455e-16
ogg0m406-kb27-20200901-0404-e91.fits.fz  59094.599306227  59094.599479132  7670  2.2306e-14  1.9427e-16
coj0m403-kb28-20200902-0147-e91.fits.fz  59094.748797963  59094.748974757  7670  2.2366e-14  2.8268e-16
ogg0m404-kb82-20200916-0356-e91.fits.fz  59109.615666702  59109.615839642  7670  1.7999e-14  1.5065e-16
coj0m405-kb56-20200917-0120-e91.fits.fz  59109.704079480  59109.704256401  7670  1.8136e-14  2.3449e-16
coj0m405-kb56-20200918-0084-e91.fits.fz  59110.755909677  59110.756086552  7670  1.8953e-14  9.2379e-16
ogg0m404-kb82-20200919-0066-e91.fits.fz  59112.541339595  59112.541512547  7670  1.8877e-14  2.0786e-16
ogg0m404-kb82-20200920-0208-e91.fits.fz  59113.566058878  59113.566231748  7670  2.1007e-14  2.7605e-16
cpt0m407-kb84-20200924-0108-e91.fits.fz  59117.047146806  59117.047323704  7670  2.2909e-14  2.2341e-16
cpt0m407-kb84-20200928-0227-e91.fits.fz  59121.043374156  59121.043551008  7670  1.9799e-14  1.5915e-15
cpt0m407-kb84-20200929-0195-e91.fits.fz  59122.028764318  59122.028941216  7670  2.2538e-14  2.1752e-16
tfn0m414-kb81-20200930-0175-e91.fits.fz  59123.135301332  59123.135478299  7670  2.0600e-14  3.5791e-16
coj0m405-kb56-20201001-0191-e91.fits.fz  59123.667973241  59123.668150220  7670  1.9369e-14  2.4173e-16
lsc0m409-kb29-20201115-0124-e91.fits.fz  59169.153987350  59169.154164283  7670  5.4939e-14  2.9539e-16
lsc0m409-kb29-20201116-0186-e91.fits.fz  59170.150515602  59170.150692454  7670  4.4732e-14  3.8755e-16
ogg0m406-kb27-20201116-0094-e91.fits.fz  59170.438945012  59170.439117883  7670  4.1751e-14  2.3190e-16
cpt0m407-kb84-20201117-0235-e91.fits.fz  59170.984141899  59170.984318797  7670  3.7683e-14  9.6503e-16
elp0m411-kb92-20201117-0322-e91.fits.fz  59171.439043207  59171.439220105  7670  4.4302e-14  3.0537e-16
lsc0m412-kb26-20201118-0166-e91.fits.fz  59172.149268681  59172.149445579  7670  4.7841e-14  3.5584e-16
ogg0m406-kb27-20201118-0124-e91.fits.fz  59172.439234711  59172.439407663  7670  4.5325e-14  2.4110e-16
cpt0m407-kb84-20201119-0282-e91.fits.fz  59172.984036447  59172.984213346  7670  4.3977e-14  3.5681e-16
ogg0m406-kb27-20201119-0121-e91.fits.fz  59173.438957211  59173.439130209  7670  3.8980e-14  2.5197e-16
cpt0m407-kb84-20201120-0202-e91.fits.fz  59173.983995255  59173.984172142  7670  3.6441e-14  4.9454e-16
elp0m411-kb92-20201120-0328-e91.fits.fz  59174.438884572  59174.439061447  7670  4.1495e-14  2.4443e-16
cpt0m407-kb84-20201121-0253-e91.fits.fz  59174.984037072  59174.984214017  7670  3.6383e-14  8.1530e-16
elp0m411-kb92-20201121-0273-e91.fits.fz  59175.438920683  59175.439097581  7670  3.6638e-14  2.8578e-16
tfn0m410-kb98-20201122-0053-e91.fits.fz  59176.204592397  59176.204769283  7670  5.0368e-14  7.0328e-16
coj0m405-kb56-20201123-0095-e91.fits.fz  59176.649192478  59176.649369376  7670  5.2685e-14  3.1963e-16
tfn0m414-kb81-20201123-0166-e91.fits.fz  59176.987260059  59176.987436968  7670  5.4984e-14  8.1098e-16
elp0m411-kb92-20201123-0754-e91.fits.fz  59177.438893843  59177.439070741  7670  5.3684e-14  2.7618e-16
tfn0m410-kb98-20201124-0087-e91.fits.fz  59177.984476320  59177.984653207  7670  5.0001e-14  1.0155e-15
ogg0m406-kb27-20201124-0038-e91.fits.fz  59178.438972744  59178.439145672  7670  3.8388e-14  2.4169e-16
cpt0m407-kb84-20201125-0168-e91.fits.fz  59179.038879514  59179.039056424  7670  2.9883e-14  2.1932e-16
ogg0m406-kb27-20201125-0048-e91.fits.fz  59179.438899700  59179.439072628  7670  3.6778e-14  2.4317e-16
coj0m403-kb24-20201126-0143-e91.fits.fz  59179.672092813  59179.672269063  7670  3.0987e-14  2.7945e-16
ogg0m404-kb82-20201126-0108-e91.fits.fz  59180.493856181  59180.494029144  7670  3.2344e-14  2.2303e-16
cpt0m407-kb84-20201127-0117-e91.fits.fz  59180.867177743  59180.867354630  7670  4.2016e-14  4.4249e-16
cpt0m407-kb84-20201127-0163-e91.fits.fz  59180.941138230  59180.941315116  7670  4.5869e-14  3.9558e-16
coj0m405-kb56-20201128-0195-e91.fits.fz  59181.718810186  59181.718987130  7670  4.5817e-14  7.6923e-16
cpt0m407-kb84-20201128-0129-e91.fits.fz  59181.878017489  59181.878194387  7670  4.7326e-14  1.0122e-15
ogg0m406-kb27-20201128-0094-e91.fits.fz  59182.496626598  59182.496799549  7670  4.5954e-14  2.4096e-16
tfn0m410-kb98-20201129-0089-e91.fits.fz  59182.975442142  59182.975619063  7670  4.3582e-14  5.1569e-16
lsc0m412-kb26-20201129-0160-e91.fits.fz  59183.274347743  59183.274524642  7670  4.3829e-14  3.8188e-16
coj0m403-kb24-20201130-0107-e91.fits.fz  59183.511254827  59183.511431123  7670  3.6906e-14  2.5330e-16
coj0m403-kb24-20201130-0113-e91.fits.fz  59183.521665221  59183.521841540  7670  3.4753e-14  2.8610e-16
coj0m405-kb56-20201130-0129-e91.fits.fz  59183.527196968  59183.527373912  7670  3.6643e-14  4.0900e-16
coj0m403-kb24-20201130-0124-e91.fits.fz  59183.537617616  59183.537793959  7670  3.7030e-14  2.3236e-16
coj0m403-kb24-20201130-0134-e91.fits.fz  59183.552910371  59183.553086771  7670  3.6490e-14  2.7178e-16
coj0m403-kb24-20201130-0136-e91.fits.fz  59183.558342987  59183.558519399  7670  3.6119e-14  2.5737e-16
coj0m403-kb24-20201130-0145-e91.fits.fz  59183.568798739  59183.568975024  7670  3.6605e-14  3.0957e-16
coj0m403-kb24-20201130-0147-e91.fits.fz  59183.579189445  59183.579365753  7670  3.5825e-14  2.5109e-16
coj0m403-kb24-20201130-0159-e91.fits.fz  59183.594774306  59183.594950707  7670  3.5263e-14  3.7705e-16
coj0m403-kb24-20201130-0161-e91.fits.fz  59183.600018172  59183.600194526  7670  3.6389e-14  2.7150e-16
coj0m403-kb24-20201130-0165-e91.fits.fz  59183.610447176  59183.610623438  7670  3.6339e-14  2.6516e-16
coj0m403-kb24-20201130-0167-e91.fits.fz  59183.620850336  59183.621026656  7670  3.5290e-14  2.8520e-16
coj0m403-kb24-20201130-0169-e91.fits.fz  59183.631263241  59183.631439584  7670  3.5257e-14  2.2515e-16
coj0m403-kb24-20201130-0173-e91.fits.fz  59183.643061100  59183.643237396  7670  3.5038e-14  2.0599e-16
coj0m403-kb24-20201130-0184-e91.fits.fz  59183.654357211  59183.654533519  7670  3.3957e-14  1.9812e-16
coj0m403-kb24-20201130-0186-e91.fits.fz  59183.662507987  59183.662684364  7670  3.3261e-14  2.0551e-16
cpt0m407-kb84-20201130-0110-e91.fits.fz  59183.841767871  59183.841944769  7670  3.3020e-14  2.6345e-16
cpt0m407-kb84-20201130-0116-e91.fits.fz  59183.847901910  59183.848078808  7670  3.2524e-14  2.5667e-16
cpt0m407-kb84-20201130-0120-e91.fits.fz  59183.858288820  59183.858465776  7670  3.0670e-14  2.6186e-16
cpt0m407-kb84-20201130-0126-e91.fits.fz  59183.868772431  59183.868949329  7670  2.8684e-14  2.5680e-16
cpt0m407-kb84-20201130-0137-e91.fits.fz  59183.879983936  59183.880160810  7670  3.2230e-14  2.6278e-16
cpt0m407-kb84-20201130-0143-e91.fits.fz  59183.889664028  59183.889840926  7670  3.3315e-14  2.7350e-16
cpt0m407-kb84-20201130-0145-e91.fits.fz  59183.899945417  59183.900122304  7670  3.2318e-14  2.4937e-16
cpt0m407-kb84-20201130-0147-e91.fits.fz  59183.910364665  59183.910541540  7670  3.1726e-14  2.5701e-16
cpt0m407-kb84-20201130-0153-e91.fits.fz  59183.920838044  59183.921014931  7670  3.1436e-14  2.4819e-16
cpt0m407-kb84-20201130-0155-e91.fits.fz  59183.931200591  59183.931377454  7670  3.1689e-14  2.5193e-16
cpt0m407-kb84-20201130-0166-e91.fits.fz  59183.952103716  59183.952280602  7670  3.2739e-14  2.7659e-16
cpt0m407-kb84-20201130-0172-e91.fits.fz  59183.963557200  59183.963734098  7670  3.3095e-14  2.7866e-16
tfn0m414-kb81-20201130-0204-e91.fits.fz  59183.983429769  59183.983606621  7670  3.5823e-14  1.2849e-15
tfn0m414-kb81-20201130-0206-e91.fits.fz  59183.993759943  59183.993936783  7670  3.3591e-14  8.8282e-16
tfn0m414-kb81-20201130-0208-e91.fits.fz  59184.004172871  59184.004349746  7670  3.2181e-14  8.8653e-16
cpt0m407-kb84-20201130-0193-e91.fits.fz  59184.043096204  59184.043273102  7670  3.3062e-14  2.4699e-16
tfn0m414-kb81-20201130-0263-e91.fits.fz  59184.049432663  59184.049609538  7670  3.6121e-14  8.3848e-16
tfn0m410-kb98-20201130-0314-e91.fits.fz  59184.052199827  59184.052376795  7670  3.3329e-14  6.6727e-16
cpt0m407-kb84-20201130-0195-e91.fits.fz  59184.062522732  59184.062699630  7670  3.2961e-14  2.5494e-16
cpt0m407-kb84-20201130-0197-e91.fits.fz  59184.070089341  59184.070266193  7670  3.2746e-14  2.6009e-16
cpt0m407-kb84-20201130-0199-e91.fits.fz  59184.076474387  59184.076651262  7670  3.2812e-14  2.7479e-16
cpt0m407-kb84-20201130-0201-e91.fits.fz  59184.080505984  59184.080682871  7670  3.3296e-14  2.9759e-16
lsc0m412-kb26-20201130-0119-e91.fits.fz  59184.110016181  59184.110193091  7670  3.4584e-14  3.6029e-16
lsc0m409-kb29-20201130-0138-e91.fits.fz  59184.115610163  59184.115787096  7670  3.3842e-14  2.9315e-16
lsc0m409-kb29-20201130-0145-e91.fits.fz  59184.125919248  59184.126096158  7670  3.3147e-14  2.9833e-16
lsc0m409-kb29-20201130-0151-e91.fits.fz  59184.136228531  59184.136405371  7670  3.3321e-14  2.8964e-16
lsc0m409-kb29-20201130-0157-e91.fits.fz  59184.146786563  59184.146963450  7670  3.3511e-14  2.9924e-16
lsc0m409-kb29-20201201-0128-e91.fits.fz  59185.115303045  59185.115479931  7670  4.5172e-14  3.0168e-16
lsc0m412-kb26-20201201-0158-e91.fits.fz  59185.177602964  59185.177779827  7670  4.9418e-14  4.5575e-16
coj0m403-kb24-20201202-0200-e91.fits.fz  59185.684845799  59185.685022130  7670  4.8197e-14  2.5406e-16
lsc0m412-kb26-20201202-0166-e91.fits.fz  59186.278955556  59186.279132466  7670  3.8839e-14  3.6980e-16
ogg0m404-kb82-20201202-0139-e91.fits.fz  59186.403166250  59186.403339155  7670  3.6500e-14  1.8656e-16
lsc0m412-kb26-20201203-0130-e91.fits.fz  59187.163320892  59187.163497790  7670  3.6788e-14  3.3223e-16
ogg0m406-kb27-20201203-0151-e91.fits.fz  59187.380048843  59187.380221737  7670  3.4984e-14  2.1453e-16
ogg0m406-kb27-20201203-0189-e91.fits.fz  59187.584076042  59187.584248959  7670  3.5444e-14  3.1615e-16
ogg0m406-kb27-20201204-0178-e91.fits.fz  59188.482554850  59188.482727778  7670  3.6814e-14  2.2371e-16
ogg0m406-kb27-20201204-0216-e91.fits.fz  59188.584132709  59188.584305684  7670  3.7531e-14  2.4498e-16
tfn0m410-kb98-20201205-0099-e91.fits.fz  59189.038932107  59189.039108994  7670  2.8483e-14  4.1768e-16
ogg0m406-kb27-20201205-0257-e91.fits.fz  59189.584099769  59189.584272605  7670  2.9501e-14  2.1170e-16
tfn0m410-kb98-20201206-0115-e91.fits.fz  59190.038930869  59190.039107767  7670  3.1893e-14  5.5117e-16
ogg0m406-kb27-20201206-0237-e91.fits.fz  59190.584047952  59190.584220892  7670  2.8035e-14  1.9937e-16
tfn0m410-kb98-20201207-0186-e91.fits.fz  59191.038998843  59191.039175741  7670  3.2845e-14  4.1533e-16
coj0m403-kb24-20201208-0145-e91.fits.fz  59191.584034711  59191.584211042  7670  3.9969e-14  2.0930e-16
cpt0m407-kb84-20201208-0213-e91.fits.fz  59192.042450475  59192.042627373  7670  3.9469e-14  2.4531e-16
coj0m403-kb24-20201209-0168-e91.fits.fz  59192.587633195  59192.587809468  7670  2.7313e-14  5.7131e-16
lsc0m409-kb29-20201209-0103-e91.fits.fz  59193.085611436  59193.085788311  7670  3.3993e-14  2.4936e-16
cpt0m407-kb84-20201210-0140-e91.fits.fz  59193.892810718  59193.892987616  7670  3.0203e-14  3.0556e-16
tfn0m410-kb98-20201210-0179-e91.fits.fz  59194.039018959  59194.039195822  7670  3.1790e-14  4.1400e-16
lsc0m412-kb26-20201211-0100-e91.fits.fz  59195.095291436  59195.095468357  7670  3.2252e-14  3.3400e-16
tfn0m410-kb98-20201211-0050-e91.fits.fz  59195.163967014  59195.164143924  7670  3.0203e-14  4.0566e-16
tfn0m414-kb81-20201212-0095-e91.fits.fz  59196.073752628  59196.073929572  7670  3.2045e-14  3.5487e-16
lsc0m412-kb26-20201212-0091-e91.fits.fz  59196.077998125  59196.078175024  7670  3.4421e-14  3.3841e-16
cpt0m407-kb84-20201213-0170-e91.fits.fz  59197.039063589  59197.039240475  7670  2.5315e-14  2.1257e-16
lsc0m412-kb26-20201213-0157-e91.fits.fz  59197.179041679  59197.179218577  7670  2.5082e-14  2.9322e-16
ogg0m404-kb82-20201214-0139-e91.fits.fz  59198.328043531  59198.328216424  7670  3.0142e-14  3.9328e-16
lsc0m412-kb26-20210222-0060-e91.fits.fz  59268.018016517  59268.018193380  7670  5.9402e-14  4.2011e-16
lsc0m409-kb29-20210223-0062-e91.fits.fz  59269.017022721  59269.017199572  7670  5.4946e-14  3.1075e-16
lsc0m412-kb26-20210224-0062-e91.fits.fz  59270.015571135  59270.015748033  7670  5.6379e-14  4.2279e-16
lsc0m409-kb29-20210225-0063-e91.fits.fz  59271.109784156  59271.109961054  7670  6.0012e-14  5.2189e-16
lsc0m412-kb26-20210226-0063-e91.fits.fz  59272.017346899  59272.017523831  7670  5.7205e-14  4.6919e-16
lsc0m412-kb26-20210227-0067-e91.fits.fz  59273.011068288  59273.011245163  7670  4.4984e-14  3.7323e-16
lsc0m412-kb26-20210228-0063-e91.fits.fz  59274.014019688  59274.014196552  7670  5.4982e-14  4.1985e-16
lsc0m412-kb26-20210301-0069-e91.fits.fz  59275.014544283  59275.014721170  7670  5.4905e-14  4.4593e-16
lsc0m412-kb26-20210302-0069-e91.fits.fz  59276.011590811  59276.011767709  7670  5.3207e-14  4.4686e-16
lsc0m412-kb26-20210303-0067-e91.fits.fz  59277.014891737  59277.015068623  7670  5.5936e-14  4.5395e-16
lsc0m412-kb26-20210809-0188-e91.fits.fz  59436.389622026  59436.389798924  7670  5.6559e-14  4.4267e-16
lsc0m409-kb29-20210810-0250-e91.fits.fz  59437.386926204  59437.387103137  7670  4.1410e-14  3.5408e-16
lsc0m412-kb26-20210811-0218-e91.fits.fz  59438.384233473  59438.384410371  7670  4.4583e-14  4.4149e-16
lsc0m409-kb29-20210812-0214-e91.fits.fz  59439.381517246  59439.381694086  7670  4.9144e-14  3.8711e-16
lsc0m409-kb29-20210813-0257-e91.fits.fz  59440.378748924  59440.378925764  7670  5.2761e-14  3.4913e-16
ogg0m406-kb27-20210814-0196-e91.fits.fz  59441.613054769  59441.613227709  7670  5.5328e-14  2.5053e-16
tfn0m410-kb98-20210815-0267-e91.fits.fz  59442.233745973  59442.233922952  7670  5.9219e-14  4.3912e-16
tfn0m410-kb98-20210816-0247-e91.fits.fz  59443.229162501  59443.229339399  7670  5.7605e-14  4.2315e-16
tfn0m410-kb98-20210817-0580-e91.fits.fz  59444.225852593  59444.226029468  7670  5.8149e-14  3.9101e-16
tfn0m410-kb98-20210818-0231-e91.fits.fz  59445.223104584  59445.223281505  7670  4.4284e-14  3.3261e-16
ogg0m406-kb27-20211122-0189-e91.fits.fz  59541.582556667  59541.582729596  7670  3.7530e-14  2.1949e-16
lsc0m409-kb29-20211123-0152-e91.fits.fz  59542.142788230  59542.142965139  7670  6.2324e-14  2.5798e-15
lsc0m412-kb26-20211124-0154-e91.fits.fz  59543.131753924  59543.131930811  7670  2.1722e-14  3.9539e-16
lsc0m409-kb29-20211125-0178-e91.fits.fz  59544.151738820  59544.151915799  7670  2.6874e-14  3.2224e-16
ogg0m404-kb82-20211126-0166-e91.fits.fz  59545.356257674  59545.356430568  7670  3.8709e-14  1.8876e-16
lsc0m409-kb29-20211127-0135-e91.fits.fz  59546.122266945  59546.122443913  7670  4.7674e-14  3.9250e-16
lsc0m409-kb29-20211128-0136-e91.fits.fz  59547.116188021  59547.116365024  7670  3.9326e-14  3.4350e-16
cpt0m407-kb87-20211129-0196-e91.fits.fz  59548.006519075  59548.006695973  7670  4.4080e-14  2.9126e-16
cpt0m407-kb87-20211130-0187-e91.fits.fz  59549.010881540  59549.011058438  7670  5.2285e-14  2.5786e-16
lsc0m409-kb29-20211201-0126-e91.fits.fz  59550.107963102  59550.108139954  7670  5.4395e-14  3.9478e-16
lsc0m409-kb29-20211228-0070-e91.fits.fz  59577.081324155  59577.081501007  7670  3.4230e-14  3.2684e-16
cpt0m407-kb87-20211229-0128-e91.fits.fz  59577.955854839  59577.956031725  7670  3.6275e-14  3.1227e-16
cpt0m407-kb87-20211230-0139-e91.fits.fz  59578.961297721  59578.961474607  7670  3.5200e-14  2.1744e-16
cpt0m407-kb87-20211231-0135-e91.fits.fz  59579.955532674  59579.955709572  7670  4.1917e-14  2.1266e-16
lsc0m409-kb29-20220101-0058-e91.fits.fz  59581.034937582  59581.035114584  7670  3.2060e-14  4.2360e-16
cpt0m407-kb87-20220102-0121-e91.fits.fz  59581.959563253  59581.959740140  7670  3.2072e-14  2.0530e-16
cpt0m407-kb87-20220103-0057-e91.fits.fz  59582.962167095  59582.962344028  7670  3.1460e-14  2.0474e-16
cpt0m407-kb87-20220104-0188-e91.fits.fz  59583.955577177  59583.955754075  7670  3.4409e-14  2.2100e-16
cpt0m407-kb87-20220105-0190-e91.fits.fz  59584.955550463  59584.955727362  7670  3.4729e-14  2.6520e-16
cpt0m407-kb87-20220106-0137-e91.fits.fz  59585.960449133  59585.960626019  7670  3.6534e-14  2.5082e-16
tfn0m414-kb95-20220107-0143-e91.fits.fz  59586.970609607  59586.970786355  7670  4.0974e-14  2.1751e-16
tfn0m414-kb95-20220108-0081-e91.fits.fz  59587.862419943  59587.862596841  7670  3.9170e-14  2.5055e-16
lsc0m409-kb29-20220108-0112-e91.fits.fz  59588.180631540  59588.180808461  7670  3.7307e-14  5.3008e-16
lsc0m409-kb29-20220108-0141-e91.fits.fz  59588.255709214  59588.255886204  7670  3.0654e-14  1.1101e-15
ogg0m404-kb82-20220108-0085-e91.fits.fz  59588.267845406  59588.268018276  7670  3.5551e-14  1.9162e-16
ogg0m404-kb82-20220108-0087-e91.fits.fz  59588.272199746  59588.272372674  7670  3.3366e-14  2.0041e-16
elp0m411-kb92-20220108-0123-e91.fits.fz  59588.293057743  59588.293234607  7670  3.4698e-14  2.9110e-15
elp0m411-kb92-20220108-0133-e91.fits.fz  59588.305597940  59588.305774827  7670  3.5368e-14  5.4707e-16
elp0m411-kb92-20220108-0139-e91.fits.fz  59588.313886702  59588.314063600  7670  3.4379e-14  7.1493e-16
elp0m411-kb92-20220108-0141-e91.fits.fz  59588.324225290  59588.324402188  7670  3.6124e-14  1.0314e-15
ogg0m404-kb82-20220108-0109-e91.fits.fz  59588.334834561  59588.335007396  7670  3.8171e-14  1.9146e-16
ogg0m404-kb82-20220108-0120-e91.fits.fz  59588.345264317  59588.345437165  7670  3.8184e-14  1.8059e-16
ogg0m404-kb82-20220108-0122-e91.fits.fz  59588.355529839  59588.355702732  7670  3.8315e-14  1.8668e-16
ogg0m404-kb82-20220108-0124-e91.fits.fz  59588.365961771  59588.366134711  7670  3.7100e-14  1.7586e-16
ogg0m404-kb82-20220108-0135-e91.fits.fz  59588.378335672  59588.378508542  7670  3.7685e-14  1.8025e-16
ogg0m404-kb82-20220108-0137-e91.fits.fz  59588.386786609  59588.386959480  7670  3.7017e-14  1.7979e-16
ogg0m404-kb82-20220108-0139-e91.fits.fz  59588.397241401  59588.397414248  7670  3.6525e-14  1.7603e-16
ogg0m404-kb82-20220108-0141-e91.fits.fz  59588.407633924  59588.407806887  7670  3.6958e-14  1.8732e-16
ogg0m404-kb82-20220108-0152-e91.fits.fz  59588.420060093  59588.420233033  7670  3.7941e-14  1.8279e-16
lsc0m409-kb29-20220109-0099-e91.fits.fz  59589.094131667  59589.094308519  7670  2.6661e-14  3.2427e-16
coj0m405-kb88-20220111-0127-e91.fits.fz  59590.547212315  59590.547389156  7670  3.8626e-14  2.4225e-16
elp0m411-kb92-20220111-0122-e91.fits.fz  59591.291811019  59591.291987917  7670  3.7994e-14  3.7880e-16
lsc0m409-kb29-20220112-0061-e91.fits.fz  59592.069652466  59592.069829329  7670  3.0689e-14  3.8052e-16
cpt0m407-kb87-20220113-0095-e91.fits.fz  59592.946363114  59592.946540047  7670  2.5038e-14  2.2974e-16
coj0m405-kb88-20220114-0111-e91.fits.fz  59593.625264283  59593.625441204  7670  2.7196e-14  3.7501e-16
lsc0m409-kb29-20220115-0105-e91.fits.fz  59595.107638230  59595.107815128  7670  2.6341e-14  7.0291e-16
lsc0m409-kb29-20220116-0077-e91.fits.fz  59596.084086875  59596.084263739  7670  3.5686e-14  5.9401e-16
lsc0m409-kb29-20220117-0070-e91.fits.fz  59597.092342466  59597.092519364  7670  3.2618e-14  4.1097e-16
elp0m411-kb92-20220118-0071-e91.fits.fz  59598.090976748  59598.091153646  7670  4.8327e-14  4.0112e-16
lsc0m412-kb26-20220119-0070-e91.fits.fz  59599.084164144  59599.084341007  7670  3.9370e-14  5.2334e-16
lsc0m409-kb29-20220120-0087-e91.fits.fz  59600.090106054  59600.090282940  7670  2.7863e-14  3.3215e-16
lsc0m409-kb29-20220121-0079-e91.fits.fz  59601.088027084  59601.088204040  7670  2.9070e-14  3.3674e-16
lsc0m412-kb26-20220123-0086-e91.fits.fz  59603.090781691  59603.090958566  7670  4.5785e-14  1.0434e-15
lsc0m409-kb29-20220403-0069-e91.fits.fz  59672.984072917  59672.984249746  7670  3.5147e-14  2.7330e-16
lsc0m409-kb29-20220404-0069-e91.fits.fz  59673.983306332  59673.983483218  7670  4.0759e-14  3.1036e-16
lsc0m409-kb29-20220405-0065-e91.fits.fz  59674.977596297  59674.977773160  7670  4.4622e-14  3.6830e-16
lsc0m409-kb29-20220406-0065-e91.fits.fz  59675.976754977  59675.976931852  7670  4.6857e-14  3.5934e-16
lsc0m409-kb29-20220407-0065-e91.fits.fz  59676.975956308  59676.976133148  7670  5.6125e-14  3.4366e-16
lsc0m409-kb29-20220408-0074-e91.fits.fz  59677.983457223  59677.983634225  7670  5.9781e-14  3.1770e-16
lsc0m409-kb29-20220409-0069-e91.fits.fz  59678.979369306  59678.979546158  7670  4.6150e-14  2.9605e-16
lsc0m409-kb29-20220410-0069-e91.fits.fz  59679.979935371  59679.980112281  7670  5.2795e-14  3.0863e-16
lsc0m409-kb29-20220411-0069-e91.fits.fz  59680.977689075  59680.977865985  7670  6.3601e-14  3.4380e-16
lsc0m409-kb29-20220412-0065-e91.fits.fz  59681.972142269  59681.972319121  7670  6.6948e-14  4.6007e-16
