       0.8408757695964491
       0.8412425165223609
       0.8416092637891757
       0.8419760113968946
       0.8423427593455168
       0.8427095076350428
       0.8430762562654730
       0.8434430052368065
       0.8438097545490437
       0.8441765042021852
       0.8445432541962299
       0.8449100045311784
       0.8452767552070302
       0.8456435062237861
       0.8460102575814459
       0.8463770092800094
       0.8467437613194762
       0.8471105136998471
       0.8474772664211214
       0.8478440194833003
       0.8482107728863817
       0.8485775266303672
       0.8489442807152565
       0.8493110351410496
       0.8496777899077468
       0.8500445450153469
       0.8504113004638512
       0.8507780562532592
       0.8511448123835710
       0.8515115688547861
       0.8518783256669049
       0.8522450828199275
       0.8526118403138543
       0.8529785981486844
       0.8533453563244182
       0.8537121148410562
       0.8540788736985976
       0.8544456328970427
       0.8548123924363911
       0.8551791523166437
       0.8555459125378000
       0.8559126730998596
       0.8562794340028239
       0.8566461952466911
       0.8570129568314619
       0.8573797187571370
       0.8577464810237154
       0.8581132436311976
       0.8584800065795835
       0.8588467698688727
       0.8592135334990665
       0.8595802974701632
       0.8599470617821641
       0.8603138264350687
       0.8606805914288771
       0.8610473567635888
       0.8614141224392042
       0.8617808884557234
       0.8621476548131468
       0.8625144215114735
       0.8628811885507044
       0.8632479559308381
       0.8636147236518761
       0.8639814917138178
       0.8643482601166632
       0.8647150288604124
       0.8650817979450649
       0.8654485673706211
       0.8658153371370816
       0.8661821072444453
       0.8665488776927133
       0.8669156484818845
       0.8672824196119595
       0.8676491910829383
       0.8680159628948207
       0.8683827350476065
       0.8687495075412970
       0.8691162803758903
       0.8694830535513878
       0.8698498270677890
       0.8702166009250936
       0.8705833751233023
       0.8709501496624144
       0.8713169245424301
       0.8716836997633501
       0.8720504753251730
       0.8724172512279000
       0.8727840274715313
       0.8731508040560654
       0.8735175809815041
       0.8738843582478453
       0.8742511358550915
       0.8746179138032406
       0.8749846920922935
       0.8753514707222501
       0.8757182496931109
       0.8760850290048749
       0.8764518086575432
       0.8768185886511144
       0.8771853689855902
       0.8775521496609688
       0.8779189306772517
       0.8782857120344383
       0.8786524937325286
       0.8790192757715223
       0.8793860581514201
       0.8797528408722217
       0.8801196239339266
       0.8804864073365353
       0.8808531910800477
       0.8812199751644638
       0.8815867595897837
       0.8819535443560074
       0.8823203294631348
       0.8826871149111659
       0.8830539007001004
       0.8834206868299390
       0.8837874733006810
       0.8841542601123271
       0.8845210472648766
       0.8848878347583298
       0.8852546225926872
       0.8856214107679479
       0.8859881992841123
       0.8863549881411805
       0.8867217773391520
       0.8870885668780282
       0.8874553567578072
       0.8878221469784904
       0.8881889375400773
       0.8885557284425680
       0.8889225196859620
       0.8892893112702598
       0.8896561031954617
       0.8900228954615674
       0.8903896880685764
       0.8907564810164883
       0.8911232743053052
       0.8914900679350259
       0.8918568619056495
       0.8922236562171768
       0.8925904508696088
       0.8929572458629436
       0.8933240411971821
       0.8936908368723249
       0.8940576328883709
       0.8944244292453212
       0.8947912259431747
       0.8951580229819316
       0.8955248203615931
       0.8958916180821579
       0.8962584161436260
       0.8966252145459987
       0.8969920132892739
       0.8973588123734542
       0.8977256117985373
       0.8980924115645246
       0.8984592116714152
       0.8988260121192095
       0.8991928129079076
       0.8995596140375099
       0.8999264155080151
       0.9002932173194245
       0.9006600194717376
       0.9010268219649549
       0.9013936247990750
       0.9017604279740989
       0.9021272314900270
       0.9024940353468589
       0.9028608395445936
       0.9032276440832330
       0.9035944489627756
       0.9039612541832225
       0.9043280597445726
       0.9046948656468266
       0.9050616718899838
       0.9054284784740456
       0.9057952853990099
       0.9061620926648792
       0.9065289002716519
       0.9068957082193279
       0.9072625165079080
       0.9076293251373915
       0.9079961341077787
       0.9083629434190701
       0.9087297530712648
       0.9090965630643628
       0.9094633733983655
       0.9098301840732714
       0.9101969950890807
       0.9105638064457942
       0.9109306181434109
       0.9112974301819319
       0.9116642425613566
       0.9120310552816846
       0.9123978683429168
       0.9127646817450523
       0.9131314954880916
       0.9134983095720346
       0.9138651239968809
       0.9142319387626319
       0.9145987538692861
       0.9149655693168437
       0.9153323851053059
       0.9156992012346710
       0.9160660177049398
       0.9164328345161123
       0.9167996516681891
       0.9171664691611696
       0.9175332869950534
       0.9179001051698406
       0.9182669236855323
       0.9186337425421274
       0.9190005617396262
       0.9193673812780283
       0.9197342011573346
       0.9201010213775447
       0.9204678419386580
       0.9208346628406761
       0.9212014840835969
       0.9215683056674215
       0.9219351275921499
       0.9223019498577825
       0.9226687724643183
       0.9230355954117575
       0.9234024187001009
       0.9237692423293484
       0.9241360662994988
       0.9245028906105535
       0.9248697152625118
       0.9252365402553735
       0.9256033655891394
       0.9259701912638085
       0.9263370172793814
       0.9267038436358586
       0.9270706703332390
       0.9274374973715227
       0.9278043247507111
       0.9281711524708027
       0.9285379805317977
       0.9289048089336973
       0.9292716376764993
       0.9296384667602064
       0.9300052961848164
       0.9303721259503306
       0.9307389560567481
       0.9311057865040693
       0.9314726172922942
       0.9318394484214234
       0.9322062798914554
       0.9325731117023917
       0.9329399438542316
       0.9333067763469753
       0.9336736091806228
       0.9340404423551736
       0.9344072758706286
       0.9347741097269873
       0.9351409439242488
       0.9355077784624151
       0.9358746133414846
       0.9362414485614583
       0.9366082841223353
       0.9369751200241156
       0.9373419562668002
       0.9377087928503889
       0.9380756297748800
       0.9384424670402762
       0.9388093046465753
       0.9391761425937786
       0.9395429808818851
       0.9399098195108955
       0.9402766584808095
       0.9406434977916278
       0.9410103374433494
       0.9413771774359747
       0.9417440177695042
       0.9421108584439366
       0.9424776994592732
       0.9428445408155131
       0.9432113825126571
       0.9435782245507049
       0.9439450669296561
       0.9443119096495109
       0.9446787527102705
       0.9450455961119324
       0.9454124398544985
       0.9457792839379684
       0.9461461283623420
       0.9465129731276198
       0.9468798182338005
       0.9472466636808854
       0.9476135094688740
       0.9479803555977664
       0.9483472020675621
       0.9487140488782615
       0.9490808960298647
       0.9494477435223720
       0.9498145913557827
       0.9501814395300971
       0.9505482880453158
       0.9509151369014373
       0.9512819860984629
       0.9516488356363924
       0.9520156855152251
       0.9523825357349620
       0.9527493862956027
       0.9531162371971467
       0.9534830884395948
       0.9538499400229463
       0.9542167919472015
       0.9545836442123610
       0.9549504968184233
       0.9553173497653902
       0.9556842030532600
       0.9560510566820344
       0.9564179106517121
       0.9567847649622931
       0.9571516196137784
       0.9575184746061673
       0.9578853299394596
       0.9582521856136557
       0.9586190416287554
       0.9589858979847594
       0.9593527546816667
       0.9597196117194777
       0.9600864690981925
       0.9604533268178110
       0.9608201848783333
       0.9611870432797589
       0.9615539020220882
       0.9619207611053222
       0.9622876205294590
       0.9626544802945001
       0.9630213404004444
       0.9633882008472925
       0.9637550616350443
       0.9641219227637003
       0.9644887842332592
       0.9648556460437223
       0.9652225081950891
       0.9655893706873602
       0.9659562335205341
       0.9663230966946117
       0.9666899602095935
       0.9670568240654791
       0.9674236882622675
       0.9677905527999606
       0.9681574176785570
       0.9685242828980576
       0.9688911484584615
       0.9692580143597687
       0.9696248806019800
       0.9699917471850956
       0.9703586141091136
       0.9707254813740367
       0.9710923489798626
       0.9714592169265928
       0.9718260852142262
       0.9721929538427634
       0.9725598228122043
       0.9729266921225495
       0.9732935617737979
       0.9736604317659501
       0.9740273020990065
       0.9743941727729657
       0.9747610437878291
       0.9751279151435959
       0.9754947868402668
       0.9758616588778415
       0.9762285312563195
       0.9765954039757012
       0.9769622770359871
       0.9773291504371764
       0.9776960241792694
       0.9780628982622661
       0.9784297726861666
       0.9787966474509708
       0.9791635225566788
       0.9795303980032906
       0.9798972737908060
       0.9802641499192248
       0.9806310263885478
       0.9809979031987741
       0.9813647803499042
       0.9817316578419384
       0.9820985356748759
       0.9824654138487172
       0.9828322923634623
       0.9831991712191106
       0.9835660504156636
       0.9839329299531194
       0.9842998098314795
       0.9846666900507428
       0.9850335706109103
       0.9854004515119821
       0.9857673327539567
       0.9861342143368346
       0.9865010962606171
       0.9868679785253034
       0.9872348611308925
       0.9876017440773854
       0.9879686273647830
       0.9883355109930843
       0.9887023949622880
       0.9890692792723963
       0.9894361639234084
       0.9898030489153242
       0.9901699342481434
       0.9905368199218658
       0.9909037059364934
       0.9912705922920237
       0.9916374789884574
       0.9920043660257953
       0.9923712534040374
       0.9927381411231828
       0.9931050291832320
       0.9934719175841848
       0.9938388063260410
       0.9942056954088014
       0.9945725848324647
       0.9949394745970330
       0.9953063647025042
       0.9956732551488796
       0.9960401459361583
       0.9964070370643403
       0.9967739285334265
       0.9971408203434164
       0.9975077124943097
       0.9978746049861076
       0.9982414978188083
       0.9986083909924133
       0.9989752845069220
       0.9993421783623340
       0.9997090725586497
       1.0000000000000000
       1.0000000000000000
       1.0000000000000000
       1.0000000000000000
       1.0000000000000000
       1.0000000000000000
       1.0000000000000000
       1.0000000000000000
       1.0000000000000000
       1.0000000000000000
       1.0000000000000000
       1.0000000000000000
       1.0000000000000000
       1.0000000000000000
       1.0000000000000000
       1.0000000000000000
       1.0000000000000000
       1.0000000000000000
       1.0000000000000000
       1.0000000000000000
       1.0000000000000000
       1.0000000000000000
       1.0000000000000000
       1.0000000000000000
       1.0000000000000000
       1.0000000000000000
       1.0000000000000000
       1.0000000000000000
       1.0000000000000000
       1.0000000000000000
       1.0000000000000000
       1.0000000000000000
       1.0000000000000000
       1.0000000000000000
       1.0000000000000000
       1.0000000000000000
       1.0000000000000000
       1.0000000000000000
       1.0000000000000000
       1.0000000000000000
       1.0000000000000000
       1.0000000000000000
       1.0000000000000000
       1.0000000000000000
       1.0000000000000000
       1.0000000000000000
       1.0000000000000000
       1.0000000000000000
       1.0000000000000000
       1.0000000000000000
       1.0000000000000000
       1.0000000000000000
       1.0000000000000000
       1.0000000000000000
       1.0000000000000000
       1.0000000000000000
       1.0000000000000000
       1.0000000000000000
       1.0000000000000000
       1.0000000000000000
       1.0000000000000000
       1.0000000000000000
       1.0000000000000000
       1.0000000000000000
       1.0000000000000000
       1.0000000000000000
       1.0000000000000000
       1.0000000000000000
       1.0000000000000000
       1.0000000000000000
       1.0000000000000000
       1.0000000000000000
       1.0000000000000000
       1.0000000000000000
       1.0000000000000000
       1.0000000000000000
       1.0000000000000000
       1.0000000000000000
       1.0000000000000000
       1.0000000000000000
       1.0000000000000000
       1.0000000000000000
       1.0000000000000000
       1.0000000000000000
       1.0000000000000000
       1.0000000000000000
       1.0000000000000000
       1.0000000000000000
       1.0000000000000000
       1.0000000000000000
       1.0000000000000000
       1.0000000000000000
       1.0000000000000000
       1.0000000000000000
       1.0000000000000000
       1.0000000000000000
       1.0000000000000000
       1.0000000000000000
       1.0000000000000000
       1.0000000000000000
       1.0000000000000000
       1.0000000000000000
       1.0000000000000000
       1.0000000000000000
       1.0000000000000000
       1.0000000000000000
       1.0000000000000000
       1.0000000000000000
       1.0000000000000000
       1.0000000000000000
       1.0000000000000000
       1.0000000000000000
       1.0000000000000000
       1.0000000000000000
       1.0000000000000000
       1.0000000000000000
       1.0000000000000000
       1.0000000000000000
       1.0000000000000000
       1.0000000000000000
       1.0000000000000000
       1.0000000000000000
       1.0000000000000000
       1.0000000000000000
       1.0000000000000000
       1.0000000000000000
       1.0000000000000000
       1.0000000000000000
       1.0000000000000000
       1.0000000000000000
       1.0000000000000000
       1.0000000000000000
       1.0000000000000000
       1.0000000000000000
       1.0000000000000000
       1.0000000000000000
       1.0000000000000000
       1.0000000000000000
       1.0000000000000000
       1.0000000000000000
       1.0000000000000000
       1.0000000000000000
       1.0000000000000000
       1.0000000000000000
       1.0000000000000000
       1.0000000000000000
       1.0000000000000000
       1.0000000000000000
       1.0000000000000000
       1.0000000000000000
       1.0000000000000000
       1.0000000000000000
       1.0000000000000000
       1.0000000000000000
       1.0000000000000000
       1.0000000000000000
       1.0000000000000000
       1.0000000000000000
       1.0000000000000000
       1.0000000000000000
       1.0000000000000000
       1.0000000000000000
       1.0000000000000000
       1.0000000000000000
       1.0000000000000000
       1.0000000000000000
       1.0000000000000000
       1.0000000000000000
       1.0000000000000000
       1.0000000000000000
       1.0000000000000000
       1.0000000000000000
       1.0000000000000000
       1.0000000000000000
       1.0000000000000000
       1.0000000000000000
       1.0000000000000000
       1.0000000000000000
       1.0000000000000000
       1.0000000000000000
       1.0000000000000000
       1.0000000000000000
       1.0000000000000000
       1.0000000000000000
       1.0000000000000000
       1.0000000000000000
       1.0000000000000000
       1.0000000000000000
       1.0000000000000000
       1.0000000000000000
       1.0000000000000000
       1.0000000000000000
       1.0000000000000000
       1.0000000000000000
       1.0000000000000000
       1.0000000000000000
       1.0000000000000000
       1.0000000000000000
       1.0000000000000000
       1.0000000000000000
       1.0000000000000000
       1.0000000000000000
       1.0000000000000000
       1.0000000000000000
       1.0000000000000000
       1.0000000000000000
       1.0000000000000000
       1.0000000000000000
       1.0000000000000000
       1.0000000000000000
       1.0000000000000000
       1.0000000000000000
       1.0000000000000000
       1.0000000000000000
       1.0000000000000000
       1.0000000000000000
       1.0000000000000000
       1.0000000000000000
       1.0000000000000000
       1.0000000000000000
       1.0000000000000000
       1.0000000000000000
       1.0000000000000000
       1.0000000000000000
       1.0000000000000000
       1.0000000000000000
       1.0000000000000000
       1.0000000000000000
       1.0000000000000000
       1.0000000000000000
       1.0000000000000000
       1.0000000000000000
       1.0000000000000000
       1.0000000000000000
       1.0000000000000000
       1.0000000000000000
       1.0000000000000000
       1.0000000000000000
       1.0000000000000000
       1.0000000000000000
       1.0000000000000000
       1.0000000000000000
       1.0000000000000000
       1.0000000000000000
       1.0000000000000000
       1.0000000000000000
       1.0000000000000000
       1.0000000000000000
       1.0000000000000000
       1.0000000000000000
       1.0000000000000000
       1.0000000000000000
       1.0000000000000000
       1.0000000000000000
       1.0000000000000000
       1.0000000000000000
       1.0000000000000000
       1.0000000000000000
       1.0000000000000000
       1.0000000000000000
       1.0000000000000000
       1.0000000000000000
       1.0000000000000000
       1.0000000000000000
       1.0000000000000000
       1.0000000000000000
       1.0000000000000000
       1.0000000000000000
       1.0000000000000000
       1.0000000000000000
       1.0000000000000000
       1.0000000000000000
       1.0000000000000000
       1.0000000000000000
       1.0000000000000000
       1.0000000000000000
       1.0000000000000000
       1.0000000000000000
       1.0000000000000000
       1.0000000000000000
       1.0000000000000000
       1.0000000000000000
       1.0000000000000000
       1.0000000000000000
       1.0000000000000000
       1.0000000000000000
       1.0000000000000000
       1.0000000000000000
       1.0000000000000000
       1.0000000000000000
       1.0000000000000000
       1.0000000000000000
       1.0000000000000000
       1.0000000000000000
       1.0000000000000000
       1.0000000000000000
       1.0000000000000000
       1.0000000000000000
       1.0000000000000000
       1.0000000000000000
       1.0000000000000000
       1.0000000000000000
       1.0000000000000000
       1.0000000000000000
       1.0000000000000000
       1.0000000000000000
       1.0000000000000000
       1.0000000000000000
       1.0000000000000000
       1.0000000000000000
       1.0000000000000000
       1.0000000000000000
       1.0000000000000000
       1.0000000000000000
       1.0000000000000000
       1.0000000000000000
       1.0000000000000000
       1.0000000000000000
       1.0000000000000000
       1.0000000000000000
       1.0000000000000000
       1.0000000000000000
       1.0000000000000000
       1.0000000000000000
       1.0000000000000000
       1.0000000000000000
       1.0000000000000000
       1.0000000000000000
       1.0000000000000000
       1.0000000000000000
       1.0000000000000000
       1.0000000000000000
       1.0000000000000000
       1.0000000000000000
       1.0000000000000000
       1.0000000000000000
       1.0000000000000000
       1.0000000000000000
       1.0000000000000000
       1.0000000000000000
       1.0000000000000000
       1.0000000000000000
       1.0000000000000000
       1.0000000000000000
       1.0000000000000000
       1.0000000000000000
       1.0000000000000000
       1.0000000000000000
       1.0000000000000000
       1.0000000000000000
       1.0000000000000000
       1.0000000000000000
       1.0000000000000000
       1.0000000000000000
       1.0000000000000000
       1.0000000000000000
       1.0000000000000000
       1.0000000000000000
       1.0000000000000000
       1.0000000000000000
       1.0000000000000000
       1.0000000000000000
       1.0000000000000000
       1.0000000000000000
       1.0000000000000000
       1.0000000000000000
       1.0000000000000000
       1.0000000000000000
       1.0000000000000000
       1.0000000000000000
       1.0000000000000000
       1.0000000000000000
       1.0000000000000000
       1.0000000000000000
       1.0000000000000000
       1.0000000000000000
       1.0000000000000000
       1.0000000000000000
       1.0000000000000000
       1.0000000000000000
       1.0000000000000000
       1.0000000000000000
       1.0000000000000000
       1.0000000000000000
       1.0000000000000000
       1.0000000000000000
       1.0000000000000000
       1.0000000000000000
       1.0000000000000000
       1.0000000000000000
       1.0000000000000000
       1.0000000000000000
       1.0000000000000000
       1.0000000000000000
       1.0000000000000000
       1.0000000000000000
       1.0000000000000000
       1.0000000000000000
       1.0000000000000000
       1.0000000000000000
       1.0000000000000000
       1.0000000000000000
       1.0000000000000000
       1.0000000000000000
       1.0000000000000000
       1.0000000000000000
       1.0000000000000000
       1.0000000000000000
       1.0000000000000000
       1.0000000000000000
       1.0000000000000000
       1.0000000000000000
       1.0000000000000000
       1.0000000000000000
       1.0000000000000000
       1.0000000000000000
       1.0000000000000000
       1.0000000000000000
       1.0000000000000000
       1.0000000000000000
       1.0000000000000000
       1.0000000000000000
       1.0000000000000000
       1.0000000000000000
       1.0000000000000000
       1.0000000000000000
       1.0000000000000000
       1.0000000000000000
       1.0000000000000000
       1.0000000000000000
       1.0000000000000000
       1.0000000000000000
       1.0000000000000000
       1.0000000000000000
       1.0000000000000000
       1.0000000000000000
       1.0000000000000000
       1.0000000000000000
       1.0000000000000000
       1.0000000000000000
       1.0000000000000000
       1.0000000000000000
       1.0000000000000000
       1.0000000000000000
       1.0000000000000000
       1.0000000000000000
       1.0000000000000000
       1.0000000000000000
       1.0000000000000000
       1.0000000000000000
       1.0000000000000000
       1.0000000000000000
       1.0000000000000000
       1.0000000000000000
       1.0000000000000000
       1.0000000000000000
       1.0000000000000000
       1.0000000000000000
       1.0000000000000000
       1.0000000000000000
       1.0000000000000000
       1.0000000000000000
       1.0000000000000000
       1.0000000000000000
       1.0000000000000000
       1.0000000000000000
       1.0000000000000000
       1.0000000000000000
       1.0000000000000000
       1.0000000000000000
       1.0000000000000000
       1.0000000000000000
       1.0000000000000000
       1.0000000000000000
       1.0000000000000000
       1.0000000000000000
       1.0000000000000000
       1.0000000000000000
       1.0000000000000000
       1.0000000000000000
       1.0000000000000000
       1.0000000000000000
       1.0000000000000000
       1.0000000000000000
       1.0000000000000000
       1.0000000000000000
       1.0000000000000000
       1.0000000000000000
       1.0000000000000000
       1.0000000000000000
       1.0000000000000000
       1.0000000000000000
       1.0000000000000000
       1.0000000000000000
       1.0000000000000000
       1.0000000000000000
       1.0000000000000000
       1.0000000000000000
       1.0000000000000000
       1.0000000000000000
       1.0000000000000000
       1.0000000000000000
       1.0000000000000000
       1.0000000000000000
       1.0000000000000000
       1.0000000000000000
       1.0000000000000000
       1.0000000000000000
       1.0000000000000000
       1.0000000000000000
       1.0000000000000000
       1.0000000000000000
       1.0000000000000000
       1.0000000000000000
       1.0000000000000000
       1.0000000000000000
       1.0000000000000000
       1.0000000000000000
       1.0000000000000000
       1.0000000000000000
       1.0000000000000000
       1.0000000000000000
       1.0000000000000000
       1.0000000000000000
       1.0000000000000000
       1.0000000000000000
       1.0000000000000000
       1.0000000000000000
       1.0000000000000000
       1.0000000000000000
       1.0000000000000000
       1.0000000000000000
       1.0000000000000000
       1.0000000000000000
       1.0000000000000000
       1.0000000000000000
       1.0000000000000000
       1.0000000000000000
       1.0000000000000000
       1.0000000000000000
       1.0000000000000000
       1.0000000000000000
       1.0000000000000000
       1.0000000000000000
       1.0000000000000000
       1.0000000000000000
       1.0000000000000000
       1.0000000000000000
       1.0000000000000000
       1.0000000000000000
       1.0000000000000000
       1.0000000000000000
       1.0000000000000000
       1.0000000000000000
       1.0000000000000000
       1.0000000000000000
       1.0000000000000000
       1.0000000000000000
       1.0000000000000000
       1.0000000000000000
       1.0000000000000000
       1.0000000000000000
       1.0000000000000000
       1.0000000000000000
       1.0000000000000000
       1.0000000000000000
       1.0000000000000000
       1.0000000000000000
       1.0000000000000000
       1.0000000000000000
       1.0000000000000000
       1.0000000000000000
       1.0000000000000000
       1.0000000000000000
       1.0000000000000000
       1.0000000000000000
       1.0000000000000000
       1.0000000000000000
       1.0000000000000000
       1.0000000000000000
       1.0000000000000000
       1.0000000000000000
       1.0000000000000000
       1.0000000000000000
       1.0000000000000000
       1.0000000000000000
       1.0000000000000000
       1.0000000000000000
       1.0000000000000000
       1.0000000000000000
       1.0000000000000000
       1.0000000000000000
       1.0000000000000000
       1.0000000000000000
       1.0000000000000000
       1.0000000000000000
       1.0000000000000000
       1.0000000000000000
       1.0000000000000000
       1.0000000000000000
       1.0000000000000000
       1.0000000000000000
       1.0000000000000000
       1.0000000000000000
       1.0000000000000000
       1.0000000000000000
       1.0000000000000000
       1.0000000000000000
       1.0000000000000000
       1.0000000000000000
       1.0000000000000000
       1.0000000000000000
       1.0000000000000000
       1.0000000000000000
       1.0000000000000000
       1.0000000000000000
       1.0000000000000000
       1.0000000000000000
       1.0000000000000000
       1.0000000000000000
       1.0000000000000000
       1.0000000000000000
       1.0000000000000000
       1.0000000000000000
       1.0000000000000000
       1.0000000000000000
       1.0000000000000000
       1.0000000000000000
       1.0000000000000000
       1.0000000000000000
       1.0000000000000000
       1.0000000000000000
       1.0000000000000000
       1.0000000000000000
       1.0000000000000000
       1.0000000000000000
       1.0000000000000000
       1.0000000000000000
       1.0000000000000000
       1.0000000000000000
       1.0000000000000000
       1.0000000000000000
       1.0000000000000000
       1.0000000000000000
       1.0000000000000000
       1.0000000000000000
       1.0000000000000000
       1.0000000000000000
       1.0000000000000000
       1.0000000000000000
       1.0000000000000000
       1.0000000000000000
       1.0000000000000000
       1.0000000000000000
       1.0000000000000000
       1.0000000000000000
       1.0000000000000000
       1.0000000000000000
       1.0000000000000000
       1.0000000000000000
       1.0000000000000000
       1.0000000000000000
       1.0000000000000000
       1.0000000000000000
       1.0000000000000000
       1.0000000000000000
       1.0000000000000000
       1.0000000000000000
       1.0000000000000000
       1.0000000000000000
       1.0000000000000000
       1.0000000000000000
       1.0000000000000000
       1.0000000000000000
       1.0000000000000000
       1.0000000000000000
       1.0000000000000000
       1.0000000000000000
       1.0000000000000000
       1.0000000000000000
       1.0000000000000000
       1.0000000000000000
       1.0000000000000000
       1.0000000000000000
       1.0000000000000000
       1.0000000000000000
       1.0000000000000000
       1.0000000000000000
       1.0000000000000000
       1.0000000000000000
       1.0000000000000000
       1.0000000000000000
       1.0000000000000000
       1.0000000000000000
       1.0000000000000000
       1.0000000000000000
       1.0000000000000000
       1.0000000000000000
       1.0000000000000000
       1.0000000000000000
       1.0000000000000000
       1.0000000000000000
       1.0000000000000000
       1.0000000000000000
       1.0000000000000000
       1.0000000000000000
       1.0000000000000000
       1.0000000000000000
       1.0000000000000000
       1.0000000000000000
       1.0000000000000000
       1.0000000000000000
       1.0000000000000000
       1.0000000000000000
       1.0000000000000000
       1.0000000000000000
       1.0000000000000000
       1.0000000000000000
       1.0000000000000000
       1.0000000000000000
       1.0000000000000000
       1.0000000000000000
       1.0000000000000000
       1.0000000000000000
       1.0000000000000000
       1.0000000000000000
       1.0000000000000000
       1.0000000000000000
       1.0000000000000000
       1.0000000000000000
       1.0000000000000000
       1.0000000000000000
       1.0000000000000000
       1.0000000000000000
       1.0000000000000000
       1.0000000000000000
       1.0000000000000000
       1.0000000000000000
       1.0000000000000000
       1.0000000000000000
       1.0000000000000000
       1.0000000000000000
       1.0000000000000000
       1.0000000000000000
       1.0000000000000000
       1.0000000000000000
       1.0000000000000000
       1.0000000000000000
       1.0000000000000000
       1.0000000000000000
       1.0000000000000000
       1.0000000000000000
       1.0000000000000000
       1.0000000000000000
       1.0000000000000000
       1.0000000000000000
       1.0000000000000000
       1.0000000000000000
       1.0000000000000000
       1.0000000000000000
       1.0000000000000000
       1.0000000000000000
       1.0000000000000000
       1.0000000000000000
       1.0000000000000000
       1.0000000000000000
       1.0000000000000000
       1.0000000000000000
       1.0000000000000000
       1.0000000000000000
       1.0000000000000000
       1.0000000000000000
       1.0000000000000000
       1.0000000000000000
       1.0000000000000000
       1.0000000000000000
       1.0000000000000000
       1.0000000000000000
       1.0000000000000000
       1.0000000000000000
       1.0000000000000000
       1.0000000000000000
       1.0000000000000000
       1.0000000000000000
       1.0000000000000000
       1.0000000000000000
       1.0000000000000000
       1.0000000000000000
       1.0000000000000000
       1.0000000000000000
       1.0000000000000000
       1.0000000000000000
       1.0000000000000000
       1.0000000000000000
       1.0000000000000000
       1.0000000000000000
       1.0000000000000000
       1.0000000000000000
       1.0000000000000000
       1.0000000000000000
       1.0000000000000000
       1.0000000000000000
       1.0000000000000000
       1.0000000000000000
       1.0000000000000000
       1.0000000000000000
       1.0000000000000000
       1.0000000000000000
       1.0000000000000000
       1.0000000000000000
       1.0000000000000000
       1.0000000000000000
       1.0000000000000000
       1.0000000000000000
       1.0000000000000000
       1.0000000000000000
       1.0000000000000000
       1.0000000000000000
       1.0000000000000000
       1.0000000000000000
       1.0000000000000000
       1.0000000000000000
       1.0000000000000000
       1.0000000000000000
       1.0000000000000000
       1.0000000000000000
       1.0000000000000000
       1.0000000000000000
       1.0000000000000000
       1.0000000000000000
       1.0000000000000000
       1.0000000000000000
       1.0000000000000000
       1.0000000000000000
       1.0000000000000000
       1.0000000000000000
       1.0000000000000000
       1.0000000000000000
       1.0000000000000000
       1.0000000000000000
