       0.7275842221959343
       0.7281970279987893
       0.7288098343712694
       0.7294226413133731
       0.7300354488250993
       0.7306482569064490
       0.7312610655574221
       0.7318738747780205
       0.7324866845682414
       0.7330994949280858
       0.7337123058575545
       0.7343251173566459
       0.7349379294253615
       0.7355507420637006
       0.7361635552716641
       0.7367763690492501
       0.7373891833964596
       0.7380019983132935
       0.7386148137997508
       0.7392276298558316
       0.7398404464815358
       0.7404532636768635
       0.7410660814418155
       0.7416788997763910
       0.7422917186805891
       0.7429045381544124
       0.7435173581978574
       0.7441301788109276
       0.7447429999936204
       0.7453558217459375
       0.7459686440678781
       0.7465814669594422
       0.7471942904206306
       0.7478071144514424
       0.7484199390518769
       0.7490327642219357
       0.7496455899616179
       0.7502584162709236
       0.7508712431498528
       0.7514840705984063
       0.7520968986165832
       0.7527097272043828
       0.7533225563618076
       0.7539353860888549
       0.7545482163855266
       0.7551610472518209
       0.7557738786877386
       0.7563867106932807
       0.7569995432684462
       0.7576123764132361
       0.7582252101276485
       0.7588380444116845
       0.7594508792653456
       0.7600637146886284
       0.7606765506815365
       0.7612893872440671
       0.7619022243762212
       0.7625150620779988
       0.7631279003494016
       0.7637407391904270
       0.7643535786010767
       0.7649664185813481
       0.7655792591312447
       0.7661921002507639
       0.7668049419399083
       0.7674177841986753
       0.7680306270270649
       0.7686434704250797
       0.7692563143927171
       0.7698691589299789
       0.7704820040368641
       0.7710948497133736
       0.7717076959595057
       0.7723205427752613
       0.7729333901606412
       0.7735462381156446
       0.7741590866402714
       0.7747719357345217
       0.7753847853983964
       0.7759976356318936
       0.7766104864350152
       0.7772233378077593
       0.7778361897501278
       0.7784490422621206
       0.7790618953437360
       0.7796747489949749
       0.7802876032158381
       0.7809004580063248
       0.7815133133664349
       0.7821261692961685
       0.7827390257955256
       0.7833518828645070
       0.7839647405031118
       0.7845775987113401
       0.7851904574891919
       0.7858033168366672
       0.7864161767537658
       0.7870290372404889
       0.7876418982968363
       0.7882547599228054
       0.7888676221183997
       0.7894804848836166
       0.7900933482184569
       0.7907062121229216
       0.7913190765970097
       0.7919319416407213
       0.7925448072540564
       0.7931576734370149
       0.7937705401895978
       0.7943834075118041
       0.7949962754036330
       0.7956091438650872
       0.7962220128961630
       0.7968348824968650
       0.7974477526671886
       0.7980606234071357
       0.7986734947167080
       0.7992863665959029
       0.7998992390447222
       0.8005121120631631
       0.8011249856512292
       0.8017378598089180
       0.8023507345362311
       0.8029636098331694
       0.8035764856997294
       0.8041893621359129
       0.8048022391417198
       0.8054151167171510
       0.8060279948622058
       0.8066408735768849
       0.8072537528611865
       0.8078666327151125
       0.8084795131386611
       0.8090923941318340
       0.8097052756946304
       0.8103181578270502
       0.8109310405290944
       0.8115439238007611
       0.8121568076420522
       0.8127696920529677
       0.8133825770335057
       0.8139954625836672
       0.8146083487034521
       0.8152212353928614
       0.8158341226518941
       0.8164470104805504
       0.8170598988788300
       0.8176727878467331
       0.8182856773842597
       0.8188985674914107
       0.8195114581681850
       0.8201243494145838
       0.8207372412306051
       0.8213501336162499
       0.8219630265715190
       0.8225759200964107
       0.8231888141909267
       0.8238017088550662
       0.8244146040888300
       0.8250274998922165
       0.8256403962652272
       0.8262532932078606
       0.8268661907201182
       0.8274790888019994
       0.8280919874535040
       0.8287048866746329
       0.8293177864653853
       0.8299306868257612
       0.8305435877557605
       0.8311564892553833
       0.8317693913246296
       0.8323822939635002
       0.8329951971719942
       0.8336081009501108
       0.8342210052978527
       0.8348339102152162
       0.8354468157022059
       0.8360597217588173
       0.8366726283850530
       0.8372855355809112
       0.8378984433463947
       0.8385113516815008
       0.8391242605862304
       0.8397371700605842
       0.8403500801045616
       0.8409629907181624
       0.8415759019013866
       0.8421888136542344
       0.8428017259767064
       0.8434146388688011
       0.8440275523305201
       0.8446404663618625
       0.8452533809628284
       0.8458662961334178
       0.8464792118736315
       0.8470921281834687
       0.8477050450629293
       0.8483179625120134
       0.8489308805307201
       0.8495437991190529
       0.8501567182770073
       0.8507696380045853
       0.8513825583017884
       0.8519954791686142
       0.8526084006050634
       0.8532213226111360
       0.8538342451868330
       0.8544471683321544
       0.8550600920470974
       0.8556730163316648
       0.8562859411858565
       0.8568988666096709
       0.8575117926031095
       0.8581247191661716
       0.8587376462988563
       0.8593505740011662
       0.8599635022730996
       0.8605764311146555
       0.8611893605258349
       0.8618022905066396
       0.8624152210570668
       0.8630281521771166
       0.8636410838667916
       0.8642540161260901
       0.8648669489550111
       0.8654798823535566
       0.8660928163217263
       0.8667057508595186
       0.8673186859669344
       0.8679316216439745
       0.8685445578906381
       0.8691574947069243
       0.8697704320928357
       0.8703833700483696
       0.8709963085735279
       0.8716092476683097
       0.8722221873327149
       0.8728351275667436
       0.8734480683703949
       0.8740610097436714
       0.8746739516865714
       0.8752868941990939
       0.8758998372812408
       0.8765127809330111
       0.8771257251544049
       0.8777386699454230
       0.8783516153060638
       0.8789645612363297
       0.8795775077362173
       0.8801904548057302
       0.8808034024448657
       0.8814163506536254
       0.8820292994320078
       0.8826422487800145
       0.8832551986976447
       0.8838681491848983
       0.8844811002417754
       0.8850940518682768
       0.8857070040644008
       0.8863199568301501
       0.8869329101655219
       0.8875458640705163
       0.8881588185451359
       0.8887717735893790
       0.8893847292032446
       0.8899976853867355
       0.8906106421398490
       0.8912235994625859
       0.8918365573549463
       0.8924495158169310
       0.8930624748485383
       0.8936754344497699
       0.8942883946206259
       0.8949013553611036
       0.8955143166712074
       0.8961272785509329
       0.8967402410002827
       0.8973532040192560
       0.8979661676078527
       0.8985791317660738
       0.8991920964939184
       0.8998050617913855
       0.9004180276584761
       0.9010309940951911
       0.9016439611015303
       0.9022569286774922
       0.9028698968230784
       0.9034828655382880
       0.9040958348231212
       0.9047088046775777
       0.9053217751016578
       0.9059347460953613
       0.9065477176586891
       0.9071606897916404
       0.9077736624942152
       0.9083866357664134
       0.9089996096082351
       0.9096125840196811
       0.9102255590007498
       0.9108385345514427
       0.9114515106717600
       0.9120644873616990
       0.9126774646212632
       0.9132904424504509
       0.9139034208492611
       0.9145163998176957
       0.9151293793557538
       0.9157423594634353
       0.9163553401407403
       0.9169683213876696
       0.9175813032042224
       0.9181942855903986
       0.9188072685461983
       0.9194202520716224
       0.9200332361666699
       0.9206462208313400
       0.9212592060656344
       0.9218721918695523
       0.9224851782430927
       0.9230981651862584
       0.9237111526990467
       0.9243241407814593
       0.9249371294334954
       0.9255501186551540
       0.9261631084464379
       0.9267760988073444
       0.9273890897378751
       0.9280020812380294
       0.9286150733078071
       0.9292280659472083
       0.9298410591562329
       0.9304540529348810
       0.9310670472831535
       0.9316800422010494
       0.9322930376885687
       0.9329060337457116
       0.9335190303724779
       0.9341320275688685
       0.9347450253348817
       0.9353580236705192
       0.9359710225757802
       0.9365840220506647
       0.9371970220951735
       0.9378100227093049
       0.9384230238930598
       0.9390360256464398
       0.9396490279694425
       0.9402620308620686
       0.9408750343243182
       0.9414880383561921
       0.9421010429576895
       0.9427140481288094
       0.9433270538695546
       0.9439400601799224
       0.9445530670599136
       0.9451660745095292
       0.9457790825287682
       0.9463920911176307
       0.9470051002761157
       0.9476181100042260
       0.9482311203019589
       0.9488441311693170
       0.9494571426062968
       0.9500701546129009
       0.9506831671891285
       0.9512961803349804
       0.9519091940504549
       0.9525222083355529
       0.9531352231902761
       0.9537482386146219
       0.9543612546085911
       0.9549742711721847
       0.9555872883054009
       0.9562003060082414
       0.9568133242807044
       0.9574263431227927
       0.9580393625345045
       0.9586523825158380
       0.9592654030667966
       0.9598784241873779
       0.9604914458775835
       0.9611044681374135
       0.9617174909668669
       0.9623305143659429
       0.9629435383346423
       0.9635565628729661
       0.9641695879809142
       0.9647826136584841
       0.9653956399056782
       0.9660086667224976
       0.9666216941089396
       0.9672347220650042
       0.9678477505906939
       0.9684607796860054
       0.9690738093509412
       0.9696868395855023
       0.9702998703896859
       0.9709129017634912
       0.9715259337069226
       0.9721389662199766
       0.9727519993026541
       0.9733650329549568
       0.9739780671768812
       0.9745911019684299
       0.9752041373296021
       0.9758171732603986
       0.9764302097608177
       0.9770432468308603
       0.9776562844705281
       0.9782693226798176
       0.9788823614587323
       0.9794954008072696
       0.9801084407254312
       0.9807214812132163
       0.9813345222706240
       0.9819475638976560
       0.9825606060943115
       0.9831736488605913
       0.9837866921964946
       0.9843997361020205
       0.9850127805771707
       0.9856258256219443
       0.9862388712363424
       0.9868519174203638
       0.9874649641740079
       0.9880780114972771
       0.9886910593901681
       0.9893041078526834
       0.9899171568848222
       0.9905302064865853
       0.9911432566579719
       0.9917563073989810
       0.9923693587096145
       0.9929824105898715
       0.9935954630397528
       0.9942085160592575
       0.9948215696483849
       0.9954346238071365
       0.9960476785355117
       0.9966607338335103
       0.9972737897011323
       0.9978868461383796
       0.9984999031452486
       0.9991129607217419
       0.9997260188678587
       1.0000000000000000
       1.0000000000000000
       1.0000000000000000
       1.0000000000000000
       1.0000000000000000
       1.0000000000000000
       1.0000000000000000
       1.0000000000000000
       1.0000000000000000
       1.0000000000000000
       1.0000000000000000
       1.0000000000000000
       1.0000000000000000
       1.0000000000000000
       1.0000000000000000
       1.0000000000000000
       1.0000000000000000
       1.0000000000000000
       1.0000000000000000
       1.0000000000000000
       1.0000000000000000
       1.0000000000000000
       1.0000000000000000
       1.0000000000000000
       1.0000000000000000
       1.0000000000000000
       1.0000000000000000
       1.0000000000000000
       1.0000000000000000
       1.0000000000000000
       1.0000000000000000
       1.0000000000000000
       1.0000000000000000
       1.0000000000000000
       1.0000000000000000
       1.0000000000000000
       1.0000000000000000
       1.0000000000000000
       1.0000000000000000
       1.0000000000000000
       1.0000000000000000
       1.0000000000000000
       1.0000000000000000
       1.0000000000000000
       1.0000000000000000
       1.0000000000000000
       1.0000000000000000
       1.0000000000000000
       1.0000000000000000
       1.0000000000000000
       1.0000000000000000
       1.0000000000000000
       1.0000000000000000
       1.0000000000000000
       1.0000000000000000
       1.0000000000000000
       1.0000000000000000
       1.0000000000000000
       1.0000000000000000
       1.0000000000000000
       1.0000000000000000
       1.0000000000000000
       1.0000000000000000
       1.0000000000000000
       1.0000000000000000
       1.0000000000000000
       1.0000000000000000
       1.0000000000000000
       1.0000000000000000
       1.0000000000000000
       1.0000000000000000
       1.0000000000000000
       1.0000000000000000
       1.0000000000000000
       1.0000000000000000
       1.0000000000000000
       1.0000000000000000
       1.0000000000000000
       1.0000000000000000
       1.0000000000000000
       1.0000000000000000
       1.0000000000000000
       1.0000000000000000
       1.0000000000000000
       1.0000000000000000
       1.0000000000000000
       1.0000000000000000
       1.0000000000000000
       1.0000000000000000
       1.0000000000000000
       1.0000000000000000
       1.0000000000000000
       1.0000000000000000
       1.0000000000000000
       1.0000000000000000
       1.0000000000000000
       1.0000000000000000
       1.0000000000000000
       1.0000000000000000
       1.0000000000000000
       1.0000000000000000
       1.0000000000000000
       1.0000000000000000
       1.0000000000000000
       1.0000000000000000
       1.0000000000000000
       1.0000000000000000
       1.0000000000000000
       1.0000000000000000
       1.0000000000000000
       1.0000000000000000
       1.0000000000000000
       1.0000000000000000
       1.0000000000000000
       1.0000000000000000
       1.0000000000000000
       1.0000000000000000
       1.0000000000000000
       1.0000000000000000
       1.0000000000000000
       1.0000000000000000
       1.0000000000000000
       1.0000000000000000
       1.0000000000000000
       1.0000000000000000
       1.0000000000000000
       1.0000000000000000
       1.0000000000000000
       1.0000000000000000
       1.0000000000000000
       1.0000000000000000
       1.0000000000000000
       1.0000000000000000
       1.0000000000000000
       1.0000000000000000
       1.0000000000000000
       1.0000000000000000
       1.0000000000000000
       1.0000000000000000
       1.0000000000000000
       1.0000000000000000
       1.0000000000000000
       1.0000000000000000
       1.0000000000000000
       1.0000000000000000
       1.0000000000000000
       1.0000000000000000
       1.0000000000000000
       1.0000000000000000
       1.0000000000000000
       1.0000000000000000
       1.0000000000000000
       1.0000000000000000
       1.0000000000000000
       1.0000000000000000
       1.0000000000000000
       1.0000000000000000
       1.0000000000000000
       1.0000000000000000
       1.0000000000000000
       1.0000000000000000
       1.0000000000000000
       1.0000000000000000
       1.0000000000000000
       1.0000000000000000
       1.0000000000000000
       1.0000000000000000
       1.0000000000000000
       1.0000000000000000
       1.0000000000000000
       1.0000000000000000
       1.0000000000000000
       1.0000000000000000
       1.0000000000000000
       1.0000000000000000
       1.0000000000000000
       1.0000000000000000
       1.0000000000000000
       1.0000000000000000
       1.0000000000000000
       1.0000000000000000
       1.0000000000000000
       1.0000000000000000
       1.0000000000000000
       1.0000000000000000
       1.0000000000000000
       1.0000000000000000
       1.0000000000000000
       1.0000000000000000
       1.0000000000000000
       1.0000000000000000
       1.0000000000000000
       1.0000000000000000
       1.0000000000000000
       1.0000000000000000
       1.0000000000000000
       1.0000000000000000
       1.0000000000000000
       1.0000000000000000
       1.0000000000000000
       1.0000000000000000
       1.0000000000000000
       1.0000000000000000
       1.0000000000000000
       1.0000000000000000
       1.0000000000000000
       1.0000000000000000
       1.0000000000000000
       1.0000000000000000
       1.0000000000000000
       1.0000000000000000
       1.0000000000000000
       1.0000000000000000
       1.0000000000000000
       1.0000000000000000
       1.0000000000000000
       1.0000000000000000
       1.0000000000000000
       1.0000000000000000
       1.0000000000000000
       1.0000000000000000
       1.0000000000000000
       1.0000000000000000
       1.0000000000000000
       1.0000000000000000
       1.0000000000000000
       1.0000000000000000
       1.0000000000000000
       1.0000000000000000
       1.0000000000000000
       1.0000000000000000
       1.0000000000000000
       1.0000000000000000
       1.0000000000000000
       1.0000000000000000
       1.0000000000000000
       1.0000000000000000
       1.0000000000000000
       1.0000000000000000
       1.0000000000000000
       1.0000000000000000
       1.0000000000000000
       1.0000000000000000
       1.0000000000000000
       1.0000000000000000
       1.0000000000000000
       1.0000000000000000
       1.0000000000000000
       1.0000000000000000
       1.0000000000000000
       1.0000000000000000
       1.0000000000000000
       1.0000000000000000
       1.0000000000000000
       1.0000000000000000
       1.0000000000000000
       1.0000000000000000
       1.0000000000000000
       1.0000000000000000
       1.0000000000000000
       1.0000000000000000
       1.0000000000000000
       1.0000000000000000
       1.0000000000000000
       1.0000000000000000
       1.0000000000000000
       1.0000000000000000
       1.0000000000000000
       1.0000000000000000
       1.0000000000000000
       1.0000000000000000
       1.0000000000000000
       1.0000000000000000
       1.0000000000000000
       1.0000000000000000
       1.0000000000000000
       1.0000000000000000
       1.0000000000000000
       1.0000000000000000
       1.0000000000000000
       1.0000000000000000
       1.0000000000000000
       1.0000000000000000
       1.0000000000000000
       1.0000000000000000
       1.0000000000000000
       1.0000000000000000
       1.0000000000000000
       1.0000000000000000
       1.0000000000000000
       1.0000000000000000
       1.0000000000000000
       1.0000000000000000
       1.0000000000000000
       1.0000000000000000
       1.0000000000000000
       1.0000000000000000
       1.0000000000000000
       1.0000000000000000
       1.0000000000000000
       1.0000000000000000
       1.0000000000000000
       1.0000000000000000
       1.0000000000000000
       1.0000000000000000
       1.0000000000000000
       1.0000000000000000
       1.0000000000000000
       1.0000000000000000
       1.0000000000000000
       1.0000000000000000
       1.0000000000000000
       1.0000000000000000
       1.0000000000000000
       1.0000000000000000
       1.0000000000000000
       1.0000000000000000
       1.0000000000000000
       1.0000000000000000
       1.0000000000000000
       1.0000000000000000
       1.0000000000000000
       1.0000000000000000
       1.0000000000000000
       1.0000000000000000
       1.0000000000000000
       1.0000000000000000
       1.0000000000000000
       1.0000000000000000
       1.0000000000000000
       1.0000000000000000
       1.0000000000000000
       1.0000000000000000
       1.0000000000000000
       1.0000000000000000
       1.0000000000000000
       1.0000000000000000
       1.0000000000000000
       1.0000000000000000
       1.0000000000000000
       1.0000000000000000
       1.0000000000000000
       1.0000000000000000
       1.0000000000000000
       1.0000000000000000
       1.0000000000000000
       1.0000000000000000
       1.0000000000000000
       1.0000000000000000
       1.0000000000000000
       1.0000000000000000
       1.0000000000000000
       1.0000000000000000
       1.0000000000000000
       1.0000000000000000
       1.0000000000000000
       1.0000000000000000
       1.0000000000000000
       1.0000000000000000
       1.0000000000000000
       1.0000000000000000
       1.0000000000000000
       1.0000000000000000
       1.0000000000000000
       1.0000000000000000
       1.0000000000000000
       1.0000000000000000
       1.0000000000000000
       1.0000000000000000
       1.0000000000000000
       1.0000000000000000
       1.0000000000000000
       1.0000000000000000
       1.0000000000000000
       1.0000000000000000
       1.0000000000000000
       1.0000000000000000
       1.0000000000000000
       1.0000000000000000
       1.0000000000000000
       1.0000000000000000
       1.0000000000000000
       1.0000000000000000
       1.0000000000000000
       1.0000000000000000
       1.0000000000000000
       1.0000000000000000
       1.0000000000000000
       1.0000000000000000
       1.0000000000000000
       1.0000000000000000
       1.0000000000000000
       1.0000000000000000
       1.0000000000000000
       1.0000000000000000
       1.0000000000000000
       1.0000000000000000
       1.0000000000000000
       1.0000000000000000
       1.0000000000000000
       1.0000000000000000
       1.0000000000000000
       1.0000000000000000
       1.0000000000000000
       1.0000000000000000
       1.0000000000000000
       1.0000000000000000
       1.0000000000000000
       1.0000000000000000
       1.0000000000000000
       1.0000000000000000
       1.0000000000000000
       1.0000000000000000
       1.0000000000000000
       1.0000000000000000
       1.0000000000000000
       1.0000000000000000
       1.0000000000000000
       1.0000000000000000
       1.0000000000000000
       1.0000000000000000
       1.0000000000000000
       1.0000000000000000
       1.0000000000000000
       1.0000000000000000
       1.0000000000000000
       1.0000000000000000
       1.0000000000000000
       1.0000000000000000
       1.0000000000000000
       1.0000000000000000
       1.0000000000000000
       1.0000000000000000
       1.0000000000000000
       1.0000000000000000
       1.0000000000000000
       1.0000000000000000
       1.0000000000000000
       1.0000000000000000
       1.0000000000000000
       1.0000000000000000
       1.0000000000000000
       1.0000000000000000
       1.0000000000000000
       1.0000000000000000
       1.0000000000000000
       1.0000000000000000
       1.0000000000000000
       1.0000000000000000
       1.0000000000000000
       1.0000000000000000
       1.0000000000000000
       1.0000000000000000
       1.0000000000000000
       1.0000000000000000
       1.0000000000000000
       1.0000000000000000
       1.0000000000000000
       1.0000000000000000
       1.0000000000000000
       1.0000000000000000
       1.0000000000000000
       1.0000000000000000
       1.0000000000000000
       1.0000000000000000
       1.0000000000000000
       1.0000000000000000
       1.0000000000000000
       1.0000000000000000
       1.0000000000000000
       1.0000000000000000
       1.0000000000000000
       1.0000000000000000
       1.0000000000000000
       1.0000000000000000
       1.0000000000000000
       1.0000000000000000
       1.0000000000000000
       1.0000000000000000
       1.0000000000000000
       1.0000000000000000
       1.0000000000000000
       1.0000000000000000
       1.0000000000000000
       1.0000000000000000
       1.0000000000000000
       1.0000000000000000
       1.0000000000000000
       1.0000000000000000
       1.0000000000000000
       1.0000000000000000
       1.0000000000000000
       1.0000000000000000
       1.0000000000000000
       1.0000000000000000
       1.0000000000000000
       1.0000000000000000
       1.0000000000000000
       1.0000000000000000
       1.0000000000000000
       1.0000000000000000
       1.0000000000000000
       1.0000000000000000
       1.0000000000000000
       1.0000000000000000
       1.0000000000000000
       1.0000000000000000
       1.0000000000000000
       1.0000000000000000
       1.0000000000000000
       1.0000000000000000
       1.0000000000000000
       1.0000000000000000
       1.0000000000000000
       1.0000000000000000
       1.0000000000000000
       1.0000000000000000
       1.0000000000000000
       1.0000000000000000
       1.0000000000000000
       1.0000000000000000
       1.0000000000000000
       1.0000000000000000
       1.0000000000000000
       1.0000000000000000
       1.0000000000000000
       1.0000000000000000
       1.0000000000000000
       1.0000000000000000
       1.0000000000000000
       1.0000000000000000
       1.0000000000000000
       1.0000000000000000
       1.0000000000000000
       1.0000000000000000
       1.0000000000000000
       1.0000000000000000
       1.0000000000000000
       1.0000000000000000
       1.0000000000000000
       1.0000000000000000
       1.0000000000000000
       1.0000000000000000
       1.0000000000000000
       1.0000000000000000
       1.0000000000000000
       1.0000000000000000
       1.0000000000000000
       1.0000000000000000
       1.0000000000000000
       1.0000000000000000
       1.0000000000000000
       1.0000000000000000
       1.0000000000000000
       1.0000000000000000
       1.0000000000000000
       1.0000000000000000
       1.0000000000000000
       1.0000000000000000
       1.0000000000000000
       1.0000000000000000
       1.0000000000000000
       1.0000000000000000
       1.0000000000000000
       1.0000000000000000
       1.0000000000000000
       1.0000000000000000
       1.0000000000000000
       1.0000000000000000
       1.0000000000000000
       1.0000000000000000
       1.0000000000000000
       1.0000000000000000
       1.0000000000000000
       1.0000000000000000
       1.0000000000000000
       1.0000000000000000
       1.0000000000000000
       1.0000000000000000
       1.0000000000000000
       1.0000000000000000
       1.0000000000000000
       1.0000000000000000
       1.0000000000000000
       1.0000000000000000
       1.0000000000000000
       1.0000000000000000
       1.0000000000000000
       1.0000000000000000
       1.0000000000000000
       1.0000000000000000
       1.0000000000000000
       1.0000000000000000
       1.0000000000000000
       1.0000000000000000
       1.0000000000000000
       1.0000000000000000
       1.0000000000000000
       1.0000000000000000
       1.0000000000000000
       1.0000000000000000
       1.0000000000000000
       1.0000000000000000
       1.0000000000000000
       1.0000000000000000
       1.0000000000000000
       1.0000000000000000
       1.0000000000000000
       1.0000000000000000
       1.0000000000000000
       1.0000000000000000
       1.0000000000000000
       1.0000000000000000
       1.0000000000000000
       1.0000000000000000
       1.0000000000000000
       1.0000000000000000
       1.0000000000000000
       1.0000000000000000
       1.0000000000000000
       1.0000000000000000
       1.0000000000000000
       1.0000000000000000
       1.0000000000000000
       1.0000000000000000
       1.0000000000000000
       1.0000000000000000
       1.0000000000000000
       1.0000000000000000
       1.0000000000000000
       1.0000000000000000
       1.0000000000000000
       1.0000000000000000
       1.0000000000000000
       1.0000000000000000
       1.0000000000000000
       1.0000000000000000
       1.0000000000000000
       1.0000000000000000
       1.0000000000000000
       1.0000000000000000
       1.0000000000000000
       1.0000000000000000
       1.0000000000000000
       1.0000000000000000
       1.0000000000000000
       1.0000000000000000
       1.0000000000000000
       1.0000000000000000
       1.0000000000000000
       1.0000000000000000
       1.0000000000000000
       1.0000000000000000
       1.0000000000000000
       1.0000000000000000
       1.0000000000000000
       1.0000000000000000
       1.0000000000000000
       1.0000000000000000
       1.0000000000000000
       1.0000000000000000
       1.0000000000000000
       1.0000000000000000
       1.0000000000000000
       1.0000000000000000
       1.0000000000000000
       1.0000000000000000
       1.0000000000000000
       1.0000000000000000
       1.0000000000000000
       1.0000000000000000
       1.0000000000000000
       1.0000000000000000
       1.0000000000000000
       1.0000000000000000
       1.0000000000000000
       1.0000000000000000
       1.0000000000000000
       1.0000000000000000
       1.0000000000000000
       1.0000000000000000
       1.0000000000000000
       1.0000000000000000
       1.0000000000000000
       1.0000000000000000
       1.0000000000000000
       1.0000000000000000
       1.0000000000000000
       1.0000000000000000
       1.0000000000000000
       1.0000000000000000
       1.0000000000000000
       1.0000000000000000
       1.0000000000000000
       1.0000000000000000
       1.0000000000000000
       1.0000000000000000
       1.0000000000000000
       1.0000000000000000
       1.0000000000000000
       1.0000000000000000
       1.0000000000000000
       1.0000000000000000
       1.0000000000000000
       1.0000000000000000
       1.0000000000000000
       1.0000000000000000
       1.0000000000000000
       1.0000000000000000
       1.0000000000000000
       1.0000000000000000
       1.0000000000000000
       1.0000000000000000
       1.0000000000000000
       1.0000000000000000
       1.0000000000000000
       1.0000000000000000
       1.0000000000000000
       1.0000000000000000
       1.0000000000000000
       1.0000000000000000
       1.0000000000000000
       1.0000000000000000
       1.0000000000000000
       1.0000000000000000
       1.0000000000000000
       1.0000000000000000
       1.0000000000000000
       1.0000000000000000
       1.0000000000000000
       1.0000000000000000
       1.0000000000000000
       1.0000000000000000
       1.0000000000000000
       1.0000000000000000
       1.0000000000000000
       1.0000000000000000
       1.0000000000000000
       1.0000000000000000
       1.0000000000000000
       1.0000000000000000
       1.0000000000000000
       1.0000000000000000
       1.0000000000000000
       1.0000000000000000
       1.0000000000000000
       1.0000000000000000
       1.0000000000000000
       1.0000000000000000
       1.0000000000000000
       1.0000000000000000
       1.0000000000000000
       1.0000000000000000
       1.0000000000000000
       1.0000000000000000
       1.0000000000000000
       1.0000000000000000
       1.0000000000000000
       1.0000000000000000
       1.0000000000000000
       1.0000000000000000
       1.0000000000000000
       1.0000000000000000
       1.0000000000000000
       1.0000000000000000
       1.0000000000000000
       1.0000000000000000
       1.0000000000000000
       1.0000000000000000
       1.0000000000000000
       1.0000000000000000
       1.0000000000000000
       1.0000000000000000
       1.0000000000000000
       1.0000000000000000
       1.0000000000000000
       1.0000000000000000
       1.0000000000000000
       1.0000000000000000
       1.0000000000000000
       1.0000000000000000
       1.0000000000000000
       1.0000000000000000
       1.0000000000000000
       1.0000000000000000
       1.0000000000000000
       1.0000000000000000
       1.0000000000000000
       1.0000000000000000
       1.0000000000000000
       1.0000000000000000
       1.0000000000000000
       1.0000000000000000
       1.0000000000000000
       1.0000000000000000
       1.0000000000000000
       1.0000000000000000
       1.0000000000000000
       1.0000000000000000
       1.0000000000000000
       1.0000000000000000
       1.0000000000000000
       1.0000000000000000
       1.0000000000000000
       1.0000000000000000
       1.0000000000000000
       1.0000000000000000
       1.0000000000000000
       1.0000000000000000
       1.0000000000000000
       1.0000000000000000
       1.0000000000000000
       1.0000000000000000
       1.0000000000000000
       1.0000000000000000
       1.0000000000000000
       1.0000000000000000
       1.0000000000000000
       1.0000000000000000
       1.0000000000000000
       1.0000000000000000
       1.0000000000000000
       1.0000000000000000
       1.0000000000000000
       1.0000000000000000
       1.0000000000000000
       1.0000000000000000
       1.0000000000000000
       1.0000000000000000
