       0.7376262614934390
       0.7382955851413300
       0.7389649094113810
       0.7396342343035904
       0.7403035598179590
       0.7409728859544851
       0.7416422127131712
       0.7423115400940157
       0.7429808680970194
       0.7436501967221822
       0.7443195259695043
       0.7449888558389848
       0.7456581863306235
       0.7463275174444206
       0.7469968491803787
       0.7476661815384951
       0.7483355145187689
       0.7490048481212028
       0.7496741823457951
       0.7503435171925465
       0.7510128526614572
       0.7516821887525262
       0.7523515254657536
       0.7530208628011410
       0.7536902007586859
       0.7543595393383908
       0.7550288785402550
       0.7556982183642775
       0.7563675588104593
       0.7570368998787993
       0.7577062415692968
       0.7583755838819561
       0.7590449268167720
       0.7597142703737481
       0.7603836145528824
       0.7610529593541759
       0.7617223047776287
       0.7623916508232398
       0.7630609974910092
       0.7637303447809387
       0.7643996926930257
       0.7650690412272736
       0.7657383903836790
       0.7664077401622436
       0.7670770905629674
       0.7677464415858495
       0.7684157932308899
       0.7690851454980896
       0.7697544983874485
       0.7704238518989674
       0.7710932060326439
       0.7717625607884786
       0.7724319161664734
       0.7731012721666266
       0.7737706287889381
       0.7744399860334097
       0.7751093439000396
       0.7757787023888287
       0.7764480614997762
       0.7771174212328829
       0.7777867815881478
       0.7784561425655729
       0.7791255041651555
       0.7797948663868981
       0.7804642292307982
       0.7811335926968592
       0.7818029567850777
       0.7824723214954545
       0.7831416868279915
       0.7838110527826867
       0.7844804193595412
       0.7851497865585539
       0.7858191543797259
       0.7864885228230571
       0.7871578918885476
       0.7878272615761963
       0.7884966318860034
       0.7891660028179697
       0.7898353743720943
       0.7905047465483790
       0.7911741193468211
       0.7918434927674243
       0.7925128668101848
       0.7931822414751046
       0.7938516167621827
       0.7945209926714210
       0.7951903692028166
       0.7958597463563724
       0.7965291241320855
       0.7971985025299588
       0.7978678815499913
       0.7985372611921822
       0.7992066414565313
       0.7998760223430397
       0.8005454038517072
       0.8012147859825332
       0.8018841687355183
       0.8025535521106626
       0.8032229361079652
       0.8038923207274271
       0.8045617059690473
       0.8052310918328267
       0.8059004783187662
       0.8065698654268623
       0.8072392531571193
       0.8079086415095338
       0.8085780304841084
       0.8092474200808404
       0.8099168102997325
       0.8105862011407838
       0.8112555926039926
       0.8119249846893615
       0.8125943773968887
       0.8132637707265742
       0.8139331646784198
       0.8146025592524229
       0.8152719544485860
       0.8159413502669075
       0.8166107467073891
       0.8172801437700272
       0.8179495414548263
       0.8186189397617829
       0.8192883386908987
       0.8199577382421737
       0.8206271384156070
       0.8212965392112004
       0.8219659406289521
       0.8226353426688613
       0.8233047453309315
       0.8239741486151599
       0.8246435525215468
       0.8253129570500928
       0.8259823622007971
       0.8266517679736616
       0.8273211743686844
       0.8279905813858655
       0.8286599890252058
       0.8293293972867044
       0.8299988061703631
       0.8306682156761793
       0.8313376258041556
       0.8320070365542911
       0.8326764479265840
       0.8333458599210362
       0.8340152725376484
       0.8346846857764181
       0.8353540996373470
       0.8360235141204351
       0.8366929292256815
       0.8373623449530871
       0.8380317613026529
       0.8387011782743761
       0.8393705958682585
       0.8400400140843001
       0.8407094329225000
       0.8413788523828591
       0.8420482724653766
       0.8427176931700533
       0.8433871144968901
       0.8440565364458843
       0.8447259590170377
       0.8453953822103495
       0.8460648060258205
       0.8467342304634506
       0.8474036555232400
       0.8480730812051878
       0.8487425075092947
       0.8494119344355600
       0.8500813619839844
       0.8507507901545681
       0.8514202189473101
       0.8520896483622113
       0.8527590783992709
       0.8534285090584897
       0.8540979403398685
       0.8547673722434048
       0.8554368047691003
       0.8561062379169551
       0.8567756716869681
       0.8574451060791404
       0.8581145410934710
       0.8587839767299608
       0.8594534129886107
       0.8601228498694171
       0.8607922873723846
       0.8614617254975103
       0.8621311642447944
       0.8628006036142368
       0.8634700436058393
       0.8641394842196011
       0.8648089254555211
       0.8654783673135986
       0.8661478097938371
       0.8668172528962330
       0.8674866966207881
       0.8681561409675025
       0.8688255859363760
       0.8694950315274079
       0.8701644777405990
       0.8708339245759484
       0.8715033720334571
       0.8721728201131249
       0.8728422688149511
       0.8735117181389365
       0.8741811680850811
       0.8748506186533840
       0.8755200698438461
       0.8761895216564666
       0.8768589740912462
       0.8775284271481851
       0.8781978808272823
       0.8788673351285397
       0.8795367900519535
       0.8802062455975275
       0.8808757017652606
       0.8815451585551530
       0.8822146159672037
       0.8828840740014128
       0.8835535326577819
       0.8842229919363094
       0.8848924518369952
       0.8855619123598402
       0.8862313735048444
       0.8869008352720078
       0.8875702976613287
       0.8882397606728096
       0.8889092243064498
       0.8895786885622483
       0.8902481534402051
       0.8909176189403203
       0.8915870850625964
       0.8922565518070309
       0.8929260191736237
       0.8935954871623748
       0.8942649557732860
       0.8949344250063556
       0.8956038948615834
       0.8962733653389705
       0.8969428364385159
       0.8976123081602223
       0.8982817805040852
       0.8989512534701083
       0.8996207270582897
       0.9002902012686311
       0.9009596761011300
       0.9016291515557882
       0.9022986276326055
       0.9029681043315811
       0.9036375816527160
       0.9043070595960092
       0.9049765381614625
       0.9056460173490750
       0.9063154971588441
       0.9069849775907732
       0.9076544586448616
       0.9083239403211092
       0.9089934226195142
       0.9096629055400793
       0.9103323890828037
       0.9110018732476863
       0.9116713580347273
       0.9123408434439275
       0.9130103294752869
       0.9136798161288056
       0.9143493034044825
       0.9150187913023178
       0.9156882798223123
       0.9163577689644669
       0.9170272587287789
       0.9176967491152501
       0.9183662401238806
       0.9190357317546702
       0.9197052240076173
       0.9203747168827245
       0.9210442103799910
       0.9217137044994157
       0.9223831992409988
       0.9230526946047419
       0.9237221905906416
       0.9243916871987023
       0.9250611844289214
       0.9257306822812996
       0.9264001807558362
       0.9270696798525320
       0.9277391795713870
       0.9284086799124003
       0.9290781808755719
       0.9297476824609037
       0.9304171846683928
       0.9310866874980430
       0.9317561909498506
       0.9324256950238174
       0.9330951997199426
       0.9337647050382278
       0.9344342109786705
       0.9351037175412733
       0.9357732247260344
       0.9364427325329547
       0.9371122409620334
       0.9377817500132712
       0.9384512596866674
       0.9391207699822237
       0.9397902808999374
       0.9404597924398113
       0.9411293046018434
       0.9417988173860348
       0.9424683307923836
       0.9431378448208934
       0.9438073594715606
       0.9444768747443879
       0.9451463906393727
       0.9458159071565175
       0.9464854242958198
       0.9471549420572822
       0.9478244604409038
       0.9484939794466829
       0.9491634990746221
       0.9498330193247195
       0.9505025401969753
       0.9511720616913921
       0.9518415838079655
       0.9525111065466989
       0.9531806299075907
       0.9538501538906416
       0.9545196784958510
       0.9551892037232204
       0.9558587295727472
       0.9565282560444341
       0.9571977831382785
       0.9578673108542839
       0.9585368391924467
       0.9592063681527687
       0.9598758977352499
       0.9605454279398895
       0.9612149587666874
       0.9618844902156454
       0.9625540222867608
       0.9632235549800372
       0.9638930882954710
       0.9645626222330641
       0.9652321567928155
       0.9659016919747270
       0.9665712277787959
       0.9672407642050249
       0.9679103012534114
       0.9685798389239588
       0.9692493772166637
       0.9699189161315278
       0.9705884556685502
       0.9712579958277319
       0.9719275366090727
       0.9725970780125719
       0.9732666200382303
       0.9739361626860488
       0.9746057059560247
       0.9752752498481589
       0.9759447943624542
       0.9766143394989060
       0.9772838852575187
       0.9779534316382881
       0.9786229786412184
       0.9792925262663061
       0.9799620745135531
       0.9806316233829593
       0.9813011728745247
       0.9819707229882493
       0.9826402737241313
       0.9833098250821726
       0.9839793770623739
       0.9846489296647327
       0.9853184828892507
       0.9859880367359279
       0.9866575912047644
       0.9873271462957591
       0.9879967020089140
       0.9886662583442254
       0.9893358153016978
       0.9900053728813276
       0.9906749310831175
       0.9913444899070649
       0.9920140493531724
       0.9926836094214382
       0.9933531701118632
       0.9940227314244465
       0.9946922933591891
       0.9953618559160908
       0.9960314190951509
       0.9967009828963702
       0.9973705473197487
       0.9980401123652856
       0.9987096780329816
       0.9993792443228360
       1.0000000000000000
       1.0000000000000000
       1.0000000000000000
       1.0000000000000000
       1.0000000000000000
       1.0000000000000000
       1.0000000000000000
       1.0000000000000000
       1.0000000000000000
       1.0000000000000000
       1.0000000000000000
       1.0000000000000000
       1.0000000000000000
       1.0000000000000000
       1.0000000000000000
       1.0000000000000000
       1.0000000000000000
       1.0000000000000000
       1.0000000000000000
       1.0000000000000000
       1.0000000000000000
       1.0000000000000000
       1.0000000000000000
       1.0000000000000000
       1.0000000000000000
       1.0000000000000000
       1.0000000000000000
       1.0000000000000000
       1.0000000000000000
       1.0000000000000000
       1.0000000000000000
       1.0000000000000000
       1.0000000000000000
       1.0000000000000000
       1.0000000000000000
       1.0000000000000000
       1.0000000000000000
       1.0000000000000000
       1.0000000000000000
       1.0000000000000000
       1.0000000000000000
       1.0000000000000000
       1.0000000000000000
       1.0000000000000000
       1.0000000000000000
       1.0000000000000000
       1.0000000000000000
       1.0000000000000000
       1.0000000000000000
       1.0000000000000000
       1.0000000000000000
       1.0000000000000000
       1.0000000000000000
       1.0000000000000000
       1.0000000000000000
       1.0000000000000000
       1.0000000000000000
       1.0000000000000000
       1.0000000000000000
       1.0000000000000000
       1.0000000000000000
       1.0000000000000000
       1.0000000000000000
       1.0000000000000000
       1.0000000000000000
       1.0000000000000000
       1.0000000000000000
       1.0000000000000000
       1.0000000000000000
       1.0000000000000000
       1.0000000000000000
       1.0000000000000000
       1.0000000000000000
       1.0000000000000000
       1.0000000000000000
       1.0000000000000000
       1.0000000000000000
       1.0000000000000000
       1.0000000000000000
       1.0000000000000000
       1.0000000000000000
       1.0000000000000000
       1.0000000000000000
       1.0000000000000000
       1.0000000000000000
       1.0000000000000000
       1.0000000000000000
       1.0000000000000000
       1.0000000000000000
       1.0000000000000000
       1.0000000000000000
       1.0000000000000000
       1.0000000000000000
       1.0000000000000000
       1.0000000000000000
       1.0000000000000000
       1.0000000000000000
       1.0000000000000000
       1.0000000000000000
       1.0000000000000000
       1.0000000000000000
       1.0000000000000000
       1.0000000000000000
       1.0000000000000000
       1.0000000000000000
       1.0000000000000000
       1.0000000000000000
       1.0000000000000000
       1.0000000000000000
       1.0000000000000000
       1.0000000000000000
       1.0000000000000000
       1.0000000000000000
       1.0000000000000000
       1.0000000000000000
       1.0000000000000000
       1.0000000000000000
       1.0000000000000000
       1.0000000000000000
       1.0000000000000000
       1.0000000000000000
       1.0000000000000000
       1.0000000000000000
       1.0000000000000000
       1.0000000000000000
       1.0000000000000000
       1.0000000000000000
       1.0000000000000000
       1.0000000000000000
       1.0000000000000000
       1.0000000000000000
       1.0000000000000000
       1.0000000000000000
       1.0000000000000000
       1.0000000000000000
       1.0000000000000000
       1.0000000000000000
       1.0000000000000000
       1.0000000000000000
       1.0000000000000000
       1.0000000000000000
       1.0000000000000000
       1.0000000000000000
       1.0000000000000000
       1.0000000000000000
       1.0000000000000000
       1.0000000000000000
       1.0000000000000000
       1.0000000000000000
       1.0000000000000000
       1.0000000000000000
       1.0000000000000000
       1.0000000000000000
       1.0000000000000000
       1.0000000000000000
       1.0000000000000000
       1.0000000000000000
       1.0000000000000000
       1.0000000000000000
       1.0000000000000000
       1.0000000000000000
       1.0000000000000000
       1.0000000000000000
       1.0000000000000000
       1.0000000000000000
       1.0000000000000000
       1.0000000000000000
       1.0000000000000000
       1.0000000000000000
       1.0000000000000000
       1.0000000000000000
       1.0000000000000000
       1.0000000000000000
       1.0000000000000000
       1.0000000000000000
       1.0000000000000000
       1.0000000000000000
       1.0000000000000000
       1.0000000000000000
       1.0000000000000000
       1.0000000000000000
       1.0000000000000000
       1.0000000000000000
       1.0000000000000000
       1.0000000000000000
       1.0000000000000000
       1.0000000000000000
       1.0000000000000000
       1.0000000000000000
       1.0000000000000000
       1.0000000000000000
       1.0000000000000000
       1.0000000000000000
       1.0000000000000000
       1.0000000000000000
       1.0000000000000000
       1.0000000000000000
       1.0000000000000000
       1.0000000000000000
       1.0000000000000000
       1.0000000000000000
       1.0000000000000000
       1.0000000000000000
       1.0000000000000000
       1.0000000000000000
       1.0000000000000000
       1.0000000000000000
       1.0000000000000000
       1.0000000000000000
       1.0000000000000000
       1.0000000000000000
       1.0000000000000000
       1.0000000000000000
       1.0000000000000000
       1.0000000000000000
       1.0000000000000000
       1.0000000000000000
       1.0000000000000000
       1.0000000000000000
       1.0000000000000000
       1.0000000000000000
       1.0000000000000000
       1.0000000000000000
       1.0000000000000000
       1.0000000000000000
       1.0000000000000000
       1.0000000000000000
       1.0000000000000000
       1.0000000000000000
       1.0000000000000000
       1.0000000000000000
       1.0000000000000000
       1.0000000000000000
       1.0000000000000000
       1.0000000000000000
       1.0000000000000000
       1.0000000000000000
       1.0000000000000000
       1.0000000000000000
       1.0000000000000000
       1.0000000000000000
       1.0000000000000000
       1.0000000000000000
       1.0000000000000000
       1.0000000000000000
       1.0000000000000000
       1.0000000000000000
       1.0000000000000000
       1.0000000000000000
       1.0000000000000000
       1.0000000000000000
       1.0000000000000000
       1.0000000000000000
       1.0000000000000000
       1.0000000000000000
       1.0000000000000000
       1.0000000000000000
       1.0000000000000000
       1.0000000000000000
       1.0000000000000000
       1.0000000000000000
       1.0000000000000000
       1.0000000000000000
       1.0000000000000000
       1.0000000000000000
       1.0000000000000000
       1.0000000000000000
       1.0000000000000000
       1.0000000000000000
       1.0000000000000000
       1.0000000000000000
       1.0000000000000000
       1.0000000000000000
       1.0000000000000000
       1.0000000000000000
       1.0000000000000000
       1.0000000000000000
       1.0000000000000000
       1.0000000000000000
       1.0000000000000000
       1.0000000000000000
       1.0000000000000000
       1.0000000000000000
       1.0000000000000000
       1.0000000000000000
       1.0000000000000000
       1.0000000000000000
       1.0000000000000000
       1.0000000000000000
       1.0000000000000000
       1.0000000000000000
       1.0000000000000000
       1.0000000000000000
       1.0000000000000000
       1.0000000000000000
       1.0000000000000000
       1.0000000000000000
       1.0000000000000000
       1.0000000000000000
       1.0000000000000000
       1.0000000000000000
       1.0000000000000000
       1.0000000000000000
       1.0000000000000000
       1.0000000000000000
       1.0000000000000000
       1.0000000000000000
       1.0000000000000000
       1.0000000000000000
       1.0000000000000000
       1.0000000000000000
       1.0000000000000000
       1.0000000000000000
       1.0000000000000000
       1.0000000000000000
       1.0000000000000000
       1.0000000000000000
       1.0000000000000000
       1.0000000000000000
       1.0000000000000000
       1.0000000000000000
       1.0000000000000000
       1.0000000000000000
       1.0000000000000000
       1.0000000000000000
       1.0000000000000000
       1.0000000000000000
       1.0000000000000000
       1.0000000000000000
       1.0000000000000000
       1.0000000000000000
       1.0000000000000000
       1.0000000000000000
       1.0000000000000000
       1.0000000000000000
       1.0000000000000000
       1.0000000000000000
       1.0000000000000000
       1.0000000000000000
       1.0000000000000000
       1.0000000000000000
       1.0000000000000000
       1.0000000000000000
       1.0000000000000000
       1.0000000000000000
       1.0000000000000000
       1.0000000000000000
       1.0000000000000000
       1.0000000000000000
       1.0000000000000000
       1.0000000000000000
       1.0000000000000000
       1.0000000000000000
       1.0000000000000000
       1.0000000000000000
       1.0000000000000000
       1.0000000000000000
       1.0000000000000000
       1.0000000000000000
       1.0000000000000000
       1.0000000000000000
       1.0000000000000000
       1.0000000000000000
       1.0000000000000000
       1.0000000000000000
       1.0000000000000000
       1.0000000000000000
       1.0000000000000000
       1.0000000000000000
       1.0000000000000000
       1.0000000000000000
       1.0000000000000000
       1.0000000000000000
       1.0000000000000000
       1.0000000000000000
       1.0000000000000000
       1.0000000000000000
       1.0000000000000000
       1.0000000000000000
       1.0000000000000000
       1.0000000000000000
       1.0000000000000000
       1.0000000000000000
       1.0000000000000000
       1.0000000000000000
       1.0000000000000000
       1.0000000000000000
       1.0000000000000000
       1.0000000000000000
       1.0000000000000000
       1.0000000000000000
       1.0000000000000000
       1.0000000000000000
       1.0000000000000000
       1.0000000000000000
       1.0000000000000000
       1.0000000000000000
       1.0000000000000000
       1.0000000000000000
       1.0000000000000000
       1.0000000000000000
       1.0000000000000000
       1.0000000000000000
       1.0000000000000000
       1.0000000000000000
       1.0000000000000000
       1.0000000000000000
       1.0000000000000000
       1.0000000000000000
       1.0000000000000000
       1.0000000000000000
       1.0000000000000000
       1.0000000000000000
       1.0000000000000000
       1.0000000000000000
       1.0000000000000000
       1.0000000000000000
       1.0000000000000000
       1.0000000000000000
       1.0000000000000000
       1.0000000000000000
       1.0000000000000000
       1.0000000000000000
       1.0000000000000000
       1.0000000000000000
       1.0000000000000000
       1.0000000000000000
       1.0000000000000000
       1.0000000000000000
       1.0000000000000000
       1.0000000000000000
       1.0000000000000000
       1.0000000000000000
       1.0000000000000000
       1.0000000000000000
       1.0000000000000000
       1.0000000000000000
       1.0000000000000000
       1.0000000000000000
       1.0000000000000000
       1.0000000000000000
       1.0000000000000000
       1.0000000000000000
       1.0000000000000000
       1.0000000000000000
       1.0000000000000000
       1.0000000000000000
       1.0000000000000000
       1.0000000000000000
       1.0000000000000000
       1.0000000000000000
       1.0000000000000000
       1.0000000000000000
       1.0000000000000000
       1.0000000000000000
       1.0000000000000000
       1.0000000000000000
       1.0000000000000000
       1.0000000000000000
       1.0000000000000000
       1.0000000000000000
       1.0000000000000000
       1.0000000000000000
       1.0000000000000000
       1.0000000000000000
       1.0000000000000000
       1.0000000000000000
       1.0000000000000000
       1.0000000000000000
       1.0000000000000000
       1.0000000000000000
       1.0000000000000000
       1.0000000000000000
       1.0000000000000000
       1.0000000000000000
       1.0000000000000000
       1.0000000000000000
       1.0000000000000000
       1.0000000000000000
       1.0000000000000000
       1.0000000000000000
       1.0000000000000000
       1.0000000000000000
       1.0000000000000000
       1.0000000000000000
       1.0000000000000000
       1.0000000000000000
       1.0000000000000000
       1.0000000000000000
       1.0000000000000000
       1.0000000000000000
       1.0000000000000000
       1.0000000000000000
       1.0000000000000000
       1.0000000000000000
       1.0000000000000000
       1.0000000000000000
       1.0000000000000000
       1.0000000000000000
       1.0000000000000000
       1.0000000000000000
       1.0000000000000000
       1.0000000000000000
       1.0000000000000000
       1.0000000000000000
       1.0000000000000000
       1.0000000000000000
       1.0000000000000000
       1.0000000000000000
       1.0000000000000000
       1.0000000000000000
       1.0000000000000000
       1.0000000000000000
       1.0000000000000000
       1.0000000000000000
       1.0000000000000000
       1.0000000000000000
       1.0000000000000000
       1.0000000000000000
       1.0000000000000000
       1.0000000000000000
       1.0000000000000000
       1.0000000000000000
       1.0000000000000000
       1.0000000000000000
       1.0000000000000000
       1.0000000000000000
       1.0000000000000000
       1.0000000000000000
       1.0000000000000000
       1.0000000000000000
       1.0000000000000000
       1.0000000000000000
       1.0000000000000000
       1.0000000000000000
       1.0000000000000000
       1.0000000000000000
       1.0000000000000000
       1.0000000000000000
       1.0000000000000000
       1.0000000000000000
       1.0000000000000000
       1.0000000000000000
       1.0000000000000000
       1.0000000000000000
       1.0000000000000000
       1.0000000000000000
       1.0000000000000000
       1.0000000000000000
       1.0000000000000000
       1.0000000000000000
       1.0000000000000000
       1.0000000000000000
       1.0000000000000000
       1.0000000000000000
       1.0000000000000000
       1.0000000000000000
       1.0000000000000000
       1.0000000000000000
       1.0000000000000000
       1.0000000000000000
       1.0000000000000000
       1.0000000000000000
       1.0000000000000000
       1.0000000000000000
       1.0000000000000000
       1.0000000000000000
       1.0000000000000000
       1.0000000000000000
       1.0000000000000000
       1.0000000000000000
       1.0000000000000000
       1.0000000000000000
       1.0000000000000000
       1.0000000000000000
       1.0000000000000000
       1.0000000000000000
       1.0000000000000000
       1.0000000000000000
       1.0000000000000000
       1.0000000000000000
       1.0000000000000000
       1.0000000000000000
       1.0000000000000000
       1.0000000000000000
       1.0000000000000000
       1.0000000000000000
       1.0000000000000000
       1.0000000000000000
       1.0000000000000000
       1.0000000000000000
       1.0000000000000000
       1.0000000000000000
       1.0000000000000000
       1.0000000000000000
       1.0000000000000000
       1.0000000000000000
       1.0000000000000000
       1.0000000000000000
       1.0000000000000000
       1.0000000000000000
       1.0000000000000000
       1.0000000000000000
       1.0000000000000000
       1.0000000000000000
       1.0000000000000000
       1.0000000000000000
       1.0000000000000000
       1.0000000000000000
       1.0000000000000000
       1.0000000000000000
       1.0000000000000000
       1.0000000000000000
       1.0000000000000000
       1.0000000000000000
       1.0000000000000000
       1.0000000000000000
       1.0000000000000000
       1.0000000000000000
       1.0000000000000000
       1.0000000000000000
       1.0000000000000000
       1.0000000000000000
       1.0000000000000000
       1.0000000000000000
       1.0000000000000000
       1.0000000000000000
       1.0000000000000000
       1.0000000000000000
       1.0000000000000000
       1.0000000000000000
       1.0000000000000000
       1.0000000000000000
       1.0000000000000000
       1.0000000000000000
       1.0000000000000000
       1.0000000000000000
       1.0000000000000000
       1.0000000000000000
       1.0000000000000000
       1.0000000000000000
       1.0000000000000000
       1.0000000000000000
       1.0000000000000000
       1.0000000000000000
       1.0000000000000000
       1.0000000000000000
       1.0000000000000000
       1.0000000000000000
       1.0000000000000000
       1.0000000000000000
       1.0000000000000000
       1.0000000000000000
       1.0000000000000000
       1.0000000000000000
       1.0000000000000000
       1.0000000000000000
       1.0000000000000000
       1.0000000000000000
       1.0000000000000000
       1.0000000000000000
       1.0000000000000000
       1.0000000000000000
       1.0000000000000000
       1.0000000000000000
       1.0000000000000000
       1.0000000000000000
       1.0000000000000000
       1.0000000000000000
       1.0000000000000000
       1.0000000000000000
       1.0000000000000000
       1.0000000000000000
       1.0000000000000000
       1.0000000000000000
       1.0000000000000000
       1.0000000000000000
       1.0000000000000000
       1.0000000000000000
       1.0000000000000000
       1.0000000000000000
       1.0000000000000000
       1.0000000000000000
       1.0000000000000000
       1.0000000000000000
       1.0000000000000000
       1.0000000000000000
       1.0000000000000000
       1.0000000000000000
       1.0000000000000000
       1.0000000000000000
       1.0000000000000000
       1.0000000000000000
       1.0000000000000000
       1.0000000000000000
       1.0000000000000000
       1.0000000000000000
       1.0000000000000000
       1.0000000000000000
       1.0000000000000000
       1.0000000000000000
       1.0000000000000000
       1.0000000000000000
       1.0000000000000000
       1.0000000000000000
       1.0000000000000000
       1.0000000000000000
       1.0000000000000000
       1.0000000000000000
       1.0000000000000000
       1.0000000000000000
       1.0000000000000000
       1.0000000000000000
       1.0000000000000000
       1.0000000000000000
       1.0000000000000000
       1.0000000000000000
       1.0000000000000000
       1.0000000000000000
       1.0000000000000000
       1.0000000000000000
       1.0000000000000000
       1.0000000000000000
       1.0000000000000000
       1.0000000000000000
       1.0000000000000000
       1.0000000000000000
       1.0000000000000000
       1.0000000000000000
       1.0000000000000000
       1.0000000000000000
       1.0000000000000000
       1.0000000000000000
       1.0000000000000000
       1.0000000000000000
       1.0000000000000000
       1.0000000000000000
       1.0000000000000000
       1.0000000000000000
       1.0000000000000000
       1.0000000000000000
       1.0000000000000000
       1.0000000000000000
       1.0000000000000000
       1.0000000000000000
       1.0000000000000000
       1.0000000000000000
       1.0000000000000000
       1.0000000000000000
       1.0000000000000000
       1.0000000000000000
       1.0000000000000000
       1.0000000000000000
       1.0000000000000000
       1.0000000000000000
       1.0000000000000000
       1.0000000000000000
       1.0000000000000000
       1.0000000000000000
       1.0000000000000000
       1.0000000000000000
       1.0000000000000000
       1.0000000000000000
       1.0000000000000000
       1.0000000000000000
       1.0000000000000000
       1.0000000000000000
       1.0000000000000000
       1.0000000000000000
       1.0000000000000000
       1.0000000000000000
       1.0000000000000000
       1.0000000000000000
       1.0000000000000000
       1.0000000000000000
       1.0000000000000000
       1.0000000000000000
       1.0000000000000000
       1.0000000000000000
       1.0000000000000000
       1.0000000000000000
       1.0000000000000000
       1.0000000000000000
       1.0000000000000000
       1.0000000000000000
       1.0000000000000000
       1.0000000000000000
       1.0000000000000000
       1.0000000000000000
       1.0000000000000000
       1.0000000000000000
       1.0000000000000000
       1.0000000000000000
       1.0000000000000000
       1.0000000000000000
       1.0000000000000000
       1.0000000000000000
       1.0000000000000000
       1.0000000000000000
       1.0000000000000000
       1.0000000000000000
       1.0000000000000000
       1.0000000000000000
       1.0000000000000000
       1.0000000000000000
       1.0000000000000000
       1.0000000000000000
       1.0000000000000000
       1.0000000000000000
       1.0000000000000000
       1.0000000000000000
       1.0000000000000000
       1.0000000000000000
       1.0000000000000000
       1.0000000000000000
       1.0000000000000000
       1.0000000000000000
       1.0000000000000000
       1.0000000000000000
       1.0000000000000000
       1.0000000000000000
       1.0000000000000000
       1.0000000000000000
       1.0000000000000000
       1.0000000000000000
       1.0000000000000000
       1.0000000000000000
       1.0000000000000000
       1.0000000000000000
       1.0000000000000000
       1.0000000000000000
       1.0000000000000000
       1.0000000000000000
       1.0000000000000000
       1.0000000000000000
       1.0000000000000000
       1.0000000000000000
       1.0000000000000000
       1.0000000000000000
       1.0000000000000000
       1.0000000000000000
       1.0000000000000000
       1.0000000000000000
       1.0000000000000000
       1.0000000000000000
       1.0000000000000000
       1.0000000000000000
       1.0000000000000000
       1.0000000000000000
       1.0000000000000000
       1.0000000000000000
       1.0000000000000000
       1.0000000000000000
       1.0000000000000000
       1.0000000000000000
       1.0000000000000000
       1.0000000000000000
       1.0000000000000000
       1.0000000000000000
       1.0000000000000000
       1.0000000000000000
       1.0000000000000000
       1.0000000000000000
       1.0000000000000000
       1.0000000000000000
       1.0000000000000000
       1.0000000000000000
       1.0000000000000000
       1.0000000000000000
       1.0000000000000000
       1.0000000000000000
       1.0000000000000000
       1.0000000000000000
       1.0000000000000000
       1.0000000000000000
       1.0000000000000000
       1.0000000000000000
       1.0000000000000000
       1.0000000000000000
       1.0000000000000000
       1.0000000000000000
       1.0000000000000000
