       0.7847658089847260
       0.7853475987648122
       0.7859293890856924
       0.7865111799473667
       0.7870929713498334
       0.7876747632930923
       0.7882565557771462
       0.7888383488019914
       0.7894201423676308
       0.7900019364740642
       0.7905837311212891
       0.7911655263093089
       0.7917473220381210
       0.7923291183077263
       0.7929109151181239
       0.7934927124693165
       0.7940745103613014
       0.7946563087940794
       0.7952381077676507
       0.7958199072820142
       0.7964017073371719
       0.7969835079331227
       0.7975653090698667
       0.7981471107474039
       0.7987289129657342
       0.7993107157248578
       0.7998925190247745
       0.8004743228654836
       0.8010561272469876
       0.8016379321692830
       0.8022197376323725
       0.8028015436362552
       0.8033833501809320
       0.8039651572664002
       0.8045469648926624
       0.8051287730597179
       0.8057105817675656
       0.8062923910162083
       0.8068742008056424
       0.8074560111358706
       0.8080378220068920
       0.8086196334187066
       0.8092014453713134
       0.8097832578647144
       0.8103650708989085
       0.8109468844738958
       0.8115286985896764
       0.8121105132462492
       0.8126923284436161
       0.8132741441817761
       0.8138559604607285
       0.8144377772804758
       0.8150195946410146
       0.8156014125423474
       0.8161832309844734
       0.8167650499673926
       0.8173468694911041
       0.8179286895556097
       0.8185105101609085
       0.8190923313070004
       0.8196741529938838
       0.8202559752215630
       0.8208377979900336
       0.8214196212992984
       0.8220014451493554
       0.8225832695402064
       0.8231650944718507
       0.8237469199442873
       0.8243287459575179
       0.8249105725115418
       0.8254923996063579
       0.8260742272419681
       0.8266560554183715
       0.8272378841355681
       0.8278197133935570
       0.8284015431923399
       0.8289833735319152
       0.8295652044122845
       0.8301470358334462
       0.8307288677954028
       0.8313107002981508
       0.8318925333416920
       0.8324743669260273
       0.8330562010511549
       0.8336380357170765
       0.8342198709237905
       0.8348017066712985
       0.8353835429595988
       0.8359653797886932
       0.8365472171585799
       0.8371290550692607
       0.8377108935207347
       0.8382927325130010
       0.8388745720460613
       0.8394564121199140
       0.8400382527345607
       0.8406200938899997
       0.8412019355862328
       0.8417837778232582
       0.8423656206010777
       0.8429474639196894
       0.8435293077790944
       0.8441111521792934
       0.8446929971202848
       0.8452748426020702
       0.8458566886246479
       0.8464385351880197
       0.8470203822921838
       0.8476022299371420
       0.8481840781228924
       0.8487659268494370
       0.8493477761167738
       0.8499296259249038
       0.8505114762738279
       0.8510933271635444
       0.8516751785940548
       0.8522570305653567
       0.8528388830774536
       0.8534207361303427
       0.8540025897240260
       0.8545844438585015
       0.8551662985337711
       0.8557481537498330
       0.8563300095066881
       0.8569118658043364
       0.8574937226427788
       0.8580755800220135
       0.8586574379420413
       0.8592392964028632
       0.8598211554044766
       0.8604030149468849
       0.8609848750300855
       0.8615667356540802
       0.8621485968188680
       0.8627304585244473
       0.8633123207708215
       0.8638941835579881
       0.8644760468859478
       0.8650579107547016
       0.8656397751642477
       0.8662216401145870
       0.8668035056057195
       0.8673853716376452
       0.8679672382103640
       0.8685491053238770
       0.8691309729781822
       0.8697128411732806
       0.8702947099091722
       0.8708765791858579
       0.8714584490033350
       0.8720403193616071
       0.8726221902606714
       0.8732040617005290
       0.8737859336811797
       0.8743678062026246
       0.8749496792648617
       0.8755315528678911
       0.8761134270117155
       0.8766953016963321
       0.8772771769217420
       0.8778590526879451
       0.8784409289949413
       0.8790228058427307
       0.8796046832313142
       0.8801865611606901
       0.8807684396308590
       0.8813503186418212
       0.8819321981935766
       0.8825140782861252
       0.8830959589194669
       0.8836778400936018
       0.8842597218085300
       0.8848416040642513
       0.8854234868607667
       0.8860053701980735
       0.8865872540761752
       0.8871691384950684
       0.8877510234547557
       0.8883329089552361
       0.8889147949965106
       0.8894966815785765
       0.8900785687014365
       0.8906604563650906
       0.8912423445695361
       0.8918242333147757
       0.8924061226008084
       0.8929880124276344
       0.8935699027952535
       0.8941517937036658
       0.8947336851528713
       0.8953155771428700
       0.8958974696736610
       0.8964793627452470
       0.8970612563576252
       0.8976431505107967
       0.8982250452047613
       0.8988069404395183
       0.8993888362150693
       0.8999707325314135
       0.9005526293885509
       0.9011345267864814
       0.9017164247252052
       0.9022983232047213
       0.9028802222250314
       0.9034621217861356
       0.9040440218880312
       0.9046259225307209
       0.9052078237142038
       0.9057897254384799
       0.9063716277035492
       0.9069535305094116
       0.9075354338560664
       0.9081173377435152
       0.9086992421717572
       0.9092811471407924
       0.9098630526506208
       0.9104449587012415
       0.9110268652926563
       0.9116087724248643
       0.9121906800978654
       0.9127725883116597
       0.9133544970662464
       0.9139364063616271
       0.9145183161978001
       0.9151002265747672
       0.9156821374925275
       0.9162640489510809
       0.9168459609504267
       0.9174278734905665
       0.9180097865714996
       0.9185917001932258
       0.9191736143557443
       0.9197555290590569
       0.9203374443031627
       0.9209193600880607
       0.9215012764137529
       0.9220831932802382
       0.9226651106875159
       0.9232470286355876
       0.9238289471244525
       0.9244108661541097
       0.9249927857245610
       0.9255747058358055
       0.9261566264878422
       0.9267385476806731
       0.9273204694142962
       0.9279023916887135
       0.9284843145039239
       0.9290662378599266
       0.9296481617567234
       0.9302300861943134
       0.9308120111726956
       0.9313939366918720
       0.9319758627518415
       0.9325577893526025
       0.9331397164941593
       0.9337216441765075
       0.9343035723996489
       0.9348855011635844
       0.9354674304683130
       0.9360493603138349
       0.9366312907001491
       0.9372132216272564
       0.9377951530951578
       0.9383770851038515
       0.9389590176533384
       0.9395409507436194
       0.9401228843746927
       0.9407048185465601
       0.9412867532592206
       0.9418686885126735
       0.9424506243069195
       0.9430325606419596
       0.9436144975177920
       0.9441964349344185
       0.9447783728918373
       0.9453603113900493
       0.9459422504290553
       0.9465241900088537
       0.9471061301294461
       0.9476880707908308
       0.9482700119930096
       0.9488519537359807
       0.9494338960197450
       0.9500158388443034
       0.9505977822096541
       0.9511797261157979
       0.9517616705627359
       0.9523436155504661
       0.9529255610789904
       0.9535075071483070
       0.9540894537584168
       0.9546714009093207
       0.9552533486010177
       0.9558352968335062
       0.9564172456067896
       0.9569991949208654
       0.9575811447757343
       0.9581630951713973
       0.9587450461078526
       0.9593269975851011
       0.9599089496031428
       0.9604909021619785
       0.9610728552616066
       0.9616548089020278
       0.9622367630832431
       0.9628187178052507
       0.9634006730680515
       0.9639826288716455
       0.9645645852160336
       0.9651465421012140
       0.9657284995271875
       0.9663104574939552
       0.9668924160015151
       0.9674743750498682
       0.9680563346390145
       0.9686382947689540
       0.9692202554396876
       0.9698022166512126
       0.9703841784035325
       0.9709661406966448
       0.9715481035305502
       0.9721300669052488
       0.9727120308207406
       0.9732939952770265
       0.9738759602741038
       0.9744579258119761
       0.9750398918906398
       0.9756218585100975
       0.9762038256703502
       0.9767857933713944
       0.9773677616132308
       0.9779497303958613
       0.9785316997192859
       0.9791136695835028
       0.9796956399885128
       0.9802776109343161
       0.9808595824209125
       0.9814415544483022
       0.9820235270164850
       0.9826055001254619
       0.9831874737752302
       0.9837694479657926
       0.9843514226971481
       0.9849333979692969
       0.9855153737822389
       0.9860973501359740
       0.9866793270305023
       0.9872613044658238
       0.9878432824419394
       0.9884252609588473
       0.9890072400165475
       0.9895892196150418
       0.9901711997543292
       0.9907531804344107
       0.9913351616552837
       0.9919171434169507
       0.9924991257194109
       0.9930811085626643
       0.9936630919467109
       0.9942450758715506
       0.9948270603371836
       0.9954090453436097
       0.9959910308908291
       0.9965730169788416
       0.9971550036076473
       0.9977369907772462
       0.9983189784876374
       0.9989009667388227
       0.9994829555308011
       1.0000000000000000
       1.0000000000000000
       1.0000000000000000
       1.0000000000000000
       1.0000000000000000
       1.0000000000000000
       1.0000000000000000
       1.0000000000000000
       1.0000000000000000
       1.0000000000000000
       1.0000000000000000
       1.0000000000000000
       1.0000000000000000
       1.0000000000000000
       1.0000000000000000
       1.0000000000000000
       1.0000000000000000
       1.0000000000000000
       1.0000000000000000
       1.0000000000000000
       1.0000000000000000
       1.0000000000000000
       1.0000000000000000
       1.0000000000000000
       1.0000000000000000
       1.0000000000000000
       1.0000000000000000
       1.0000000000000000
       1.0000000000000000
       1.0000000000000000
       1.0000000000000000
       1.0000000000000000
       1.0000000000000000
       1.0000000000000000
       1.0000000000000000
       1.0000000000000000
       1.0000000000000000
       1.0000000000000000
       1.0000000000000000
       1.0000000000000000
       1.0000000000000000
       1.0000000000000000
       1.0000000000000000
       1.0000000000000000
       1.0000000000000000
       1.0000000000000000
       1.0000000000000000
       1.0000000000000000
       1.0000000000000000
       1.0000000000000000
       1.0000000000000000
       1.0000000000000000
       1.0000000000000000
       1.0000000000000000
       1.0000000000000000
       1.0000000000000000
       1.0000000000000000
       1.0000000000000000
       1.0000000000000000
       1.0000000000000000
       1.0000000000000000
       1.0000000000000000
       1.0000000000000000
       1.0000000000000000
       1.0000000000000000
       1.0000000000000000
       1.0000000000000000
       1.0000000000000000
       1.0000000000000000
       1.0000000000000000
       1.0000000000000000
       1.0000000000000000
       1.0000000000000000
       1.0000000000000000
       1.0000000000000000
       1.0000000000000000
       1.0000000000000000
       1.0000000000000000
       1.0000000000000000
       1.0000000000000000
       1.0000000000000000
       1.0000000000000000
       1.0000000000000000
       1.0000000000000000
       1.0000000000000000
       1.0000000000000000
       1.0000000000000000
       1.0000000000000000
       1.0000000000000000
       1.0000000000000000
       1.0000000000000000
       1.0000000000000000
       1.0000000000000000
       1.0000000000000000
       1.0000000000000000
       1.0000000000000000
       1.0000000000000000
       1.0000000000000000
       1.0000000000000000
       1.0000000000000000
       1.0000000000000000
       1.0000000000000000
       1.0000000000000000
       1.0000000000000000
       1.0000000000000000
       1.0000000000000000
       1.0000000000000000
       1.0000000000000000
       1.0000000000000000
       1.0000000000000000
       1.0000000000000000
       1.0000000000000000
       1.0000000000000000
       1.0000000000000000
       1.0000000000000000
       1.0000000000000000
       1.0000000000000000
       1.0000000000000000
       1.0000000000000000
       1.0000000000000000
       1.0000000000000000
       1.0000000000000000
       1.0000000000000000
       1.0000000000000000
       1.0000000000000000
       1.0000000000000000
       1.0000000000000000
       1.0000000000000000
       1.0000000000000000
       1.0000000000000000
       1.0000000000000000
       1.0000000000000000
       1.0000000000000000
       1.0000000000000000
       1.0000000000000000
       1.0000000000000000
       1.0000000000000000
       1.0000000000000000
       1.0000000000000000
       1.0000000000000000
       1.0000000000000000
       1.0000000000000000
       1.0000000000000000
       1.0000000000000000
       1.0000000000000000
       1.0000000000000000
       1.0000000000000000
       1.0000000000000000
       1.0000000000000000
       1.0000000000000000
       1.0000000000000000
       1.0000000000000000
       1.0000000000000000
       1.0000000000000000
       1.0000000000000000
       1.0000000000000000
       1.0000000000000000
       1.0000000000000000
       1.0000000000000000
       1.0000000000000000
       1.0000000000000000
       1.0000000000000000
       1.0000000000000000
       1.0000000000000000
       1.0000000000000000
       1.0000000000000000
       1.0000000000000000
       1.0000000000000000
       1.0000000000000000
       1.0000000000000000
       1.0000000000000000
       1.0000000000000000
       1.0000000000000000
       1.0000000000000000
       1.0000000000000000
       1.0000000000000000
       1.0000000000000000
       1.0000000000000000
       1.0000000000000000
       1.0000000000000000
       1.0000000000000000
       1.0000000000000000
       1.0000000000000000
       1.0000000000000000
       1.0000000000000000
       1.0000000000000000
       1.0000000000000000
       1.0000000000000000
       1.0000000000000000
       1.0000000000000000
       1.0000000000000000
       1.0000000000000000
       1.0000000000000000
       1.0000000000000000
       1.0000000000000000
       1.0000000000000000
       1.0000000000000000
       1.0000000000000000
       1.0000000000000000
       1.0000000000000000
       1.0000000000000000
       1.0000000000000000
       1.0000000000000000
       1.0000000000000000
       1.0000000000000000
       1.0000000000000000
       1.0000000000000000
       1.0000000000000000
       1.0000000000000000
       1.0000000000000000
       1.0000000000000000
       1.0000000000000000
       1.0000000000000000
       1.0000000000000000
       1.0000000000000000
       1.0000000000000000
       1.0000000000000000
       1.0000000000000000
       1.0000000000000000
       1.0000000000000000
       1.0000000000000000
       1.0000000000000000
       1.0000000000000000
       1.0000000000000000
       1.0000000000000000
       1.0000000000000000
       1.0000000000000000
       1.0000000000000000
       1.0000000000000000
       1.0000000000000000
       1.0000000000000000
       1.0000000000000000
       1.0000000000000000
       1.0000000000000000
       1.0000000000000000
       1.0000000000000000
       1.0000000000000000
       1.0000000000000000
       1.0000000000000000
       1.0000000000000000
       1.0000000000000000
       1.0000000000000000
       1.0000000000000000
       1.0000000000000000
       1.0000000000000000
       1.0000000000000000
       1.0000000000000000
       1.0000000000000000
       1.0000000000000000
       1.0000000000000000
       1.0000000000000000
       1.0000000000000000
       1.0000000000000000
       1.0000000000000000
       1.0000000000000000
       1.0000000000000000
       1.0000000000000000
       1.0000000000000000
       1.0000000000000000
       1.0000000000000000
       1.0000000000000000
       1.0000000000000000
       1.0000000000000000
       1.0000000000000000
       1.0000000000000000
       1.0000000000000000
       1.0000000000000000
       1.0000000000000000
       1.0000000000000000
       1.0000000000000000
       1.0000000000000000
       1.0000000000000000
       1.0000000000000000
       1.0000000000000000
       1.0000000000000000
       1.0000000000000000
       1.0000000000000000
       1.0000000000000000
       1.0000000000000000
       1.0000000000000000
       1.0000000000000000
       1.0000000000000000
       1.0000000000000000
       1.0000000000000000
       1.0000000000000000
       1.0000000000000000
       1.0000000000000000
       1.0000000000000000
       1.0000000000000000
       1.0000000000000000
       1.0000000000000000
       1.0000000000000000
       1.0000000000000000
       1.0000000000000000
       1.0000000000000000
       1.0000000000000000
       1.0000000000000000
       1.0000000000000000
       1.0000000000000000
       1.0000000000000000
       1.0000000000000000
       1.0000000000000000
       1.0000000000000000
       1.0000000000000000
       1.0000000000000000
       1.0000000000000000
       1.0000000000000000
       1.0000000000000000
       1.0000000000000000
       1.0000000000000000
       1.0000000000000000
       1.0000000000000000
       1.0000000000000000
       1.0000000000000000
       1.0000000000000000
       1.0000000000000000
       1.0000000000000000
       1.0000000000000000
       1.0000000000000000
       1.0000000000000000
       1.0000000000000000
       1.0000000000000000
       1.0000000000000000
       1.0000000000000000
       1.0000000000000000
       1.0000000000000000
       1.0000000000000000
       1.0000000000000000
       1.0000000000000000
       1.0000000000000000
       1.0000000000000000
       1.0000000000000000
       1.0000000000000000
       1.0000000000000000
       1.0000000000000000
       1.0000000000000000
       1.0000000000000000
       1.0000000000000000
       1.0000000000000000
       1.0000000000000000
       1.0000000000000000
       1.0000000000000000
       1.0000000000000000
       1.0000000000000000
       1.0000000000000000
       1.0000000000000000
       1.0000000000000000
       1.0000000000000000
       1.0000000000000000
       1.0000000000000000
       1.0000000000000000
       1.0000000000000000
       1.0000000000000000
       1.0000000000000000
       1.0000000000000000
       1.0000000000000000
       1.0000000000000000
       1.0000000000000000
       1.0000000000000000
       1.0000000000000000
       1.0000000000000000
       1.0000000000000000
       1.0000000000000000
       1.0000000000000000
       1.0000000000000000
       1.0000000000000000
       1.0000000000000000
       1.0000000000000000
       1.0000000000000000
       1.0000000000000000
       1.0000000000000000
       1.0000000000000000
       1.0000000000000000
       1.0000000000000000
       1.0000000000000000
       1.0000000000000000
       1.0000000000000000
       1.0000000000000000
       1.0000000000000000
       1.0000000000000000
       1.0000000000000000
       1.0000000000000000
       1.0000000000000000
       1.0000000000000000
       1.0000000000000000
       1.0000000000000000
       1.0000000000000000
       1.0000000000000000
       1.0000000000000000
       1.0000000000000000
       1.0000000000000000
       1.0000000000000000
       1.0000000000000000
       1.0000000000000000
       1.0000000000000000
       1.0000000000000000
       1.0000000000000000
       1.0000000000000000
       1.0000000000000000
       1.0000000000000000
       1.0000000000000000
       1.0000000000000000
       1.0000000000000000
       1.0000000000000000
       1.0000000000000000
       1.0000000000000000
       1.0000000000000000
       1.0000000000000000
       1.0000000000000000
       1.0000000000000000
       1.0000000000000000
       1.0000000000000000
       1.0000000000000000
       1.0000000000000000
       1.0000000000000000
       1.0000000000000000
       1.0000000000000000
       1.0000000000000000
       1.0000000000000000
       1.0000000000000000
       1.0000000000000000
       1.0000000000000000
       1.0000000000000000
       1.0000000000000000
       1.0000000000000000
       1.0000000000000000
       1.0000000000000000
       1.0000000000000000
       1.0000000000000000
       1.0000000000000000
       1.0000000000000000
       1.0000000000000000
       1.0000000000000000
       1.0000000000000000
       1.0000000000000000
       1.0000000000000000
       1.0000000000000000
       1.0000000000000000
       1.0000000000000000
       1.0000000000000000
       1.0000000000000000
       1.0000000000000000
       1.0000000000000000
       1.0000000000000000
       1.0000000000000000
       1.0000000000000000
       1.0000000000000000
       1.0000000000000000
       1.0000000000000000
       1.0000000000000000
       1.0000000000000000
       1.0000000000000000
       1.0000000000000000
       1.0000000000000000
       1.0000000000000000
       1.0000000000000000
       1.0000000000000000
       1.0000000000000000
       1.0000000000000000
       1.0000000000000000
       1.0000000000000000
       1.0000000000000000
       1.0000000000000000
       1.0000000000000000
       1.0000000000000000
       1.0000000000000000
       1.0000000000000000
       1.0000000000000000
       1.0000000000000000
       1.0000000000000000
       1.0000000000000000
       1.0000000000000000
       1.0000000000000000
       1.0000000000000000
       1.0000000000000000
       1.0000000000000000
       1.0000000000000000
       1.0000000000000000
       1.0000000000000000
       1.0000000000000000
       1.0000000000000000
       1.0000000000000000
       1.0000000000000000
       1.0000000000000000
       1.0000000000000000
       1.0000000000000000
       1.0000000000000000
       1.0000000000000000
       1.0000000000000000
       1.0000000000000000
       1.0000000000000000
       1.0000000000000000
       1.0000000000000000
       1.0000000000000000
       1.0000000000000000
       1.0000000000000000
       1.0000000000000000
       1.0000000000000000
       1.0000000000000000
       1.0000000000000000
       1.0000000000000000
       1.0000000000000000
       1.0000000000000000
       1.0000000000000000
       1.0000000000000000
       1.0000000000000000
       1.0000000000000000
       1.0000000000000000
       1.0000000000000000
       1.0000000000000000
       1.0000000000000000
       1.0000000000000000
       1.0000000000000000
       1.0000000000000000
       1.0000000000000000
       1.0000000000000000
       1.0000000000000000
       1.0000000000000000
       1.0000000000000000
       1.0000000000000000
       1.0000000000000000
       1.0000000000000000
       1.0000000000000000
       1.0000000000000000
       1.0000000000000000
       1.0000000000000000
       1.0000000000000000
       1.0000000000000000
       1.0000000000000000
       1.0000000000000000
       1.0000000000000000
       1.0000000000000000
       1.0000000000000000
       1.0000000000000000
       1.0000000000000000
       1.0000000000000000
       1.0000000000000000
       1.0000000000000000
       1.0000000000000000
       1.0000000000000000
       1.0000000000000000
       1.0000000000000000
       1.0000000000000000
       1.0000000000000000
       1.0000000000000000
       1.0000000000000000
       1.0000000000000000
       1.0000000000000000
       1.0000000000000000
       1.0000000000000000
       1.0000000000000000
       1.0000000000000000
       1.0000000000000000
       1.0000000000000000
       1.0000000000000000
       1.0000000000000000
       1.0000000000000000
       1.0000000000000000
       1.0000000000000000
       1.0000000000000000
       1.0000000000000000
       1.0000000000000000
       1.0000000000000000
       1.0000000000000000
       1.0000000000000000
       1.0000000000000000
       1.0000000000000000
       1.0000000000000000
       1.0000000000000000
       1.0000000000000000
       1.0000000000000000
       1.0000000000000000
       1.0000000000000000
       1.0000000000000000
       1.0000000000000000
       1.0000000000000000
       1.0000000000000000
       1.0000000000000000
       1.0000000000000000
       1.0000000000000000
       1.0000000000000000
       1.0000000000000000
       1.0000000000000000
       1.0000000000000000
       1.0000000000000000
       1.0000000000000000
       1.0000000000000000
       1.0000000000000000
       1.0000000000000000
       1.0000000000000000
       1.0000000000000000
       1.0000000000000000
       1.0000000000000000
       1.0000000000000000
       1.0000000000000000
       1.0000000000000000
       1.0000000000000000
       1.0000000000000000
       1.0000000000000000
       1.0000000000000000
       1.0000000000000000
       1.0000000000000000
       1.0000000000000000
       1.0000000000000000
       1.0000000000000000
       1.0000000000000000
       1.0000000000000000
       1.0000000000000000
       1.0000000000000000
       1.0000000000000000
       1.0000000000000000
       1.0000000000000000
       1.0000000000000000
       1.0000000000000000
       1.0000000000000000
       1.0000000000000000
       1.0000000000000000
       1.0000000000000000
       1.0000000000000000
       1.0000000000000000
       1.0000000000000000
       1.0000000000000000
       1.0000000000000000
       1.0000000000000000
       1.0000000000000000
       1.0000000000000000
       1.0000000000000000
       1.0000000000000000
       1.0000000000000000
       1.0000000000000000
       1.0000000000000000
       1.0000000000000000
       1.0000000000000000
       1.0000000000000000
       1.0000000000000000
       1.0000000000000000
       1.0000000000000000
       1.0000000000000000
       1.0000000000000000
       1.0000000000000000
       1.0000000000000000
       1.0000000000000000
       1.0000000000000000
       1.0000000000000000
       1.0000000000000000
       1.0000000000000000
       1.0000000000000000
       1.0000000000000000
       1.0000000000000000
       1.0000000000000000
       1.0000000000000000
       1.0000000000000000
       1.0000000000000000
       1.0000000000000000
       1.0000000000000000
       1.0000000000000000
       1.0000000000000000
       1.0000000000000000
       1.0000000000000000
       1.0000000000000000
       1.0000000000000000
       1.0000000000000000
       1.0000000000000000
       1.0000000000000000
       1.0000000000000000
       1.0000000000000000
       1.0000000000000000
       1.0000000000000000
       1.0000000000000000
       1.0000000000000000
       1.0000000000000000
       1.0000000000000000
       1.0000000000000000
       1.0000000000000000
       1.0000000000000000
       1.0000000000000000
       1.0000000000000000
       1.0000000000000000
       1.0000000000000000
       1.0000000000000000
       1.0000000000000000
       1.0000000000000000
       1.0000000000000000
       1.0000000000000000
       1.0000000000000000
       1.0000000000000000
       1.0000000000000000
       1.0000000000000000
       1.0000000000000000
       1.0000000000000000
       1.0000000000000000
       1.0000000000000000
       1.0000000000000000
       1.0000000000000000
       1.0000000000000000
       1.0000000000000000
       1.0000000000000000
       1.0000000000000000
       1.0000000000000000
       1.0000000000000000
       1.0000000000000000
       1.0000000000000000
       1.0000000000000000
       1.0000000000000000
       1.0000000000000000
       1.0000000000000000
       1.0000000000000000
       1.0000000000000000
       1.0000000000000000
       1.0000000000000000
       1.0000000000000000
       1.0000000000000000
       1.0000000000000000
       1.0000000000000000
       1.0000000000000000
       1.0000000000000000
       1.0000000000000000
       1.0000000000000000
       1.0000000000000000
       1.0000000000000000
       1.0000000000000000
       1.0000000000000000
       1.0000000000000000
       1.0000000000000000
       1.0000000000000000
       1.0000000000000000
       1.0000000000000000
       1.0000000000000000
       1.0000000000000000
       1.0000000000000000
       1.0000000000000000
       1.0000000000000000
       1.0000000000000000
       1.0000000000000000
       1.0000000000000000
       1.0000000000000000
       1.0000000000000000
       1.0000000000000000
       1.0000000000000000
       1.0000000000000000
       1.0000000000000000
       1.0000000000000000
       1.0000000000000000
       1.0000000000000000
       1.0000000000000000
       1.0000000000000000
       1.0000000000000000
       1.0000000000000000
       1.0000000000000000
       1.0000000000000000
       1.0000000000000000
       1.0000000000000000
       1.0000000000000000
       1.0000000000000000
       1.0000000000000000
       1.0000000000000000
       1.0000000000000000
       1.0000000000000000
       1.0000000000000000
       1.0000000000000000
       1.0000000000000000
       1.0000000000000000
       1.0000000000000000
       1.0000000000000000
       1.0000000000000000
       1.0000000000000000
       1.0000000000000000
       1.0000000000000000
       1.0000000000000000
       1.0000000000000000
       1.0000000000000000
       1.0000000000000000
       1.0000000000000000
       1.0000000000000000
       1.0000000000000000
       1.0000000000000000
       1.0000000000000000
       1.0000000000000000
       1.0000000000000000
       1.0000000000000000
       1.0000000000000000
       1.0000000000000000
       1.0000000000000000
       1.0000000000000000
       1.0000000000000000
       1.0000000000000000
       1.0000000000000000
       1.0000000000000000
       1.0000000000000000
       1.0000000000000000
       1.0000000000000000
       1.0000000000000000
       1.0000000000000000
       1.0000000000000000
       1.0000000000000000
       1.0000000000000000
       1.0000000000000000
       1.0000000000000000
       1.0000000000000000
       1.0000000000000000
       1.0000000000000000
       1.0000000000000000
       1.0000000000000000
       1.0000000000000000
       1.0000000000000000
       1.0000000000000000
       1.0000000000000000
       1.0000000000000000
       1.0000000000000000
       1.0000000000000000
       1.0000000000000000
       1.0000000000000000
       1.0000000000000000
       1.0000000000000000
       1.0000000000000000
       1.0000000000000000
       1.0000000000000000
       1.0000000000000000
       1.0000000000000000
       1.0000000000000000
       1.0000000000000000
       1.0000000000000000
       1.0000000000000000
       1.0000000000000000
       1.0000000000000000
       1.0000000000000000
       1.0000000000000000
       1.0000000000000000
       1.0000000000000000
       1.0000000000000000
       1.0000000000000000
       1.0000000000000000
       1.0000000000000000
       1.0000000000000000
       1.0000000000000000
       1.0000000000000000
       1.0000000000000000
       1.0000000000000000
       1.0000000000000000
       1.0000000000000000
       1.0000000000000000
       1.0000000000000000
       1.0000000000000000
       1.0000000000000000
       1.0000000000000000
       1.0000000000000000
       1.0000000000000000
       1.0000000000000000
       1.0000000000000000
       1.0000000000000000
       1.0000000000000000
       1.0000000000000000
       1.0000000000000000
       1.0000000000000000
       1.0000000000000000
       1.0000000000000000
       1.0000000000000000
       1.0000000000000000
       1.0000000000000000
       1.0000000000000000
       1.0000000000000000
       1.0000000000000000
       1.0000000000000000
       1.0000000000000000
       1.0000000000000000
       1.0000000000000000
       1.0000000000000000
       1.0000000000000000
       1.0000000000000000
       1.0000000000000000
       1.0000000000000000
       1.0000000000000000
       1.0000000000000000
       1.0000000000000000
       1.0000000000000000
       1.0000000000000000
       1.0000000000000000
       1.0000000000000000
       1.0000000000000000
       1.0000000000000000
       1.0000000000000000
       1.0000000000000000
       1.0000000000000000
       1.0000000000000000
       1.0000000000000000
       1.0000000000000000
       1.0000000000000000
       1.0000000000000000
       1.0000000000000000
       1.0000000000000000
       1.0000000000000000
       1.0000000000000000
       1.0000000000000000
       1.0000000000000000
       1.0000000000000000
       1.0000000000000000
       1.0000000000000000
       1.0000000000000000
       1.0000000000000000
       1.0000000000000000
       1.0000000000000000
       1.0000000000000000
       1.0000000000000000
       1.0000000000000000
