       0.7677657463288114
       0.7684395260989416
       0.7691133064953726
       0.7697870875181052
       0.7704608691671386
       0.7711346514424728
       0.7718084343441087
       0.7724822178720445
       0.7731560020262811
       0.7738297868068185
       0.7745035722136584
       0.7751773582467973
       0.7758511449062389
       0.7765249321919803
       0.7771987201040234
       0.7778725086423663
       0.7785462978070110
       0.7792200875979565
       0.7798938780152027
       0.7805676690587506
       0.7812414607285985
       0.7819152530247471
       0.7825890459471974
       0.7832628394959484
       0.7839366336710012
       0.7846104284723530
       0.7852842239000073
       0.7859580199539615
       0.7866318166342166
       0.7873056139407741
       0.7879794118736316
       0.7886532104327899
       0.7893270096182490
       0.7900008094300088
       0.7906746098680713
       0.7913484109324327
       0.7920222126230958
       0.7926960149400597
       0.7933698178833253
       0.7940436214528908
       0.7947174256487579
       0.7953912304709250
       0.7960650359193937
       0.7967388419941641
       0.7974126486952335
       0.7980864560226064
       0.7987602639762783
       0.7994340725562519
       0.8001078817625262
       0.8007816915951014
       0.8014555020539782
       0.8021293131391540
       0.8028031248506324
       0.8034769371884125
       0.8041507501524907
       0.8048245637428724
       0.8054983779595539
       0.8061721928025372
       0.8068460082718203
       0.8075198243674042
       0.8081936410892898
       0.8088674584374762
       0.8095412764119643
       0.8102150950127522
       0.8108889142398410
       0.8115627340932314
       0.8122365545729227
       0.8129103756789147
       0.8135841974112084
       0.8142580197698019
       0.8149318427546963
       0.8156056663658924
       0.8162794906033883
       0.8169533154671869
       0.8176271409572853
       0.8183009670736845
       0.8189747938163845
       0.8196486211853862
       0.8203224491806878
       0.8209962778022910
       0.8216701070501959
       0.8223439369244008
       0.8230177674249073
       0.8236915985517128
       0.8243654303048218
       0.8250392626842298
       0.8257130956899403
       0.8263869293219508
       0.8270607635802620
       0.8277345984648741
       0.8284084339757887
       0.8290822701130023
       0.8297561068765185
       0.8304299442663337
       0.8311037822824514
       0.8317776209248700
       0.8324514601935884
       0.8331253000886076
       0.8337991406099285
       0.8344729817575511
       0.8351468235314736
       0.8358206659316969
       0.8364945089582219
       0.8371683526110485
       0.8378421968901741
       0.8385160417956015
       0.8391898873273305
       0.8398637334853585
       0.8405375802696891
       0.8412114276803204
       0.8418852757172526
       0.8425591243804846
       0.8432329736700193
       0.8439068235858538
       0.8445806741279900
       0.8452545252964270
       0.8459283770911648
       0.8466022295122033
       0.8472760825595436
       0.8479499362331837
       0.8486237905331246
       0.8492976454593664
       0.8499715010119107
       0.8506453571907548
       0.8513192139958989
       0.8519930714273456
       0.8526669294850922
       0.8533407881691413
       0.8540146474794894
       0.8546885074161392
       0.8553623679790898
       0.8560362291683403
       0.8567100909838934
       0.8573839534257481
       0.8580578164939019
       0.8587316801883573
       0.8594055445091127
       0.8600794094561715
       0.8607532750295293
       0.8614271412291887
       0.8621010080551481
       0.8627748755074092
       0.8634487435859719
       0.8641226122908336
       0.8647964816219980
       0.8654703515794622
       0.8661442221632281
       0.8668180933732947
       0.8674919652096622
       0.8681658376723305
       0.8688397107612995
       0.8695135844765711
       0.8701874588181417
       0.8708613337860140
       0.8715352093801871
       0.8722090856006610
       0.8728829624474348
       0.8735568399205111
       0.8742307180198883
       0.8749045967455662
       0.8755784760975449
       0.8762523560758253
       0.8769262366804047
       0.8776001179112867
       0.8782739997684694
       0.8789478822519512
       0.8796217653617364
       0.8802956490978215
       0.8809695334602075
       0.8816434184488942
       0.8823173040638825
       0.8829911903051717
       0.8836650771727625
       0.8843389646666524
       0.8850128527868448
       0.8856867415333372
       0.8863606309061312
       0.8870345209052251
       0.8877084115306197
       0.8883823027823170
       0.8890561946603133
       0.8897300871646130
       0.8904039802952117
       0.8910778740521121
       0.8917517684353133
       0.8924256634448144
       0.8930995590806181
       0.8937734553427208
       0.8944473522311260
       0.8951212497458321
       0.8957951478868389
       0.8964690466541456
       0.8971429460477540
       0.8978168460676641
       0.8984907467138741
       0.8991646479863857
       0.8998385498851982
       0.9005124524103105
       0.9011863555617254
       0.9018602593394403
       0.9025341637434559
       0.9032080687737731
       0.9038819744303912
       0.9045558807133092
       0.9052297876225297
       0.9059036951580501
       0.9065776033198714
       0.9072515121079943
       0.9079254215224180
       0.9085993315631415
       0.9092732422301677
       0.9099471535234929
       0.9106210654431206
       0.9112949779890491
       0.9119688911612776
       0.9126428049598077
       0.9133167193846377
       0.9139906344357711
       0.9146645501132027
       0.9153384664169359
       0.9160123833469709
       0.9166863009033066
       0.9173602190859431
       0.9180341378948804
       0.9187080573301185
       0.9193819773916574
       0.9200558980794979
       0.9207298193936402
       0.9214037413340814
       0.9220776639008244
       0.9227515870938681
       0.9234255109132135
       0.9240994353588587
       0.9247733604308057
       0.9254472861290535
       0.9261212124536020
       0.9267951394044514
       0.9274690669816015
       0.9281429951850533
       0.9288169240148050
       0.9294908534708592
       0.9301647835532134
       0.9308387142618684
       0.9315126455968241
       0.9321865775580807
       0.9328605101456398
       0.9335344433594979
       0.9342083771996568
       0.9348823116661182
       0.9355562467588796
       0.9362301824779427
       0.9369041188233056
       0.9375780557949711
       0.9382519933929356
       0.9389259316172018
       0.9395998704677697
       0.9402738099446375
       0.9409477500478061
       0.9416216907772763
       0.9422956321330473
       0.9429695741151183
       0.9436435167234918
       0.9443174599581652
       0.9449914038191403
       0.9456653483064161
       0.9463392934199928
       0.9470132391598702
       0.9476871855260485
       0.9483611325185275
       0.9490350801373082
       0.9497090283823888
       0.9503829772537711
       0.9510569267514541
       0.9517308768754380
       0.9524048276257226
       0.9530787790023099
       0.9537527310051961
       0.9544266836343840
       0.9551006368898727
       0.9557745907716622
       0.9564485452797524
       0.9571225004141444
       0.9577964561748362
       0.9584704125618297
       0.9591443695751232
       0.9598183272147192
       0.9604922854806150
       0.9611662443728126
       0.9618402038913110
       0.9625141640361092
       0.9631881248072092
       0.9638620862046108
       0.9645360482283114
       0.9652100108783137
       0.9658839741546177
       0.9665579380572216
       0.9672319025861280
       0.9679058677413344
       0.9685798335228415
       0.9692537999306494
       0.9699277669647590
       0.9706017346251685
       0.9712757029118806
       0.9719496718248917
       0.9726236413642044
       0.9732976115298189
       0.9739715823217332
       0.9746455537399492
       0.9753195257844660
       0.9759934984552827
       0.9766674717524020
       0.9773414456758212
       0.9780154202255411
       0.9786893954015627
       0.9793633712038852
       0.9800373476325084
       0.9807113246874315
       0.9813853023686572
       0.9820592806761828
       0.9827332596100091
       0.9834072391701372
       0.9840812193565669
       0.9847552001692956
       0.9854291816083269
       0.9861031636736581
       0.9867771463652901
       0.9874511296832238
       0.9881251136274583
       0.9887990981979926
       0.9894730833948295
       0.9901470692179664
       0.9908210556674049
       0.9914950427431442
       0.9921690304451833
       0.9928430187735251
       0.9935170077281659
       0.9941909973091092
       0.9948649875163524
       0.9955389783498974
       0.9962129698097431
       0.9968869618958887
       0.9975609546083368
       0.9982349479470849
       0.9989089419121346
       0.9995829365034852
       1.0000000000000000
       1.0000000000000000
       1.0000000000000000
       1.0000000000000000
       1.0000000000000000
       1.0000000000000000
       1.0000000000000000
       1.0000000000000000
       1.0000000000000000
       1.0000000000000000
       1.0000000000000000
       1.0000000000000000
       1.0000000000000000
       1.0000000000000000
       1.0000000000000000
       1.0000000000000000
       1.0000000000000000
       1.0000000000000000
       1.0000000000000000
       1.0000000000000000
       1.0000000000000000
       1.0000000000000000
       1.0000000000000000
       1.0000000000000000
       1.0000000000000000
       1.0000000000000000
       1.0000000000000000
       1.0000000000000000
       1.0000000000000000
       1.0000000000000000
       1.0000000000000000
       1.0000000000000000
       1.0000000000000000
       1.0000000000000000
       1.0000000000000000
       1.0000000000000000
       1.0000000000000000
       1.0000000000000000
       1.0000000000000000
       1.0000000000000000
       1.0000000000000000
       1.0000000000000000
       1.0000000000000000
       1.0000000000000000
       1.0000000000000000
       1.0000000000000000
       1.0000000000000000
       1.0000000000000000
       1.0000000000000000
       1.0000000000000000
       1.0000000000000000
       1.0000000000000000
       1.0000000000000000
       1.0000000000000000
       1.0000000000000000
       1.0000000000000000
       1.0000000000000000
       1.0000000000000000
       1.0000000000000000
       1.0000000000000000
       1.0000000000000000
       1.0000000000000000
       1.0000000000000000
       1.0000000000000000
       1.0000000000000000
       1.0000000000000000
       1.0000000000000000
       1.0000000000000000
       1.0000000000000000
       1.0000000000000000
       1.0000000000000000
       1.0000000000000000
       1.0000000000000000
       1.0000000000000000
       1.0000000000000000
       1.0000000000000000
       1.0000000000000000
       1.0000000000000000
       1.0000000000000000
       1.0000000000000000
       1.0000000000000000
       1.0000000000000000
       1.0000000000000000
       1.0000000000000000
       1.0000000000000000
       1.0000000000000000
       1.0000000000000000
       1.0000000000000000
       1.0000000000000000
       1.0000000000000000
       1.0000000000000000
       1.0000000000000000
       1.0000000000000000
       1.0000000000000000
       1.0000000000000000
       1.0000000000000000
       1.0000000000000000
       1.0000000000000000
       1.0000000000000000
       1.0000000000000000
       1.0000000000000000
       1.0000000000000000
       1.0000000000000000
       1.0000000000000000
       1.0000000000000000
       1.0000000000000000
       1.0000000000000000
       1.0000000000000000
       1.0000000000000000
       1.0000000000000000
       1.0000000000000000
       1.0000000000000000
       1.0000000000000000
       1.0000000000000000
       1.0000000000000000
       1.0000000000000000
       1.0000000000000000
       1.0000000000000000
       1.0000000000000000
       1.0000000000000000
       1.0000000000000000
       1.0000000000000000
       1.0000000000000000
       1.0000000000000000
       1.0000000000000000
       1.0000000000000000
       1.0000000000000000
       1.0000000000000000
       1.0000000000000000
       1.0000000000000000
       1.0000000000000000
       1.0000000000000000
       1.0000000000000000
       1.0000000000000000
       1.0000000000000000
       1.0000000000000000
       1.0000000000000000
       1.0000000000000000
       1.0000000000000000
       1.0000000000000000
       1.0000000000000000
       1.0000000000000000
       1.0000000000000000
       1.0000000000000000
       1.0000000000000000
       1.0000000000000000
       1.0000000000000000
       1.0000000000000000
       1.0000000000000000
       1.0000000000000000
       1.0000000000000000
       1.0000000000000000
       1.0000000000000000
       1.0000000000000000
       1.0000000000000000
       1.0000000000000000
       1.0000000000000000
       1.0000000000000000
       1.0000000000000000
       1.0000000000000000
       1.0000000000000000
       1.0000000000000000
       1.0000000000000000
       1.0000000000000000
       1.0000000000000000
       1.0000000000000000
       1.0000000000000000
       1.0000000000000000
       1.0000000000000000
       1.0000000000000000
       1.0000000000000000
       1.0000000000000000
       1.0000000000000000
       1.0000000000000000
       1.0000000000000000
       1.0000000000000000
       1.0000000000000000
       1.0000000000000000
       1.0000000000000000
       1.0000000000000000
       1.0000000000000000
       1.0000000000000000
       1.0000000000000000
       1.0000000000000000
       1.0000000000000000
       1.0000000000000000
       1.0000000000000000
       1.0000000000000000
       1.0000000000000000
       1.0000000000000000
       1.0000000000000000
       1.0000000000000000
       1.0000000000000000
       1.0000000000000000
       1.0000000000000000
       1.0000000000000000
       1.0000000000000000
       1.0000000000000000
       1.0000000000000000
       1.0000000000000000
       1.0000000000000000
       1.0000000000000000
       1.0000000000000000
       1.0000000000000000
       1.0000000000000000
       1.0000000000000000
       1.0000000000000000
       1.0000000000000000
       1.0000000000000000
       1.0000000000000000
       1.0000000000000000
       1.0000000000000000
       1.0000000000000000
       1.0000000000000000
       1.0000000000000000
       1.0000000000000000
       1.0000000000000000
       1.0000000000000000
       1.0000000000000000
       1.0000000000000000
       1.0000000000000000
       1.0000000000000000
       1.0000000000000000
       1.0000000000000000
       1.0000000000000000
       1.0000000000000000
       1.0000000000000000
       1.0000000000000000
       1.0000000000000000
       1.0000000000000000
       1.0000000000000000
       1.0000000000000000
       1.0000000000000000
       1.0000000000000000
       1.0000000000000000
       1.0000000000000000
       1.0000000000000000
       1.0000000000000000
       1.0000000000000000
       1.0000000000000000
       1.0000000000000000
       1.0000000000000000
       1.0000000000000000
       1.0000000000000000
       1.0000000000000000
       1.0000000000000000
       1.0000000000000000
       1.0000000000000000
       1.0000000000000000
       1.0000000000000000
       1.0000000000000000
       1.0000000000000000
       1.0000000000000000
       1.0000000000000000
       1.0000000000000000
       1.0000000000000000
       1.0000000000000000
       1.0000000000000000
       1.0000000000000000
       1.0000000000000000
       1.0000000000000000
       1.0000000000000000
       1.0000000000000000
       1.0000000000000000
       1.0000000000000000
       1.0000000000000000
       1.0000000000000000
       1.0000000000000000
       1.0000000000000000
       1.0000000000000000
       1.0000000000000000
       1.0000000000000000
       1.0000000000000000
       1.0000000000000000
       1.0000000000000000
       1.0000000000000000
       1.0000000000000000
       1.0000000000000000
       1.0000000000000000
       1.0000000000000000
       1.0000000000000000
       1.0000000000000000
       1.0000000000000000
       1.0000000000000000
       1.0000000000000000
       1.0000000000000000
       1.0000000000000000
       1.0000000000000000
       1.0000000000000000
       1.0000000000000000
       1.0000000000000000
       1.0000000000000000
       1.0000000000000000
       1.0000000000000000
       1.0000000000000000
       1.0000000000000000
       1.0000000000000000
       1.0000000000000000
       1.0000000000000000
       1.0000000000000000
       1.0000000000000000
       1.0000000000000000
       1.0000000000000000
       1.0000000000000000
       1.0000000000000000
       1.0000000000000000
       1.0000000000000000
       1.0000000000000000
       1.0000000000000000
       1.0000000000000000
       1.0000000000000000
       1.0000000000000000
       1.0000000000000000
       1.0000000000000000
       1.0000000000000000
       1.0000000000000000
       1.0000000000000000
       1.0000000000000000
       1.0000000000000000
       1.0000000000000000
       1.0000000000000000
       1.0000000000000000
       1.0000000000000000
       1.0000000000000000
       1.0000000000000000
       1.0000000000000000
       1.0000000000000000
       1.0000000000000000
       1.0000000000000000
       1.0000000000000000
       1.0000000000000000
       1.0000000000000000
       1.0000000000000000
       1.0000000000000000
       1.0000000000000000
       1.0000000000000000
       1.0000000000000000
       1.0000000000000000
       1.0000000000000000
       1.0000000000000000
       1.0000000000000000
       1.0000000000000000
       1.0000000000000000
       1.0000000000000000
       1.0000000000000000
       1.0000000000000000
       1.0000000000000000
       1.0000000000000000
       1.0000000000000000
       1.0000000000000000
       1.0000000000000000
       1.0000000000000000
       1.0000000000000000
       1.0000000000000000
       1.0000000000000000
       1.0000000000000000
       1.0000000000000000
       1.0000000000000000
       1.0000000000000000
       1.0000000000000000
       1.0000000000000000
       1.0000000000000000
       1.0000000000000000
       1.0000000000000000
       1.0000000000000000
       1.0000000000000000
       1.0000000000000000
       1.0000000000000000
       1.0000000000000000
       1.0000000000000000
       1.0000000000000000
       1.0000000000000000
       1.0000000000000000
       1.0000000000000000
       1.0000000000000000
       1.0000000000000000
       1.0000000000000000
       1.0000000000000000
       1.0000000000000000
       1.0000000000000000
       1.0000000000000000
       1.0000000000000000
       1.0000000000000000
       1.0000000000000000
       1.0000000000000000
       1.0000000000000000
       1.0000000000000000
       1.0000000000000000
       1.0000000000000000
       1.0000000000000000
       1.0000000000000000
       1.0000000000000000
       1.0000000000000000
       1.0000000000000000
       1.0000000000000000
       1.0000000000000000
       1.0000000000000000
       1.0000000000000000
       1.0000000000000000
       1.0000000000000000
       1.0000000000000000
       1.0000000000000000
       1.0000000000000000
       1.0000000000000000
       1.0000000000000000
       1.0000000000000000
       1.0000000000000000
       1.0000000000000000
       1.0000000000000000
       1.0000000000000000
       1.0000000000000000
       1.0000000000000000
       1.0000000000000000
       1.0000000000000000
       1.0000000000000000
       1.0000000000000000
       1.0000000000000000
       1.0000000000000000
       1.0000000000000000
       1.0000000000000000
       1.0000000000000000
       1.0000000000000000
       1.0000000000000000
       1.0000000000000000
       1.0000000000000000
       1.0000000000000000
       1.0000000000000000
       1.0000000000000000
       1.0000000000000000
       1.0000000000000000
       1.0000000000000000
       1.0000000000000000
       1.0000000000000000
       1.0000000000000000
       1.0000000000000000
       1.0000000000000000
       1.0000000000000000
       1.0000000000000000
       1.0000000000000000
       1.0000000000000000
       1.0000000000000000
       1.0000000000000000
       1.0000000000000000
       1.0000000000000000
       1.0000000000000000
       1.0000000000000000
       1.0000000000000000
       1.0000000000000000
       1.0000000000000000
       1.0000000000000000
       1.0000000000000000
       1.0000000000000000
       1.0000000000000000
       1.0000000000000000
       1.0000000000000000
       1.0000000000000000
       1.0000000000000000
       1.0000000000000000
       1.0000000000000000
       1.0000000000000000
       1.0000000000000000
       1.0000000000000000
       1.0000000000000000
       1.0000000000000000
       1.0000000000000000
       1.0000000000000000
       1.0000000000000000
       1.0000000000000000
       1.0000000000000000
       1.0000000000000000
       1.0000000000000000
       1.0000000000000000
       1.0000000000000000
       1.0000000000000000
       1.0000000000000000
       1.0000000000000000
       1.0000000000000000
       1.0000000000000000
       1.0000000000000000
       1.0000000000000000
       1.0000000000000000
       1.0000000000000000
       1.0000000000000000
       1.0000000000000000
       1.0000000000000000
       1.0000000000000000
       1.0000000000000000
       1.0000000000000000
       1.0000000000000000
       1.0000000000000000
       1.0000000000000000
       1.0000000000000000
       1.0000000000000000
       1.0000000000000000
       1.0000000000000000
       1.0000000000000000
       1.0000000000000000
       1.0000000000000000
       1.0000000000000000
       1.0000000000000000
       1.0000000000000000
       1.0000000000000000
       1.0000000000000000
       1.0000000000000000
       1.0000000000000000
       1.0000000000000000
       1.0000000000000000
       1.0000000000000000
       1.0000000000000000
       1.0000000000000000
       1.0000000000000000
       1.0000000000000000
       1.0000000000000000
       1.0000000000000000
       1.0000000000000000
       1.0000000000000000
       1.0000000000000000
       1.0000000000000000
       1.0000000000000000
       1.0000000000000000
       1.0000000000000000
       1.0000000000000000
       1.0000000000000000
       1.0000000000000000
       1.0000000000000000
       1.0000000000000000
       1.0000000000000000
       1.0000000000000000
       1.0000000000000000
       1.0000000000000000
       1.0000000000000000
       1.0000000000000000
       1.0000000000000000
       1.0000000000000000
       1.0000000000000000
       1.0000000000000000
       1.0000000000000000
       1.0000000000000000
       1.0000000000000000
       1.0000000000000000
       1.0000000000000000
       1.0000000000000000
       1.0000000000000000
       1.0000000000000000
       1.0000000000000000
       1.0000000000000000
       1.0000000000000000
       1.0000000000000000
       1.0000000000000000
       1.0000000000000000
       1.0000000000000000
       1.0000000000000000
       1.0000000000000000
       1.0000000000000000
       1.0000000000000000
       1.0000000000000000
       1.0000000000000000
       1.0000000000000000
       1.0000000000000000
       1.0000000000000000
       1.0000000000000000
       1.0000000000000000
       1.0000000000000000
       1.0000000000000000
       1.0000000000000000
       1.0000000000000000
       1.0000000000000000
       1.0000000000000000
       1.0000000000000000
       1.0000000000000000
       1.0000000000000000
       1.0000000000000000
       1.0000000000000000
       1.0000000000000000
       1.0000000000000000
       1.0000000000000000
       1.0000000000000000
       1.0000000000000000
       1.0000000000000000
       1.0000000000000000
       1.0000000000000000
       1.0000000000000000
       1.0000000000000000
       1.0000000000000000
       1.0000000000000000
       1.0000000000000000
       1.0000000000000000
       1.0000000000000000
       1.0000000000000000
       1.0000000000000000
       1.0000000000000000
       1.0000000000000000
       1.0000000000000000
       1.0000000000000000
       1.0000000000000000
       1.0000000000000000
       1.0000000000000000
       1.0000000000000000
       1.0000000000000000
       1.0000000000000000
       1.0000000000000000
       1.0000000000000000
       1.0000000000000000
       1.0000000000000000
       1.0000000000000000
       1.0000000000000000
       1.0000000000000000
       1.0000000000000000
       1.0000000000000000
       1.0000000000000000
       1.0000000000000000
       1.0000000000000000
       1.0000000000000000
       1.0000000000000000
       1.0000000000000000
       1.0000000000000000
       1.0000000000000000
       1.0000000000000000
       1.0000000000000000
       1.0000000000000000
       1.0000000000000000
       1.0000000000000000
       1.0000000000000000
       1.0000000000000000
       1.0000000000000000
       1.0000000000000000
       1.0000000000000000
       1.0000000000000000
       1.0000000000000000
       1.0000000000000000
       1.0000000000000000
       1.0000000000000000
       1.0000000000000000
       1.0000000000000000
       1.0000000000000000
       1.0000000000000000
       1.0000000000000000
       1.0000000000000000
       1.0000000000000000
       1.0000000000000000
       1.0000000000000000
       1.0000000000000000
       1.0000000000000000
       1.0000000000000000
       1.0000000000000000
       1.0000000000000000
       1.0000000000000000
       1.0000000000000000
       1.0000000000000000
       1.0000000000000000
       1.0000000000000000
       1.0000000000000000
       1.0000000000000000
       1.0000000000000000
       1.0000000000000000
       1.0000000000000000
       1.0000000000000000
       1.0000000000000000
       1.0000000000000000
       1.0000000000000000
       1.0000000000000000
       1.0000000000000000
       1.0000000000000000
       1.0000000000000000
       1.0000000000000000
       1.0000000000000000
       1.0000000000000000
       1.0000000000000000
       1.0000000000000000
       1.0000000000000000
       1.0000000000000000
       1.0000000000000000
       1.0000000000000000
       1.0000000000000000
       1.0000000000000000
       1.0000000000000000
       1.0000000000000000
       1.0000000000000000
       1.0000000000000000
       1.0000000000000000
       1.0000000000000000
       1.0000000000000000
       1.0000000000000000
       1.0000000000000000
       1.0000000000000000
       1.0000000000000000
       1.0000000000000000
       1.0000000000000000
       1.0000000000000000
       1.0000000000000000
       1.0000000000000000
       1.0000000000000000
       1.0000000000000000
       1.0000000000000000
       1.0000000000000000
       1.0000000000000000
       1.0000000000000000
       1.0000000000000000
       1.0000000000000000
       1.0000000000000000
       1.0000000000000000
       1.0000000000000000
       1.0000000000000000
       1.0000000000000000
       1.0000000000000000
       1.0000000000000000
       1.0000000000000000
       1.0000000000000000
       1.0000000000000000
       1.0000000000000000
       1.0000000000000000
       1.0000000000000000
       1.0000000000000000
       1.0000000000000000
       1.0000000000000000
       1.0000000000000000
       1.0000000000000000
       1.0000000000000000
       1.0000000000000000
       1.0000000000000000
       1.0000000000000000
       1.0000000000000000
       1.0000000000000000
       1.0000000000000000
       1.0000000000000000
       1.0000000000000000
       1.0000000000000000
       1.0000000000000000
       1.0000000000000000
       1.0000000000000000
       1.0000000000000000
       1.0000000000000000
       1.0000000000000000
       1.0000000000000000
       1.0000000000000000
       1.0000000000000000
       1.0000000000000000
       1.0000000000000000
       1.0000000000000000
       1.0000000000000000
       1.0000000000000000
       1.0000000000000000
       1.0000000000000000
       1.0000000000000000
       1.0000000000000000
       1.0000000000000000
       1.0000000000000000
       1.0000000000000000
       1.0000000000000000
       1.0000000000000000
       1.0000000000000000
       1.0000000000000000
       1.0000000000000000
       1.0000000000000000
       1.0000000000000000
       1.0000000000000000
       1.0000000000000000
       1.0000000000000000
       1.0000000000000000
       1.0000000000000000
       1.0000000000000000
       1.0000000000000000
       1.0000000000000000
       1.0000000000000000
       1.0000000000000000
       1.0000000000000000
       1.0000000000000000
       1.0000000000000000
       1.0000000000000000
       1.0000000000000000
       1.0000000000000000
       1.0000000000000000
       1.0000000000000000
       1.0000000000000000
       1.0000000000000000
       1.0000000000000000
       1.0000000000000000
       1.0000000000000000
       1.0000000000000000
       1.0000000000000000
       1.0000000000000000
       1.0000000000000000
       1.0000000000000000
       1.0000000000000000
       1.0000000000000000
       1.0000000000000000
       1.0000000000000000
       1.0000000000000000
       1.0000000000000000
       1.0000000000000000
       1.0000000000000000
       1.0000000000000000
       1.0000000000000000
       1.0000000000000000
       1.0000000000000000
       1.0000000000000000
       1.0000000000000000
       1.0000000000000000
       1.0000000000000000
       1.0000000000000000
       1.0000000000000000
       1.0000000000000000
       1.0000000000000000
       1.0000000000000000
       1.0000000000000000
       1.0000000000000000
       1.0000000000000000
       1.0000000000000000
       1.0000000000000000
       1.0000000000000000
       1.0000000000000000
       1.0000000000000000
       1.0000000000000000
       1.0000000000000000
       1.0000000000000000
       1.0000000000000000
       1.0000000000000000
       1.0000000000000000
       1.0000000000000000
       1.0000000000000000
       1.0000000000000000
       1.0000000000000000
       1.0000000000000000
       1.0000000000000000
       1.0000000000000000
       1.0000000000000000
       1.0000000000000000
       1.0000000000000000
       1.0000000000000000
       1.0000000000000000
       1.0000000000000000
       1.0000000000000000
       1.0000000000000000
       1.0000000000000000
       1.0000000000000000
       1.0000000000000000
       1.0000000000000000
       1.0000000000000000
       1.0000000000000000
       1.0000000000000000
       1.0000000000000000
       1.0000000000000000
       1.0000000000000000
       1.0000000000000000
       1.0000000000000000
       1.0000000000000000
       1.0000000000000000
       1.0000000000000000
       1.0000000000000000
       1.0000000000000000
       1.0000000000000000
       1.0000000000000000
       1.0000000000000000
       1.0000000000000000
       1.0000000000000000
       1.0000000000000000
       1.0000000000000000
       1.0000000000000000
       1.0000000000000000
       1.0000000000000000
       1.0000000000000000
       1.0000000000000000
       1.0000000000000000
       1.0000000000000000
       1.0000000000000000
       1.0000000000000000
       1.0000000000000000
       1.0000000000000000
       1.0000000000000000
       1.0000000000000000
       1.0000000000000000
       1.0000000000000000
       1.0000000000000000
       1.0000000000000000
       1.0000000000000000
       1.0000000000000000
       1.0000000000000000
       1.0000000000000000
       1.0000000000000000
       1.0000000000000000
       1.0000000000000000
       1.0000000000000000
       1.0000000000000000
       1.0000000000000000
       1.0000000000000000
       1.0000000000000000
       1.0000000000000000
       1.0000000000000000
       1.0000000000000000
       1.0000000000000000
       1.0000000000000000
       1.0000000000000000
       1.0000000000000000
       1.0000000000000000
       1.0000000000000000
       1.0000000000000000
       1.0000000000000000
       1.0000000000000000
       1.0000000000000000
       1.0000000000000000
       1.0000000000000000
       1.0000000000000000
       1.0000000000000000
       1.0000000000000000
       1.0000000000000000
       1.0000000000000000
       1.0000000000000000
       1.0000000000000000
       1.0000000000000000
       1.0000000000000000
       1.0000000000000000
       1.0000000000000000
       1.0000000000000000
       1.0000000000000000
       1.0000000000000000
       1.0000000000000000
       1.0000000000000000
       1.0000000000000000
       1.0000000000000000
       1.0000000000000000
       1.0000000000000000
       1.0000000000000000
       1.0000000000000000
       1.0000000000000000
       1.0000000000000000
       1.0000000000000000
       1.0000000000000000
       1.0000000000000000
       1.0000000000000000
