       0.7728064814926556
       0.7733599566558707
       0.7739134323335604
       0.7744669085257248
       0.7750203852323629
       0.7755738624534740
       0.7761273401890607
       0.7766808184391198
       0.7772342972036541
       0.7777877764826622
       0.7783412562761440
       0.7788947365841001
       0.7794482174065305
       0.7800016987434346
       0.7805551805948125
       0.7811086629606652
       0.7816621458409911
       0.7822156292357918
       0.7827691131450658
       0.7833225975688145
       0.7838760825070374
       0.7844295679597337
       0.7849830539269038
       0.7855365404085481
       0.7860900274046676
       0.7866435149152604
       0.7871970029403270
       0.7877504914798674
       0.7883039805338825
       0.7888574701023710
       0.7894109601853345
       0.7899644507827714
       0.7905179418946822
       0.7910714335210671
       0.7916249256619263
       0.7921784183172589
       0.7927319114870661
       0.7932854051713472
       0.7938388993701024
       0.7943923940833320
       0.7949458893110357
       0.7954993850532124
       0.7960528813098637
       0.7966063780809898
       0.7971598753665892
       0.7977133731666624
       0.7982668714812102
       0.7988203703102310
       0.7993738696537274
       0.7999273695116966
       0.8004808698841410
       0.8010343707710583
       0.8015878721724503
       0.8021413740883157
       0.8026948765186561
       0.8032483794634699
       0.8038018829227576
       0.8043553868965199
       0.8049088913847560
       0.8054623963874659
       0.8060159019046496
       0.8065694079363075
       0.8071229144824401
       0.8076764215430470
       0.8082299291181267
       0.8087834372076812
       0.8093369458117090
       0.8098904549302119
       0.8104439645631887
       0.8109974747106392
       0.8115509853725640
       0.8121044965489617
       0.8126580082398345
       0.8132115204451815
       0.8137650331650019
       0.8143185463992966
       0.8148720601480655
       0.8154255744113081
       0.8159790891890255
       0.8165326044812167
       0.8170861202878807
       0.8176396366090199
       0.8181931534446334
       0.8187466707947202
       0.8193001886592817
       0.8198537070383169
       0.8204072259318251
       0.8209607453398089
       0.8215142652622665
       0.8220677856991974
       0.8226213066506030
       0.8231748281164828
       0.8237283500968355
       0.8242818725916634
       0.8248353956009651
       0.8253889191247405
       0.8259424431629898
       0.8264959677157142
       0.8270494927829115
       0.8276030183645826
       0.8281565444607288
       0.8287100710713484
       0.8292635981964422
       0.8298171258360103
       0.8303706539900526
       0.8309241826585683
       0.8314777118415586
       0.8320312415390227
       0.8325847717509611
       0.8331383024773729
       0.8336918337182593
       0.8342453654736190
       0.8347988977434535
       0.8353524305277613
       0.8359059638265443
       0.8364594976398001
       0.8370130319675311
       0.8375665668097354
       0.8381201021664140
       0.8386736380375668
       0.8392271744231929
       0.8397807113232938
       0.8403342487378680
       0.8408877866669169
       0.8414413251104396
       0.8419948640684365
       0.8425484035409077
       0.8431019435278526
       0.8436554840292718
       0.8442090250451639
       0.8447625665755321
       0.8453161086203722
       0.8458696511796875
       0.8464231942534770
       0.8469767378417399
       0.8475302819444765
       0.8480838265616879
       0.8486373716933739
       0.8491909173395329
       0.8497444635001661
       0.8502980101752740
       0.8508515573648552
       0.8514051050689107
       0.8519586532874404
       0.8525122020204434
       0.8530657512679216
       0.8536193010298727
       0.8541728513062994
       0.8547264020971990
       0.8552799534025728
       0.8558335052224200
       0.8563870575567418
       0.8569406104055384
       0.8574941637688078
       0.8580477176465524
       0.8586012720387703
       0.8591548269454625
       0.8597083823666285
       0.8602619383022687
       0.8608154947523827
       0.8613690517169705
       0.8619226091960335
       0.8624761671895698
       0.8630297256975799
       0.8635832847200642
       0.8641368442570228
       0.8646904043084551
       0.8652439648743617
       0.8657975259547430
       0.8663510875495968
       0.8669046496589252
       0.8674582122827288
       0.8680117754210053
       0.8685653390737560
       0.8691189032409814
       0.8696724679226793
       0.8702260331188527
       0.8707795988294991
       0.8713331650546206
       0.8718867317942154
       0.8724402990482845
       0.8729938668168273
       0.8735474350998453
       0.8741010038973362
       0.8746545732093014
       0.8752081430357412
       0.8757617133766535
       0.8763152842320410
       0.8768688556019035
       0.8774224274862386
       0.8779759998850474
       0.8785295727983313
       0.8790831462260886
       0.8796367201683202
       0.8801902946250264
       0.8807438695962055
       0.8812974450818594
       0.8818510210819874
       0.8824045975965888
       0.8829581746256645
       0.8835117521692148
       0.8840653302272385
       0.8846189087997365
       0.8851724878867091
       0.8857260674881546
       0.8862796476040748
       0.8868332282344693
       0.8873868093793371
       0.8879403910386792
       0.8884939732124959
       0.8890475559007860
       0.8896011391035508
       0.8901547228207893
       0.8907083070525013
       0.8912618917986883
       0.8918154770593478
       0.8923690628344829
       0.8929226491240909
       0.8934762359281740
       0.8940298232467310
       0.8945834110797617
       0.8951369994272662
       0.8956905882892450
       0.8962441776656984
       0.8967977675566248
       0.8973513579620263
       0.8979049488819006
       0.8984585403162493
       0.8990121322650726
       0.8995657247283697
       0.9001193177061411
       0.9006729111983862
       0.9012265052051061
       0.9017800997262988
       0.9023336947619658
       0.9028872903121075
       0.9034408863767229
       0.9039944829558122
       0.9045480800493757
       0.9051016776574130
       0.9056552757799246
       0.9062088744169099
       0.9067624735683704
       0.9073160732343037
       0.9078696734147109
       0.9084232741095928
       0.9089768753189489
       0.9095304770427788
       0.9100840792810825
       0.9106376820338604
       0.9111912853011122
       0.9117448890828381
       0.9122984933790392
       0.9128520981897128
       0.9134057035148606
       0.9139593093544827
       0.9145129157085794
       0.9150665225771499
       0.9156201299601943
       0.9161737378577115
       0.9167273462697043
       0.9172809551961709
       0.9178345646371113
       0.9183881745925264
       0.9189417850624144
       0.9194953960467771
       0.9200490075456136
       0.9206026195589239
       0.9211562320867088
       0.9217098451289676
       0.9222634586857001
       0.9228170727569074
       0.9233706873425884
       0.9239243024427433
       0.9244779180573719
       0.9250315341864752
       0.9255851508300523
       0.9261387679881032
       0.9266923856606288
       0.9272460038476273
       0.9277996225491005
       0.9283532417650475
       0.9289068614954692
       0.9294604817403647
       0.9300141024997339
       0.9305677237735770
       0.9311213455618947
       0.9316749678646863
       0.9322285906819516
       0.9327822140136917
       0.9333358378599046
       0.9338894622205922
       0.9344430870957536
       0.9349967124853897
       0.9355503383894996
       0.9361039648080833
       0.9366575917411417
       0.9372112191886730
       0.9377648471506790
       0.9383184756271596
       0.9388721046181132
       0.9394257341235415
       0.9399793641434435
       0.9405329946778194
       0.9410866257266699
       0.9416402572899933
       0.9421938893677924
       0.9427475219600643
       0.9433011550668109
       0.9438547886880313
       0.9444084228237255
       0.9449620574738944
       0.9455156926385362
       0.9460693283176536
       0.9466229645112438
       0.9471766012193088
       0.9477302384418476
       0.9482838761788601
       0.9488375144303465
       0.9493911531963075
       0.9499447924767424
       0.9504984322716510
       0.9510520725810343
       0.9516057134048914
       0.9521593547432223
       0.9527129965960270
       0.9532666389633064
       0.9538202818450596
       0.9543739252412866
       0.9549275691519883
       0.9554812135771629
       0.9560348585168121
       0.9565885039709361
       0.9571421499395329
       0.9576957964226045
       0.9582494434201507
       0.9588030909321699
       0.9593567389586628
       0.9599103874996304
       0.9604640365550727
       0.9610176861249888
       0.9615713362093778
       0.9621249868082424
       0.9626786379215790
       0.9632322895493912
       0.9637859416916772
       0.9643395943484370
       0.9648932475196714
       0.9654469012053788
       0.9660005554055608
       0.9665542101202167
       0.9671078653493472
       0.9676615210929516
       0.9682151773510297
       0.9687688341235816
       0.9693224914106082
       0.9698761492121077
       0.9704298075280828
       0.9709834663585308
       0.9715371257034535
       0.9720907855628509
       0.9726444459367212
       0.9731981068250661
       0.9737517682278840
       0.9743054301451775
       0.9748590925769438
       0.9754127555231848
       0.9759664189838988
       0.9765200829590883
       0.9770737474487508
       0.9776274124528879
       0.9781810779714988
       0.9787347440045835
       0.9792884105521420
       0.9798420776141761
       0.9803957451906831
       0.9809494132816639
       0.9815030818871193
       0.9820567510070477
       0.9826104206414525
       0.9831640907903294
       0.9837177614536810
       0.9842714326315054
       0.9848251043238045
       0.9853787765305784
       0.9859324492518260
       0.9864861224875483
       0.9870397962377435
       0.9875934705024134
       0.9881471452815571
       0.9887008205751746
       0.9892544963832668
       0.9898081727058319
       0.9903618495428725
       0.9909155268943861
       0.9914692047603744
       0.9920228831408355
       0.9925765620357714
       0.9931302414451819
       0.9936839213690662
       0.9942376018074244
       0.9947912827602563
       0.9953449642275629
       0.9958986462093433
       0.9964523287055975
       0.9970060117163255
       0.9975596952415282
       0.9981133792812047
       0.9986670638353550
       0.9992207489039791
       0.9997744344870778
       1.0000000000000000
       1.0000000000000000
       1.0000000000000000
       1.0000000000000000
       1.0000000000000000
       1.0000000000000000
       1.0000000000000000
       1.0000000000000000
       1.0000000000000000
       1.0000000000000000
       1.0000000000000000
       1.0000000000000000
       1.0000000000000000
       1.0000000000000000
       1.0000000000000000
       1.0000000000000000
       1.0000000000000000
       1.0000000000000000
       1.0000000000000000
       1.0000000000000000
       1.0000000000000000
       1.0000000000000000
       1.0000000000000000
       1.0000000000000000
       1.0000000000000000
       1.0000000000000000
       1.0000000000000000
       1.0000000000000000
       1.0000000000000000
       1.0000000000000000
       1.0000000000000000
       1.0000000000000000
       1.0000000000000000
       1.0000000000000000
       1.0000000000000000
       1.0000000000000000
       1.0000000000000000
       1.0000000000000000
       1.0000000000000000
       1.0000000000000000
       1.0000000000000000
       1.0000000000000000
       1.0000000000000000
       1.0000000000000000
       1.0000000000000000
       1.0000000000000000
       1.0000000000000000
       1.0000000000000000
       1.0000000000000000
       1.0000000000000000
       1.0000000000000000
       1.0000000000000000
       1.0000000000000000
       1.0000000000000000
       1.0000000000000000
       1.0000000000000000
       1.0000000000000000
       1.0000000000000000
       1.0000000000000000
       1.0000000000000000
       1.0000000000000000
       1.0000000000000000
       1.0000000000000000
       1.0000000000000000
       1.0000000000000000
       1.0000000000000000
       1.0000000000000000
       1.0000000000000000
       1.0000000000000000
       1.0000000000000000
       1.0000000000000000
       1.0000000000000000
       1.0000000000000000
       1.0000000000000000
       1.0000000000000000
       1.0000000000000000
       1.0000000000000000
       1.0000000000000000
       1.0000000000000000
       1.0000000000000000
       1.0000000000000000
       1.0000000000000000
       1.0000000000000000
       1.0000000000000000
       1.0000000000000000
       1.0000000000000000
       1.0000000000000000
       1.0000000000000000
       1.0000000000000000
       1.0000000000000000
       1.0000000000000000
       1.0000000000000000
       1.0000000000000000
       1.0000000000000000
       1.0000000000000000
       1.0000000000000000
       1.0000000000000000
       1.0000000000000000
       1.0000000000000000
       1.0000000000000000
       1.0000000000000000
       1.0000000000000000
       1.0000000000000000
       1.0000000000000000
       1.0000000000000000
       1.0000000000000000
       1.0000000000000000
       1.0000000000000000
       1.0000000000000000
       1.0000000000000000
       1.0000000000000000
       1.0000000000000000
       1.0000000000000000
       1.0000000000000000
       1.0000000000000000
       1.0000000000000000
       1.0000000000000000
       1.0000000000000000
       1.0000000000000000
       1.0000000000000000
       1.0000000000000000
       1.0000000000000000
       1.0000000000000000
       1.0000000000000000
       1.0000000000000000
       1.0000000000000000
       1.0000000000000000
       1.0000000000000000
       1.0000000000000000
       1.0000000000000000
       1.0000000000000000
       1.0000000000000000
       1.0000000000000000
       1.0000000000000000
       1.0000000000000000
       1.0000000000000000
       1.0000000000000000
       1.0000000000000000
       1.0000000000000000
       1.0000000000000000
       1.0000000000000000
       1.0000000000000000
       1.0000000000000000
       1.0000000000000000
       1.0000000000000000
       1.0000000000000000
       1.0000000000000000
       1.0000000000000000
       1.0000000000000000
       1.0000000000000000
       1.0000000000000000
       1.0000000000000000
       1.0000000000000000
       1.0000000000000000
       1.0000000000000000
       1.0000000000000000
       1.0000000000000000
       1.0000000000000000
       1.0000000000000000
       1.0000000000000000
       1.0000000000000000
       1.0000000000000000
       1.0000000000000000
       1.0000000000000000
       1.0000000000000000
       1.0000000000000000
       1.0000000000000000
       1.0000000000000000
       1.0000000000000000
       1.0000000000000000
       1.0000000000000000
       1.0000000000000000
       1.0000000000000000
       1.0000000000000000
       1.0000000000000000
       1.0000000000000000
       1.0000000000000000
       1.0000000000000000
       1.0000000000000000
       1.0000000000000000
       1.0000000000000000
       1.0000000000000000
       1.0000000000000000
       1.0000000000000000
       1.0000000000000000
       1.0000000000000000
       1.0000000000000000
       1.0000000000000000
       1.0000000000000000
       1.0000000000000000
       1.0000000000000000
       1.0000000000000000
       1.0000000000000000
       1.0000000000000000
       1.0000000000000000
       1.0000000000000000
       1.0000000000000000
       1.0000000000000000
       1.0000000000000000
       1.0000000000000000
       1.0000000000000000
       1.0000000000000000
       1.0000000000000000
       1.0000000000000000
       1.0000000000000000
       1.0000000000000000
       1.0000000000000000
       1.0000000000000000
       1.0000000000000000
       1.0000000000000000
       1.0000000000000000
       1.0000000000000000
       1.0000000000000000
       1.0000000000000000
       1.0000000000000000
       1.0000000000000000
       1.0000000000000000
       1.0000000000000000
       1.0000000000000000
       1.0000000000000000
       1.0000000000000000
       1.0000000000000000
       1.0000000000000000
       1.0000000000000000
       1.0000000000000000
       1.0000000000000000
       1.0000000000000000
       1.0000000000000000
       1.0000000000000000
       1.0000000000000000
       1.0000000000000000
       1.0000000000000000
       1.0000000000000000
       1.0000000000000000
       1.0000000000000000
       1.0000000000000000
       1.0000000000000000
       1.0000000000000000
       1.0000000000000000
       1.0000000000000000
       1.0000000000000000
       1.0000000000000000
       1.0000000000000000
       1.0000000000000000
       1.0000000000000000
       1.0000000000000000
       1.0000000000000000
       1.0000000000000000
       1.0000000000000000
       1.0000000000000000
       1.0000000000000000
       1.0000000000000000
       1.0000000000000000
       1.0000000000000000
       1.0000000000000000
       1.0000000000000000
       1.0000000000000000
       1.0000000000000000
       1.0000000000000000
       1.0000000000000000
       1.0000000000000000
       1.0000000000000000
       1.0000000000000000
       1.0000000000000000
       1.0000000000000000
       1.0000000000000000
       1.0000000000000000
       1.0000000000000000
       1.0000000000000000
       1.0000000000000000
       1.0000000000000000
       1.0000000000000000
       1.0000000000000000
       1.0000000000000000
       1.0000000000000000
       1.0000000000000000
       1.0000000000000000
       1.0000000000000000
       1.0000000000000000
       1.0000000000000000
       1.0000000000000000
       1.0000000000000000
       1.0000000000000000
       1.0000000000000000
       1.0000000000000000
       1.0000000000000000
       1.0000000000000000
       1.0000000000000000
       1.0000000000000000
       1.0000000000000000
       1.0000000000000000
       1.0000000000000000
       1.0000000000000000
       1.0000000000000000
       1.0000000000000000
       1.0000000000000000
       1.0000000000000000
       1.0000000000000000
       1.0000000000000000
       1.0000000000000000
       1.0000000000000000
       1.0000000000000000
       1.0000000000000000
       1.0000000000000000
       1.0000000000000000
       1.0000000000000000
       1.0000000000000000
       1.0000000000000000
       1.0000000000000000
       1.0000000000000000
       1.0000000000000000
       1.0000000000000000
       1.0000000000000000
       1.0000000000000000
       1.0000000000000000
       1.0000000000000000
       1.0000000000000000
       1.0000000000000000
       1.0000000000000000
       1.0000000000000000
       1.0000000000000000
       1.0000000000000000
       1.0000000000000000
       1.0000000000000000
       1.0000000000000000
       1.0000000000000000
       1.0000000000000000
       1.0000000000000000
       1.0000000000000000
       1.0000000000000000
       1.0000000000000000
       1.0000000000000000
       1.0000000000000000
       1.0000000000000000
       1.0000000000000000
       1.0000000000000000
       1.0000000000000000
       1.0000000000000000
       1.0000000000000000
       1.0000000000000000
       1.0000000000000000
       1.0000000000000000
       1.0000000000000000
       1.0000000000000000
       1.0000000000000000
       1.0000000000000000
       1.0000000000000000
       1.0000000000000000
       1.0000000000000000
       1.0000000000000000
       1.0000000000000000
       1.0000000000000000
       1.0000000000000000
       1.0000000000000000
       1.0000000000000000
       1.0000000000000000
       1.0000000000000000
       1.0000000000000000
       1.0000000000000000
       1.0000000000000000
       1.0000000000000000
       1.0000000000000000
       1.0000000000000000
       1.0000000000000000
       1.0000000000000000
       1.0000000000000000
       1.0000000000000000
       1.0000000000000000
       1.0000000000000000
       1.0000000000000000
       1.0000000000000000
       1.0000000000000000
       1.0000000000000000
       1.0000000000000000
       1.0000000000000000
       1.0000000000000000
       1.0000000000000000
       1.0000000000000000
       1.0000000000000000
       1.0000000000000000
       1.0000000000000000
       1.0000000000000000
       1.0000000000000000
       1.0000000000000000
       1.0000000000000000
       1.0000000000000000
       1.0000000000000000
       1.0000000000000000
       1.0000000000000000
       1.0000000000000000
       1.0000000000000000
       1.0000000000000000
       1.0000000000000000
       1.0000000000000000
       1.0000000000000000
       1.0000000000000000
       1.0000000000000000
       1.0000000000000000
       1.0000000000000000
       1.0000000000000000
       1.0000000000000000
       1.0000000000000000
       1.0000000000000000
       1.0000000000000000
       1.0000000000000000
       1.0000000000000000
       1.0000000000000000
       1.0000000000000000
       1.0000000000000000
       1.0000000000000000
       1.0000000000000000
       1.0000000000000000
       1.0000000000000000
       1.0000000000000000
       1.0000000000000000
       1.0000000000000000
       1.0000000000000000
       1.0000000000000000
       1.0000000000000000
       1.0000000000000000
       1.0000000000000000
       1.0000000000000000
       1.0000000000000000
       1.0000000000000000
       1.0000000000000000
       1.0000000000000000
       1.0000000000000000
       1.0000000000000000
       1.0000000000000000
       1.0000000000000000
       1.0000000000000000
       1.0000000000000000
       1.0000000000000000
       1.0000000000000000
       1.0000000000000000
       1.0000000000000000
       1.0000000000000000
       1.0000000000000000
       1.0000000000000000
       1.0000000000000000
       1.0000000000000000
       1.0000000000000000
       1.0000000000000000
       1.0000000000000000
       1.0000000000000000
       1.0000000000000000
       1.0000000000000000
       1.0000000000000000
       1.0000000000000000
       1.0000000000000000
       1.0000000000000000
       1.0000000000000000
       1.0000000000000000
       1.0000000000000000
       1.0000000000000000
       1.0000000000000000
       1.0000000000000000
       1.0000000000000000
       1.0000000000000000
       1.0000000000000000
       1.0000000000000000
       1.0000000000000000
       1.0000000000000000
       1.0000000000000000
       1.0000000000000000
       1.0000000000000000
       1.0000000000000000
       1.0000000000000000
       1.0000000000000000
       1.0000000000000000
       1.0000000000000000
       1.0000000000000000
       1.0000000000000000
       1.0000000000000000
       1.0000000000000000
       1.0000000000000000
       1.0000000000000000
       1.0000000000000000
       1.0000000000000000
       1.0000000000000000
       1.0000000000000000
       1.0000000000000000
       1.0000000000000000
       1.0000000000000000
       1.0000000000000000
       1.0000000000000000
       1.0000000000000000
       1.0000000000000000
       1.0000000000000000
       1.0000000000000000
       1.0000000000000000
       1.0000000000000000
       1.0000000000000000
       1.0000000000000000
       1.0000000000000000
       1.0000000000000000
       1.0000000000000000
       1.0000000000000000
       1.0000000000000000
       1.0000000000000000
       1.0000000000000000
       1.0000000000000000
       1.0000000000000000
       1.0000000000000000
       1.0000000000000000
       1.0000000000000000
       1.0000000000000000
       1.0000000000000000
       1.0000000000000000
       1.0000000000000000
       1.0000000000000000
       1.0000000000000000
       1.0000000000000000
       1.0000000000000000
       1.0000000000000000
       1.0000000000000000
       1.0000000000000000
       1.0000000000000000
       1.0000000000000000
       1.0000000000000000
       1.0000000000000000
       1.0000000000000000
       1.0000000000000000
       1.0000000000000000
       1.0000000000000000
       1.0000000000000000
       1.0000000000000000
       1.0000000000000000
       1.0000000000000000
       1.0000000000000000
       1.0000000000000000
       1.0000000000000000
       1.0000000000000000
       1.0000000000000000
       1.0000000000000000
       1.0000000000000000
       1.0000000000000000
       1.0000000000000000
       1.0000000000000000
       1.0000000000000000
       1.0000000000000000
       1.0000000000000000
       1.0000000000000000
       1.0000000000000000
       1.0000000000000000
       1.0000000000000000
       1.0000000000000000
       1.0000000000000000
       1.0000000000000000
       1.0000000000000000
       1.0000000000000000
       1.0000000000000000
       1.0000000000000000
       1.0000000000000000
       1.0000000000000000
       1.0000000000000000
       1.0000000000000000
       1.0000000000000000
       1.0000000000000000
       1.0000000000000000
       1.0000000000000000
       1.0000000000000000
       1.0000000000000000
       1.0000000000000000
       1.0000000000000000
       1.0000000000000000
       1.0000000000000000
       1.0000000000000000
       1.0000000000000000
       1.0000000000000000
       1.0000000000000000
       1.0000000000000000
       1.0000000000000000
       1.0000000000000000
       1.0000000000000000
       1.0000000000000000
       1.0000000000000000
       1.0000000000000000
       1.0000000000000000
       1.0000000000000000
       1.0000000000000000
       1.0000000000000000
       1.0000000000000000
       1.0000000000000000
       1.0000000000000000
       1.0000000000000000
       1.0000000000000000
       1.0000000000000000
       1.0000000000000000
       1.0000000000000000
       1.0000000000000000
       1.0000000000000000
       1.0000000000000000
       1.0000000000000000
       1.0000000000000000
       1.0000000000000000
       1.0000000000000000
       1.0000000000000000
       1.0000000000000000
       1.0000000000000000
       1.0000000000000000
       1.0000000000000000
       1.0000000000000000
       1.0000000000000000
       1.0000000000000000
       1.0000000000000000
       1.0000000000000000
       1.0000000000000000
       1.0000000000000000
       1.0000000000000000
       1.0000000000000000
       1.0000000000000000
       1.0000000000000000
       1.0000000000000000
       1.0000000000000000
       1.0000000000000000
       1.0000000000000000
       1.0000000000000000
       1.0000000000000000
       1.0000000000000000
       1.0000000000000000
       1.0000000000000000
       1.0000000000000000
       1.0000000000000000
       1.0000000000000000
       1.0000000000000000
       1.0000000000000000
       1.0000000000000000
       1.0000000000000000
       1.0000000000000000
       1.0000000000000000
       1.0000000000000000
       1.0000000000000000
       1.0000000000000000
       1.0000000000000000
       1.0000000000000000
       1.0000000000000000
       1.0000000000000000
       1.0000000000000000
       1.0000000000000000
       1.0000000000000000
       1.0000000000000000
       1.0000000000000000
       1.0000000000000000
       1.0000000000000000
       1.0000000000000000
       1.0000000000000000
       1.0000000000000000
       1.0000000000000000
       1.0000000000000000
       1.0000000000000000
       1.0000000000000000
       1.0000000000000000
       1.0000000000000000
       1.0000000000000000
       1.0000000000000000
       1.0000000000000000
       1.0000000000000000
       1.0000000000000000
       1.0000000000000000
       1.0000000000000000
       1.0000000000000000
       1.0000000000000000
       1.0000000000000000
       1.0000000000000000
       1.0000000000000000
       1.0000000000000000
       1.0000000000000000
       1.0000000000000000
       1.0000000000000000
       1.0000000000000000
       1.0000000000000000
       1.0000000000000000
       1.0000000000000000
       1.0000000000000000
       1.0000000000000000
       1.0000000000000000
       1.0000000000000000
       1.0000000000000000
       1.0000000000000000
       1.0000000000000000
       1.0000000000000000
       1.0000000000000000
       1.0000000000000000
       1.0000000000000000
       1.0000000000000000
       1.0000000000000000
       1.0000000000000000
       1.0000000000000000
       1.0000000000000000
       1.0000000000000000
       1.0000000000000000
       1.0000000000000000
       1.0000000000000000
       1.0000000000000000
       1.0000000000000000
       1.0000000000000000
       1.0000000000000000
       1.0000000000000000
       1.0000000000000000
       1.0000000000000000
       1.0000000000000000
       1.0000000000000000
       1.0000000000000000
       1.0000000000000000
       1.0000000000000000
       1.0000000000000000
       1.0000000000000000
       1.0000000000000000
       1.0000000000000000
       1.0000000000000000
       1.0000000000000000
       1.0000000000000000
       1.0000000000000000
       1.0000000000000000
       1.0000000000000000
       1.0000000000000000
       1.0000000000000000
       1.0000000000000000
       1.0000000000000000
       1.0000000000000000
       1.0000000000000000
       1.0000000000000000
       1.0000000000000000
       1.0000000000000000
       1.0000000000000000
       1.0000000000000000
       1.0000000000000000
       1.0000000000000000
       1.0000000000000000
       1.0000000000000000
       1.0000000000000000
       1.0000000000000000
       1.0000000000000000
       1.0000000000000000
       1.0000000000000000
       1.0000000000000000
       1.0000000000000000
       1.0000000000000000
       1.0000000000000000
       1.0000000000000000
       1.0000000000000000
       1.0000000000000000
       1.0000000000000000
       1.0000000000000000
       1.0000000000000000
       1.0000000000000000
       1.0000000000000000
       1.0000000000000000
       1.0000000000000000
       1.0000000000000000
       1.0000000000000000
       1.0000000000000000
       1.0000000000000000
       1.0000000000000000
       1.0000000000000000
       1.0000000000000000
       1.0000000000000000
       1.0000000000000000
       1.0000000000000000
       1.0000000000000000
       1.0000000000000000
       1.0000000000000000
       1.0000000000000000
       1.0000000000000000
       1.0000000000000000
       1.0000000000000000
       1.0000000000000000
       1.0000000000000000
       1.0000000000000000
       1.0000000000000000
       1.0000000000000000
       1.0000000000000000
       1.0000000000000000
       1.0000000000000000
       1.0000000000000000
       1.0000000000000000
       1.0000000000000000
       1.0000000000000000
       1.0000000000000000
       1.0000000000000000
       1.0000000000000000
       1.0000000000000000
       1.0000000000000000
       1.0000000000000000
       1.0000000000000000
       1.0000000000000000
       1.0000000000000000
       1.0000000000000000
       1.0000000000000000
       1.0000000000000000
       1.0000000000000000
       1.0000000000000000
       1.0000000000000000
       1.0000000000000000
       1.0000000000000000
       1.0000000000000000
       1.0000000000000000
       1.0000000000000000
       1.0000000000000000
       1.0000000000000000
       1.0000000000000000
       1.0000000000000000
       1.0000000000000000
       1.0000000000000000
       1.0000000000000000
       1.0000000000000000
       1.0000000000000000
       1.0000000000000000
       1.0000000000000000
       1.0000000000000000
       1.0000000000000000
       1.0000000000000000
       1.0000000000000000
       1.0000000000000000
       1.0000000000000000
       1.0000000000000000
       1.0000000000000000
       1.0000000000000000
       1.0000000000000000
       1.0000000000000000
       1.0000000000000000
       1.0000000000000000
       1.0000000000000000
       1.0000000000000000
       1.0000000000000000
       1.0000000000000000
       1.0000000000000000
       1.0000000000000000
       1.0000000000000000
       1.0000000000000000
       1.0000000000000000
       1.0000000000000000
       1.0000000000000000
       1.0000000000000000
       1.0000000000000000
       1.0000000000000000
       1.0000000000000000
       1.0000000000000000
       1.0000000000000000
       1.0000000000000000
       1.0000000000000000
       1.0000000000000000
       1.0000000000000000
       1.0000000000000000
       1.0000000000000000
       1.0000000000000000
       1.0000000000000000
       1.0000000000000000
       1.0000000000000000
       1.0000000000000000
       1.0000000000000000
       1.0000000000000000
       1.0000000000000000
       1.0000000000000000
       1.0000000000000000
       1.0000000000000000
       1.0000000000000000
       1.0000000000000000
       1.0000000000000000
       1.0000000000000000
       1.0000000000000000
       1.0000000000000000
