       0.7656704865133532
       0.7662740430881358
       0.7668776002239452
       0.7674811579207814
       0.7680847161786426
       0.7686882749975306
       0.7692918343774435
       0.7698953943183833
       0.7704989548203489
       0.7711025158833404
       0.7717060775073588
       0.7723096396924012
       0.7729132024384713
       0.7735167657455664
       0.7741203296136883
       0.7747238940428360
       0.7753274590330097
       0.7759310245842093
       0.7765345906964356
       0.7771381573696878
       0.7777417246039651
       0.7783452923992700
       0.7789488607555999
       0.7795524296729557
       0.7801559991513374
       0.7807595691907459
       0.7813631397911802
       0.7819667109526396
       0.7825702826751257
       0.7831738549586378
       0.7837774278031757
       0.7843810012087404
       0.7849845751753302
       0.7855881497029467
       0.7861917247915899
       0.7867953004412582
       0.7873988766519524
       0.7880024534236734
       0.7886060307564193
       0.7892096086501921
       0.7898131871049907
       0.7904167661208152
       0.7910203456976648
       0.7916239258355420
       0.7922275065344442
       0.7928310877943723
       0.7934346696153272
       0.7940382519973079
       0.7946418349403146
       0.7952454184443480
       0.7958490025094065
       0.7964525871354917
       0.7970561723226020
       0.7976597580707399
       0.7982633443799019
       0.7988669312500907
       0.7994705186813063
       0.8000741066735468
       0.8006776952268151
       0.8012812843411075
       0.8018848740164266
       0.8024884642527716
       0.8030920550501426
       0.8036956464085394
       0.8042992383279639
       0.8049028308084125
       0.8055064238498879
       0.8061100174523892
       0.8067136116159164
       0.8073172063404694
       0.8079208016260493
       0.8085243974726550
       0.8091279938802867
       0.8097315908489442
       0.8103351883786276
       0.8109387864693360
       0.8115423851210721
       0.8121459843338341
       0.8127495841076211
       0.8133531844424349
       0.8139567853382754
       0.8145603867951401
       0.8151639888130324
       0.8157675913919507
       0.8163711945318939
       0.8169747982328639
       0.8175784024948598
       0.8181820073178816
       0.8187856127019293
       0.8193892186470038
       0.8199928251531041
       0.8205964322202295
       0.8212000398483816
       0.8218036480375597
       0.8224072567877636
       0.8230108660989943
       0.8236144759712500
       0.8242180864045316
       0.8248216973988400
       0.8254253089541743
       0.8260289210705354
       0.8266325337479214
       0.8272361469863334
       0.8278397607857721
       0.8284433751462368
       0.8290469900677273
       0.8296506055502437
       0.8302542215937860
       0.8308578381983542
       0.8314614553639492
       0.8320650730905692
       0.8326686913782169
       0.8332723102268895
       0.8338759296365872
       0.8344795496073116
       0.8350831701390629
       0.8356867912318400
       0.8362904128856430
       0.8368940351004719
       0.8374976578763267
       0.8381012812132074
       0.8387049051111140
       0.8393085295700482
       0.8399121545900057
       0.8405157801709917
       0.8411194063130027
       0.8417230330160388
       0.8423266602801025
       0.8429302881051921
       0.8435339164913067
       0.8441375454384472
       0.8447411749466154
       0.8453448050158086
       0.8459484356460276
       0.8465520668372735
       0.8471556985895443
       0.8477593309028419
       0.8483629637771655
       0.8489665972125149
       0.8495702312088902
       0.8501738657662914
       0.8507775008847194
       0.8513811365641724
       0.8519847728046521
       0.8525884096061578
       0.8531920469686893
       0.8537956848922468
       0.8543993233768310
       0.8550029624224402
       0.8556066020290762
       0.8562102421967381
       0.8568138829254259
       0.8574175242151405
       0.8580211660658792
       0.8586248084776464
       0.8592284514504369
       0.8598320949842559
       0.8604357390790991
       0.8610393837349699
       0.8616430289518657
       0.8622466747297883
       0.8628503210687350
       0.8634539679687094
       0.8640576154297106
       0.8646612634517359
       0.8652649120347888
       0.8658685611788668
       0.8664722108839715
       0.8670758611501013
       0.8676795119772578
       0.8682831633654402
       0.8688868153146485
       0.8694904678248836
       0.8700941208961437
       0.8706977745284306
       0.8713014287217433
       0.8719050834760820
       0.8725087387914456
       0.8731123946678370
       0.8737160511052533
       0.8743197081036955
       0.8749233656631645
       0.8755270237836594
       0.8761306824651802
       0.8767343417077269
       0.8773380015113004
       0.8779416618758988
       0.8785453228015232
       0.8791489842881743
       0.8797526463358514
       0.8803563089445543
       0.8809599721142840
       0.8815636358450387
       0.8821673001368193
       0.8827709649896267
       0.8833746304034600
       0.8839782963783183
       0.8845819629142042
       0.8851856300111152
       0.8857892976690529
       0.8863929658880156
       0.8869966346680052
       0.8876003040090206
       0.8882039739110619
       0.8888076443741291
       0.8894113153982222
       0.8900149869833420
       0.8906186591294878
       0.8912223318366594
       0.8918260051048570
       0.8924296789340804
       0.8930333533243298
       0.8936370282756050
       0.8942407037879079
       0.8948443798612349
       0.8954480564955887
       0.8960517336909684
       0.8966554114473739
       0.8972590897648063
       0.8978627686432636
       0.8984664480827478
       0.8990701280832578
       0.8996738086447937
       0.9002774897673556
       0.9008811714509433
       0.9014848536955578
       0.9020885365011972
       0.9026922198678635
       0.9032959037955557
       0.9038995882842746
       0.9045032733340186
       0.9051069589447884
       0.9057106451165842
       0.9063143318494076
       0.9069180191432551
       0.9075217069981294
       0.9081253954140305
       0.9087290843909557
       0.9093327739289085
       0.9099364640278873
       0.9105401546878920
       0.9111438459089225
       0.9117475376909789
       0.9123512300340613
       0.9129549229381695
       0.9135586164033054
       0.9141623104294654
       0.9147660050166522
       0.9153697001648649
       0.9159733958741034
       0.9165770921443679
       0.9171807889756582
       0.9177844863679754
       0.9183881843213184
       0.9189918828356882
       0.9195955819110830
       0.9201992815475037
       0.9208029817449503
       0.9214066825034228
       0.9220103838229221
       0.9226140857034473
       0.9232177881449992
       0.9238214911475753
       0.9244251947111790
       0.9250288988358086
       0.9256326035214633
       0.9262363087681447
       0.9268400145758520
       0.9274437209445852
       0.9280474278743442
       0.9286511353651301
       0.9292548434169410
       0.9298585520297786
       0.9304622612036422
       0.9310659709385316
       0.9316696812344478
       0.9322733920913890
       0.9328771035093570
       0.9334808154883500
       0.9340845280283698
       0.9346882411294146
       0.9352919547914871
       0.9358956690145845
       0.9364993837987088
       0.9371030991438580
       0.9377068150500341
       0.9383105315172360
       0.9389142485454647
       0.9395179661347175
       0.9401216842849980
       0.9407254029963035
       0.9413291222686357
       0.9419328421019939
       0.9425365624963780
       0.9431402834517879
       0.9437440049682246
       0.9443477270456855
       0.9449514496841740
       0.9455551728836884
       0.9461588966442287
       0.9467626209657949
       0.9473663458483870
       0.9479700712920058
       0.9485737972966506
       0.9491775238623212
       0.9497812509890169
       0.9503849786767393
       0.9509887069254876
       0.9515924357352628
       0.9521961651060629
       0.9527998950378889
       0.9534036255307416
       0.9540073565846203
       0.9546110881995249
       0.9552148203754562
       0.9558185531124135
       0.9564222864103957
       0.9570260202694039
       0.9576297546894388
       0.9582334896705005
       0.9588372252125872
       0.9594409613156998
       0.9600446979798383
       0.9606484352050035
       0.9612521729911956
       0.9618559113384118
       0.9624596502466547
       0.9630633897159235
       0.9636671297462183
       0.9642708703375398
       0.9648746114898872
       0.9654783532032605
       0.9660820954776597
       0.9666858383130839
       0.9672895817095366
       0.9678933256670135
       0.9684970701855171
       0.9691008152650467
       0.9697045609056012
       0.9703083071071825
       0.9709120538697906
       0.9715158011934237
       0.9721195490780827
       0.9727232975237685
       0.9733270465304802
       0.9739307960982178
       0.9745345462269812
       0.9751382969167715
       0.9757420481675876
       0.9763457999794287
       0.9769495523522966
       0.9775533052861904
       0.9781570587811101
       0.9787608128370566
       0.9793645674540272
       0.9799683226320255
       0.9805720783710505
       0.9811758346710997
       0.9817795915321756
       0.9823833489542775
       0.9829871069374061
       0.9835908654815597
       0.9841946245867401
       0.9847983842529464
       0.9854021444801786
       0.9860059052684367
       0.9866096666177215
       0.9872134285280314
       0.9878171909993672
       0.9884209540317297
       0.9890247176251181
       0.9896284817795324
       0.9902322464949735
       0.9908360117714397
       0.9914397776089316
       0.9920435440074504
       0.9926473109669951
       0.9932510784875657
       0.9938548465691621
       0.9944586152117854
       0.9950623844154336
       0.9956661541801086
       0.9962699245058095
       0.9968736953925355
       0.9974774668402890
       0.9980812388490676
       0.9986850114188721
       0.9992887845497034
       0.9998925582415596
       1.0000000000000000
       1.0000000000000000
       1.0000000000000000
       1.0000000000000000
       1.0000000000000000
       1.0000000000000000
       1.0000000000000000
       1.0000000000000000
       1.0000000000000000
       1.0000000000000000
       1.0000000000000000
       1.0000000000000000
       1.0000000000000000
       1.0000000000000000
       1.0000000000000000
       1.0000000000000000
       1.0000000000000000
       1.0000000000000000
       1.0000000000000000
       1.0000000000000000
       1.0000000000000000
       1.0000000000000000
       1.0000000000000000
       1.0000000000000000
       1.0000000000000000
       1.0000000000000000
       1.0000000000000000
       1.0000000000000000
       1.0000000000000000
       1.0000000000000000
       1.0000000000000000
       1.0000000000000000
       1.0000000000000000
       1.0000000000000000
       1.0000000000000000
       1.0000000000000000
       1.0000000000000000
       1.0000000000000000
       1.0000000000000000
       1.0000000000000000
       1.0000000000000000
       1.0000000000000000
       1.0000000000000000
       1.0000000000000000
       1.0000000000000000
       1.0000000000000000
       1.0000000000000000
       1.0000000000000000
       1.0000000000000000
       1.0000000000000000
       1.0000000000000000
       1.0000000000000000
       1.0000000000000000
       1.0000000000000000
       1.0000000000000000
       1.0000000000000000
       1.0000000000000000
       1.0000000000000000
       1.0000000000000000
       1.0000000000000000
       1.0000000000000000
       1.0000000000000000
       1.0000000000000000
       1.0000000000000000
       1.0000000000000000
       1.0000000000000000
       1.0000000000000000
       1.0000000000000000
       1.0000000000000000
       1.0000000000000000
       1.0000000000000000
       1.0000000000000000
       1.0000000000000000
       1.0000000000000000
       1.0000000000000000
       1.0000000000000000
       1.0000000000000000
       1.0000000000000000
       1.0000000000000000
       1.0000000000000000
       1.0000000000000000
       1.0000000000000000
       1.0000000000000000
       1.0000000000000000
       1.0000000000000000
       1.0000000000000000
       1.0000000000000000
       1.0000000000000000
       1.0000000000000000
       1.0000000000000000
       1.0000000000000000
       1.0000000000000000
       1.0000000000000000
       1.0000000000000000
       1.0000000000000000
       1.0000000000000000
       1.0000000000000000
       1.0000000000000000
       1.0000000000000000
       1.0000000000000000
       1.0000000000000000
       1.0000000000000000
       1.0000000000000000
       1.0000000000000000
       1.0000000000000000
       1.0000000000000000
       1.0000000000000000
       1.0000000000000000
       1.0000000000000000
       1.0000000000000000
       1.0000000000000000
       1.0000000000000000
       1.0000000000000000
       1.0000000000000000
       1.0000000000000000
       1.0000000000000000
       1.0000000000000000
       1.0000000000000000
       1.0000000000000000
       1.0000000000000000
       1.0000000000000000
       1.0000000000000000
       1.0000000000000000
       1.0000000000000000
       1.0000000000000000
       1.0000000000000000
       1.0000000000000000
       1.0000000000000000
       1.0000000000000000
       1.0000000000000000
       1.0000000000000000
       1.0000000000000000
       1.0000000000000000
       1.0000000000000000
       1.0000000000000000
       1.0000000000000000
       1.0000000000000000
       1.0000000000000000
       1.0000000000000000
       1.0000000000000000
       1.0000000000000000
       1.0000000000000000
       1.0000000000000000
       1.0000000000000000
       1.0000000000000000
       1.0000000000000000
       1.0000000000000000
       1.0000000000000000
       1.0000000000000000
       1.0000000000000000
       1.0000000000000000
       1.0000000000000000
       1.0000000000000000
       1.0000000000000000
       1.0000000000000000
       1.0000000000000000
       1.0000000000000000
       1.0000000000000000
       1.0000000000000000
       1.0000000000000000
       1.0000000000000000
       1.0000000000000000
       1.0000000000000000
       1.0000000000000000
       1.0000000000000000
       1.0000000000000000
       1.0000000000000000
       1.0000000000000000
       1.0000000000000000
       1.0000000000000000
       1.0000000000000000
       1.0000000000000000
       1.0000000000000000
       1.0000000000000000
       1.0000000000000000
       1.0000000000000000
       1.0000000000000000
       1.0000000000000000
       1.0000000000000000
       1.0000000000000000
       1.0000000000000000
       1.0000000000000000
       1.0000000000000000
       1.0000000000000000
       1.0000000000000000
       1.0000000000000000
       1.0000000000000000
       1.0000000000000000
       1.0000000000000000
       1.0000000000000000
       1.0000000000000000
       1.0000000000000000
       1.0000000000000000
       1.0000000000000000
       1.0000000000000000
       1.0000000000000000
       1.0000000000000000
       1.0000000000000000
       1.0000000000000000
       1.0000000000000000
       1.0000000000000000
       1.0000000000000000
       1.0000000000000000
       1.0000000000000000
       1.0000000000000000
       1.0000000000000000
       1.0000000000000000
       1.0000000000000000
       1.0000000000000000
       1.0000000000000000
       1.0000000000000000
       1.0000000000000000
       1.0000000000000000
       1.0000000000000000
       1.0000000000000000
       1.0000000000000000
       1.0000000000000000
       1.0000000000000000
       1.0000000000000000
       1.0000000000000000
       1.0000000000000000
       1.0000000000000000
       1.0000000000000000
       1.0000000000000000
       1.0000000000000000
       1.0000000000000000
       1.0000000000000000
       1.0000000000000000
       1.0000000000000000
       1.0000000000000000
       1.0000000000000000
       1.0000000000000000
       1.0000000000000000
       1.0000000000000000
       1.0000000000000000
       1.0000000000000000
       1.0000000000000000
       1.0000000000000000
       1.0000000000000000
       1.0000000000000000
       1.0000000000000000
       1.0000000000000000
       1.0000000000000000
       1.0000000000000000
       1.0000000000000000
       1.0000000000000000
       1.0000000000000000
       1.0000000000000000
       1.0000000000000000
       1.0000000000000000
       1.0000000000000000
       1.0000000000000000
       1.0000000000000000
       1.0000000000000000
       1.0000000000000000
       1.0000000000000000
       1.0000000000000000
       1.0000000000000000
       1.0000000000000000
       1.0000000000000000
       1.0000000000000000
       1.0000000000000000
       1.0000000000000000
       1.0000000000000000
       1.0000000000000000
       1.0000000000000000
       1.0000000000000000
       1.0000000000000000
       1.0000000000000000
       1.0000000000000000
       1.0000000000000000
       1.0000000000000000
       1.0000000000000000
       1.0000000000000000
       1.0000000000000000
       1.0000000000000000
       1.0000000000000000
       1.0000000000000000
       1.0000000000000000
       1.0000000000000000
       1.0000000000000000
       1.0000000000000000
       1.0000000000000000
       1.0000000000000000
       1.0000000000000000
       1.0000000000000000
       1.0000000000000000
       1.0000000000000000
       1.0000000000000000
       1.0000000000000000
       1.0000000000000000
       1.0000000000000000
       1.0000000000000000
       1.0000000000000000
       1.0000000000000000
       1.0000000000000000
       1.0000000000000000
       1.0000000000000000
       1.0000000000000000
       1.0000000000000000
       1.0000000000000000
       1.0000000000000000
       1.0000000000000000
       1.0000000000000000
       1.0000000000000000
       1.0000000000000000
       1.0000000000000000
       1.0000000000000000
       1.0000000000000000
       1.0000000000000000
       1.0000000000000000
       1.0000000000000000
       1.0000000000000000
       1.0000000000000000
       1.0000000000000000
       1.0000000000000000
       1.0000000000000000
       1.0000000000000000
       1.0000000000000000
       1.0000000000000000
       1.0000000000000000
       1.0000000000000000
       1.0000000000000000
       1.0000000000000000
       1.0000000000000000
       1.0000000000000000
       1.0000000000000000
       1.0000000000000000
       1.0000000000000000
       1.0000000000000000
       1.0000000000000000
       1.0000000000000000
       1.0000000000000000
       1.0000000000000000
       1.0000000000000000
       1.0000000000000000
       1.0000000000000000
       1.0000000000000000
       1.0000000000000000
       1.0000000000000000
       1.0000000000000000
       1.0000000000000000
       1.0000000000000000
       1.0000000000000000
       1.0000000000000000
       1.0000000000000000
       1.0000000000000000
       1.0000000000000000
       1.0000000000000000
       1.0000000000000000
       1.0000000000000000
       1.0000000000000000
       1.0000000000000000
       1.0000000000000000
       1.0000000000000000
       1.0000000000000000
       1.0000000000000000
       1.0000000000000000
       1.0000000000000000
       1.0000000000000000
       1.0000000000000000
       1.0000000000000000
       1.0000000000000000
       1.0000000000000000
       1.0000000000000000
       1.0000000000000000
       1.0000000000000000
       1.0000000000000000
       1.0000000000000000
       1.0000000000000000
       1.0000000000000000
       1.0000000000000000
       1.0000000000000000
       1.0000000000000000
       1.0000000000000000
       1.0000000000000000
       1.0000000000000000
       1.0000000000000000
       1.0000000000000000
       1.0000000000000000
       1.0000000000000000
       1.0000000000000000
       1.0000000000000000
       1.0000000000000000
       1.0000000000000000
       1.0000000000000000
       1.0000000000000000
       1.0000000000000000
       1.0000000000000000
       1.0000000000000000
       1.0000000000000000
       1.0000000000000000
       1.0000000000000000
       1.0000000000000000
       1.0000000000000000
       1.0000000000000000
       1.0000000000000000
       1.0000000000000000
       1.0000000000000000
       1.0000000000000000
       1.0000000000000000
       1.0000000000000000
       1.0000000000000000
       1.0000000000000000
       1.0000000000000000
       1.0000000000000000
       1.0000000000000000
       1.0000000000000000
       1.0000000000000000
       1.0000000000000000
       1.0000000000000000
       1.0000000000000000
       1.0000000000000000
       1.0000000000000000
       1.0000000000000000
       1.0000000000000000
       1.0000000000000000
       1.0000000000000000
       1.0000000000000000
       1.0000000000000000
       1.0000000000000000
       1.0000000000000000
       1.0000000000000000
       1.0000000000000000
       1.0000000000000000
       1.0000000000000000
       1.0000000000000000
       1.0000000000000000
       1.0000000000000000
       1.0000000000000000
       1.0000000000000000
       1.0000000000000000
       1.0000000000000000
       1.0000000000000000
       1.0000000000000000
       1.0000000000000000
       1.0000000000000000
       1.0000000000000000
       1.0000000000000000
       1.0000000000000000
       1.0000000000000000
       1.0000000000000000
       1.0000000000000000
       1.0000000000000000
       1.0000000000000000
       1.0000000000000000
       1.0000000000000000
       1.0000000000000000
       1.0000000000000000
       1.0000000000000000
       1.0000000000000000
       1.0000000000000000
       1.0000000000000000
       1.0000000000000000
       1.0000000000000000
       1.0000000000000000
       1.0000000000000000
       1.0000000000000000
       1.0000000000000000
       1.0000000000000000
       1.0000000000000000
       1.0000000000000000
       1.0000000000000000
       1.0000000000000000
       1.0000000000000000
       1.0000000000000000
       1.0000000000000000
       1.0000000000000000
       1.0000000000000000
       1.0000000000000000
       1.0000000000000000
       1.0000000000000000
       1.0000000000000000
       1.0000000000000000
       1.0000000000000000
       1.0000000000000000
       1.0000000000000000
       1.0000000000000000
       1.0000000000000000
       1.0000000000000000
       1.0000000000000000
       1.0000000000000000
       1.0000000000000000
       1.0000000000000000
       1.0000000000000000
       1.0000000000000000
       1.0000000000000000
       1.0000000000000000
       1.0000000000000000
       1.0000000000000000
       1.0000000000000000
       1.0000000000000000
       1.0000000000000000
       1.0000000000000000
       1.0000000000000000
       1.0000000000000000
       1.0000000000000000
       1.0000000000000000
       1.0000000000000000
       1.0000000000000000
       1.0000000000000000
       1.0000000000000000
       1.0000000000000000
       1.0000000000000000
       1.0000000000000000
       1.0000000000000000
       1.0000000000000000
       1.0000000000000000
       1.0000000000000000
       1.0000000000000000
       1.0000000000000000
       1.0000000000000000
       1.0000000000000000
       1.0000000000000000
       1.0000000000000000
       1.0000000000000000
       1.0000000000000000
       1.0000000000000000
       1.0000000000000000
       1.0000000000000000
       1.0000000000000000
       1.0000000000000000
       1.0000000000000000
       1.0000000000000000
       1.0000000000000000
       1.0000000000000000
       1.0000000000000000
       1.0000000000000000
       1.0000000000000000
       1.0000000000000000
       1.0000000000000000
       1.0000000000000000
       1.0000000000000000
       1.0000000000000000
       1.0000000000000000
       1.0000000000000000
       1.0000000000000000
       1.0000000000000000
       1.0000000000000000
       1.0000000000000000
       1.0000000000000000
       1.0000000000000000
       1.0000000000000000
       1.0000000000000000
       1.0000000000000000
       1.0000000000000000
       1.0000000000000000
       1.0000000000000000
       1.0000000000000000
       1.0000000000000000
       1.0000000000000000
       1.0000000000000000
       1.0000000000000000
       1.0000000000000000
       1.0000000000000000
       1.0000000000000000
       1.0000000000000000
       1.0000000000000000
       1.0000000000000000
       1.0000000000000000
       1.0000000000000000
       1.0000000000000000
       1.0000000000000000
       1.0000000000000000
       1.0000000000000000
       1.0000000000000000
       1.0000000000000000
       1.0000000000000000
       1.0000000000000000
       1.0000000000000000
       1.0000000000000000
       1.0000000000000000
       1.0000000000000000
       1.0000000000000000
       1.0000000000000000
       1.0000000000000000
       1.0000000000000000
       1.0000000000000000
       1.0000000000000000
       1.0000000000000000
       1.0000000000000000
       1.0000000000000000
       1.0000000000000000
       1.0000000000000000
       1.0000000000000000
       1.0000000000000000
       1.0000000000000000
       1.0000000000000000
       1.0000000000000000
       1.0000000000000000
       1.0000000000000000
       1.0000000000000000
       1.0000000000000000
       1.0000000000000000
       1.0000000000000000
       1.0000000000000000
       1.0000000000000000
       1.0000000000000000
       1.0000000000000000
       1.0000000000000000
       1.0000000000000000
       1.0000000000000000
       1.0000000000000000
       1.0000000000000000
       1.0000000000000000
       1.0000000000000000
       1.0000000000000000
       1.0000000000000000
       1.0000000000000000
       1.0000000000000000
       1.0000000000000000
       1.0000000000000000
       1.0000000000000000
       1.0000000000000000
       1.0000000000000000
       1.0000000000000000
       1.0000000000000000
       1.0000000000000000
       1.0000000000000000
       1.0000000000000000
       1.0000000000000000
       1.0000000000000000
       1.0000000000000000
       1.0000000000000000
       1.0000000000000000
       1.0000000000000000
       1.0000000000000000
       1.0000000000000000
       1.0000000000000000
       1.0000000000000000
       1.0000000000000000
       1.0000000000000000
       1.0000000000000000
       1.0000000000000000
       1.0000000000000000
       1.0000000000000000
       1.0000000000000000
       1.0000000000000000
       1.0000000000000000
       1.0000000000000000
       1.0000000000000000
       1.0000000000000000
       1.0000000000000000
       1.0000000000000000
       1.0000000000000000
       1.0000000000000000
       1.0000000000000000
       1.0000000000000000
       1.0000000000000000
       1.0000000000000000
       1.0000000000000000
       1.0000000000000000
       1.0000000000000000
       1.0000000000000000
       1.0000000000000000
       1.0000000000000000
       1.0000000000000000
       1.0000000000000000
       1.0000000000000000
       1.0000000000000000
       1.0000000000000000
       1.0000000000000000
       1.0000000000000000
       1.0000000000000000
       1.0000000000000000
       1.0000000000000000
       1.0000000000000000
       1.0000000000000000
       1.0000000000000000
       1.0000000000000000
       1.0000000000000000
       1.0000000000000000
       1.0000000000000000
       1.0000000000000000
       1.0000000000000000
       1.0000000000000000
       1.0000000000000000
       1.0000000000000000
       1.0000000000000000
       1.0000000000000000
       1.0000000000000000
       1.0000000000000000
       1.0000000000000000
       1.0000000000000000
       1.0000000000000000
       1.0000000000000000
       1.0000000000000000
       1.0000000000000000
       1.0000000000000000
       1.0000000000000000
       1.0000000000000000
       1.0000000000000000
       1.0000000000000000
       1.0000000000000000
       1.0000000000000000
       1.0000000000000000
       1.0000000000000000
       1.0000000000000000
       1.0000000000000000
       1.0000000000000000
       1.0000000000000000
       1.0000000000000000
       1.0000000000000000
       1.0000000000000000
       1.0000000000000000
       1.0000000000000000
       1.0000000000000000
       1.0000000000000000
       1.0000000000000000
       1.0000000000000000
       1.0000000000000000
       1.0000000000000000
       1.0000000000000000
       1.0000000000000000
       1.0000000000000000
       1.0000000000000000
       1.0000000000000000
       1.0000000000000000
       1.0000000000000000
       1.0000000000000000
       1.0000000000000000
       1.0000000000000000
       1.0000000000000000
       1.0000000000000000
       1.0000000000000000
       1.0000000000000000
       1.0000000000000000
       1.0000000000000000
       1.0000000000000000
       1.0000000000000000
       1.0000000000000000
       1.0000000000000000
       1.0000000000000000
       1.0000000000000000
       1.0000000000000000
       1.0000000000000000
       1.0000000000000000
       1.0000000000000000
       1.0000000000000000
       1.0000000000000000
       1.0000000000000000
       1.0000000000000000
       1.0000000000000000
       1.0000000000000000
       1.0000000000000000
       1.0000000000000000
       1.0000000000000000
       1.0000000000000000
       1.0000000000000000
       1.0000000000000000
       1.0000000000000000
       1.0000000000000000
       1.0000000000000000
       1.0000000000000000
       1.0000000000000000
       1.0000000000000000
       1.0000000000000000
       1.0000000000000000
       1.0000000000000000
       1.0000000000000000
       1.0000000000000000
       1.0000000000000000
       1.0000000000000000
       1.0000000000000000
       1.0000000000000000
       1.0000000000000000
       1.0000000000000000
       1.0000000000000000
       1.0000000000000000
       1.0000000000000000
       1.0000000000000000
       1.0000000000000000
       1.0000000000000000
       1.0000000000000000
       1.0000000000000000
       1.0000000000000000
       1.0000000000000000
       1.0000000000000000
       1.0000000000000000
       1.0000000000000000
       1.0000000000000000
       1.0000000000000000
       1.0000000000000000
       1.0000000000000000
       1.0000000000000000
       1.0000000000000000
       1.0000000000000000
       1.0000000000000000
       1.0000000000000000
       1.0000000000000000
       1.0000000000000000
       1.0000000000000000
       1.0000000000000000
       1.0000000000000000
       1.0000000000000000
       1.0000000000000000
       1.0000000000000000
       1.0000000000000000
       1.0000000000000000
       1.0000000000000000
       1.0000000000000000
       1.0000000000000000
       1.0000000000000000
       1.0000000000000000
       1.0000000000000000
       1.0000000000000000
       1.0000000000000000
       1.0000000000000000
       1.0000000000000000
       1.0000000000000000
       1.0000000000000000
       1.0000000000000000
       1.0000000000000000
       1.0000000000000000
       1.0000000000000000
       1.0000000000000000
       1.0000000000000000
       1.0000000000000000
       1.0000000000000000
       1.0000000000000000
       1.0000000000000000
       1.0000000000000000
       1.0000000000000000
       1.0000000000000000
       1.0000000000000000
       1.0000000000000000
       1.0000000000000000
       1.0000000000000000
       1.0000000000000000
       1.0000000000000000
       1.0000000000000000
       1.0000000000000000
       1.0000000000000000
       1.0000000000000000
       1.0000000000000000
       1.0000000000000000
       1.0000000000000000
       1.0000000000000000
       1.0000000000000000
       1.0000000000000000
       1.0000000000000000
       1.0000000000000000
       1.0000000000000000
       1.0000000000000000
       1.0000000000000000
       1.0000000000000000
       1.0000000000000000
       1.0000000000000000
       1.0000000000000000
       1.0000000000000000
       1.0000000000000000
       1.0000000000000000
       1.0000000000000000
       1.0000000000000000
       1.0000000000000000
       1.0000000000000000
       1.0000000000000000
       1.0000000000000000
       1.0000000000000000
       1.0000000000000000
       1.0000000000000000
       1.0000000000000000
       1.0000000000000000
       1.0000000000000000
       1.0000000000000000
       1.0000000000000000
       1.0000000000000000
       1.0000000000000000
       1.0000000000000000
       1.0000000000000000
       1.0000000000000000
       1.0000000000000000
       1.0000000000000000
       1.0000000000000000
       1.0000000000000000
       1.0000000000000000
       1.0000000000000000
       1.0000000000000000
       1.0000000000000000
       1.0000000000000000
       1.0000000000000000
       1.0000000000000000
       1.0000000000000000
       1.0000000000000000
       1.0000000000000000
