       0.8139206634194909
       0.8143739075290912
       0.8148271520599972
       0.8152803970122084
       0.8157336423857258
       0.8161868881805487
       0.8166401343966774
       0.8170933810341117
       0.8175466280928512
       0.8179998755728968
       0.8184531234742485
       0.8189063717969050
       0.8193596205408675
       0.8198128697061366
       0.8202661192927101
       0.8207193693005901
       0.8211726197297748
       0.8216258705802661
       0.8220791218520627
       0.8225323735451648
       0.8229856256595722
       0.8234388781952870
       0.8238921311523062
       0.8243453845306310
       0.8247986383302615
       0.8252518925511980
       0.8257051471934398
       0.8261584022569877
       0.8266116577418408
       0.8270649136480004
       0.8275181699754652
       0.8279714267242353
       0.8284246838943110
       0.8288779414856933
       0.8293311994983812
       0.8297844579323739
       0.8302377167876722
       0.8306909760642771
       0.8311442357621872
       0.8315974958814034
       0.8320507564219244
       0.8325040173837515
       0.8329572787668846
       0.8334105405713230
       0.8338638027970675
       0.8343170654441172
       0.8347703285124730
       0.8352235920021340
       0.8356768559131007
       0.8361301202453735
       0.8365833849989519
       0.8370366501738356
       0.8374899157700249
       0.8379431817875207
       0.8383964482263218
       0.8388497150864280
       0.8393029823678400
       0.8397562500705580
       0.8402095181945821
       0.8406627867399115
       0.8411160557065460
       0.8415693250944871
       0.8420225949037334
       0.8424758651342854
       0.8429291357861430
       0.8433824068593063
       0.8438356783537753
       0.8442889502695499
       0.8447422226066301
       0.8451954953650169
       0.8456487685447085
       0.8461020421457057
       0.8465553161680082
       0.8470085906116172
       0.8474618654765322
       0.8479151407627517
       0.8483684164702772
       0.8488216925991097
       0.8492749691492465
       0.8497282461206894
       0.8501815235134371
       0.8506348013274918
       0.8510880795628522
       0.8515413582195168
       0.8519946372974880
       0.8524479167967658
       0.8529011967173479
       0.8533544770592361
       0.8538077578224299
       0.8542610390069294
       0.8547143206127350
       0.8551676026398454
       0.8556208850882618
       0.8560741679579849
       0.8565274512490126
       0.8569807349613461
       0.8574340190949847
       0.8578873036499299
       0.8583405886261808
       0.8587938740237373
       0.8592471598425986
       0.8597004460827669
       0.8601537327442399
       0.8606070198270190
       0.8610603073311034
       0.8615135952564938
       0.8619668836031904
       0.8624201723711917
       0.8628734615604992
       0.8633267511711122
       0.8637800412030314
       0.8642333316562558
       0.8646866225307854
       0.8651399138266211
       0.8655932055437630
       0.8660464976822095
       0.8664997902419622
       0.8669530832230210
       0.8674063766253850
       0.8678596704490551
       0.8683129646940300
       0.8687662593603118
       0.8692195544478989
       0.8696728499567912
       0.8701261458869887
       0.8705794422384932
       0.8710327390113024
       0.8714860362054178
       0.8719393338208383
       0.8723926318575650
       0.8728459303155973
       0.8732992291949349
       0.8737525284955781
       0.8742058282175278
       0.8746591283607832
       0.8751124289253434
       0.8755657299112096
       0.8760190313183815
       0.8764723331468596
       0.8769256353966424
       0.8773789380677313
       0.8778322411601263
       0.8782855446738265
       0.8787388486088328
       0.8791921529651439
       0.8796454577427615
       0.8800987629416848
       0.8805520685619133
       0.8810053746034474
       0.8814586810662877
       0.8819119879504336
       0.8823652952558847
       0.8828186029826415
       0.8832719111307044
       0.8837252197000733
       0.8841785286907466
       0.8846318381027269
       0.8850851479360125
       0.8855384581906036
       0.8859917688665000
       0.8864450799637025
       0.8868983914822106
       0.8873517034220249
       0.8878050157831439
       0.8882583285655690
       0.8887116417693002
       0.8891649553943370
       0.8896182694406791
       0.8900715839083264
       0.8905248987972798
       0.8909782141075397
       0.8914315298391040
       0.8918848459919744
       0.8923381625661513
       0.8927914795616330
       0.8932447969784203
       0.8936981148165137
       0.8941514330759128
       0.8946047517566176
       0.8950580708586271
       0.8955113903819432
       0.8959647103265653
       0.8964180306924923
       0.8968713514797253
       0.8973246726882640
       0.8977779943181088
       0.8982313163692588
       0.8986846388417140
       0.8991379617354753
       0.8995912850505428
       0.9000446087869154
       0.9004979329445941
       0.9009512575235776
       0.9014045825238677
       0.9018579079454629
       0.9023112337883639
       0.9027645600525704
       0.9032178867380831
       0.9036712138449010
       0.9041245413730250
       0.9045778693224542
       0.9050311976931895
       0.9054845264852305
       0.9059378556985767
       0.9063911853332289
       0.9068445153891869
       0.9072978458664505
       0.9077511767650197
       0.9082045080848942
       0.9086578398260752
       0.9091111719885610
       0.9095645045723524
       0.9100178375774504
       0.9104711710038540
       0.9109245048515624
       0.9113778391205773
       0.9118311738108971
       0.9122845089225229
       0.9127378444554548
       0.9131911804096919
       0.9136445167852352
       0.9140978535820841
       0.9145511908002382
       0.9150045284396979
       0.9154578665004633
       0.9159112049825344
       0.9163645438859120
       0.9168178832105944
       0.9172712229565829
       0.9177245631238775
       0.9181779037124769
       0.9186312447223823
       0.9190845861535930
       0.9195379280061098
       0.9199912702799327
       0.9204446129750603
       0.9208979560914941
       0.9213512996292339
       0.9218046435882790
       0.9222579879686292
       0.9227113327702856
       0.9231646779932476
       0.9236180236375158
       0.9240713697030891
       0.9245247161899677
       0.9249780630981532
       0.9254314104276435
       0.9258847581784400
       0.9263381063505416
       0.9267914549439489
       0.9272448039586623
       0.9276981533946809
       0.9281515032520051
       0.9286048535306359
       0.9290582042305719
       0.9295115553518136
       0.9299649068943601
       0.9304182588582131
       0.9308716112433721
       0.9313249640498360
       0.9317783172776060
       0.9322316709266820
       0.9326850249970629
       0.9331383794887502
       0.9335917344017424
       0.9340450897360411
       0.9344984454916450
       0.9349518016685545
       0.9354051582667697
       0.9358585152862910
       0.9363118727271180
       0.9367652305892502
       0.9372185888726876
       0.9376719475774316
       0.9381253067034812
       0.9385786662508360
       0.9390320262194964
       0.9394853866094639
       0.9399387474207357
       0.9403921086533131
       0.9408454703071962
       0.9412988323823854
       0.9417521948788807
       0.9422055577966812
       0.9426589211357865
       0.9431122848961992
       0.9435656490779163
       0.9440190136809399
       0.9444723787052682
       0.9449257441509031
       0.9453791100178432
       0.9458324763060890
       0.9462858430156404
       0.9467392101464980
       0.9471925776986607
       0.9476459456721291
       0.9480993140669032
       0.9485526828829829
       0.9490060521203687
       0.9494594217790602
       0.9499127918590569
       0.9503661623603596
       0.9508195332829676
       0.9512729046268817
       0.9517262763921011
       0.9521796485786269
       0.9526330211864575
       0.9530863942155938
       0.9535397676660362
       0.9539931415377847
       0.9544465158308384
       0.9548998905451977
       0.9553532656808628
       0.9558066412378334
       0.9562600172161098
       0.9567133936156917
       0.9571667704365794
       0.9576201476787731
       0.9580735253422721
       0.9585269034270771
       0.9589802819331865
       0.9594336608606033
       0.9598870402093249
       0.9603404199793522
       0.9607938001706851
       0.9612471807833245
       0.9617005618172687
       0.9621539432725190
       0.9626073251490741
       0.9630607074469357
       0.9635140901661035
       0.9639674733065760
       0.9644208568683545
       0.9648742408514392
       0.9653276252558292
       0.9657810100815243
       0.9662343953285255
       0.9666877809968324
       0.9671411670864449
       0.9675945535973631
       0.9680479405295870
       0.9685013278831169
       0.9689547156579521
       0.9694081038540934
       0.9698614924715390
       0.9703148815102915
       0.9707682709703502
       0.9712216608517132
       0.9716750511543824
       0.9721284418783580
       0.9725818330236384
       0.9730352245902250
       0.9734886165781163
       0.9739420089873141
       0.9743954018178180
       0.9748487950696267
       0.9753021887427411
       0.9757555828371625
       0.9762089773528881
       0.9766623722899199
       0.9771157676482565
       0.9775691634279000
       0.9780225596288492
       0.9784759562511032
       0.9789293532946632
       0.9793827507595294
       0.9798361486457008
       0.9802895469531783
       0.9807429456819605
       0.9811963448320493
       0.9816497444034433
       0.9821031443961430
       0.9825565448101483
       0.9830099456454597
       0.9834633469020768
       0.9839167485799996
       0.9843701506792271
       0.9848235531997616
       0.9852769561416013
       0.9857303595047462
       0.9861837632891963
       0.9866371674949539
       0.9870905721220158
       0.9875439771703838
       0.9879973826400570
       0.9884507885310367
       0.9889041948433213
       0.9893576015769123
       0.9898110087318082
       0.9902644163080105
       0.9907178243055186
       0.9911712327243314
       0.9916246415644498
       0.9920780508258749
       0.9925314605086055
       0.9929848706126414
       0.9934382811379829
       0.9938916920846306
       0.9943451034525834
       0.9947985152418424
       0.9952519274524065
       0.9957053400842764
       0.9961587531374527
       0.9966121666119339
       0.9970655805077211
       0.9975189948248135
       0.9979724095632125
       0.9984258247229163
       0.9988792403039257
       0.9993326563062412
       0.9997860727298629
       1.0000000000000000
       1.0000000000000000
       1.0000000000000000
       1.0000000000000000
       1.0000000000000000
       1.0000000000000000
       1.0000000000000000
       1.0000000000000000
       1.0000000000000000
       1.0000000000000000
       1.0000000000000000
       1.0000000000000000
       1.0000000000000000
       1.0000000000000000
       1.0000000000000000
       1.0000000000000000
       1.0000000000000000
       1.0000000000000000
       1.0000000000000000
       1.0000000000000000
       1.0000000000000000
       1.0000000000000000
       1.0000000000000000
       1.0000000000000000
       1.0000000000000000
       1.0000000000000000
       1.0000000000000000
       1.0000000000000000
       1.0000000000000000
       1.0000000000000000
       1.0000000000000000
       1.0000000000000000
       1.0000000000000000
       1.0000000000000000
       1.0000000000000000
       1.0000000000000000
       1.0000000000000000
       1.0000000000000000
       1.0000000000000000
       1.0000000000000000
       1.0000000000000000
       1.0000000000000000
       1.0000000000000000
       1.0000000000000000
       1.0000000000000000
       1.0000000000000000
       1.0000000000000000
       1.0000000000000000
       1.0000000000000000
       1.0000000000000000
       1.0000000000000000
       1.0000000000000000
       1.0000000000000000
       1.0000000000000000
       1.0000000000000000
       1.0000000000000000
       1.0000000000000000
       1.0000000000000000
       1.0000000000000000
       1.0000000000000000
       1.0000000000000000
       1.0000000000000000
       1.0000000000000000
       1.0000000000000000
       1.0000000000000000
       1.0000000000000000
       1.0000000000000000
       1.0000000000000000
       1.0000000000000000
       1.0000000000000000
       1.0000000000000000
       1.0000000000000000
       1.0000000000000000
       1.0000000000000000
       1.0000000000000000
       1.0000000000000000
       1.0000000000000000
       1.0000000000000000
       1.0000000000000000
       1.0000000000000000
       1.0000000000000000
       1.0000000000000000
       1.0000000000000000
       1.0000000000000000
       1.0000000000000000
       1.0000000000000000
       1.0000000000000000
       1.0000000000000000
       1.0000000000000000
       1.0000000000000000
       1.0000000000000000
       1.0000000000000000
       1.0000000000000000
       1.0000000000000000
       1.0000000000000000
       1.0000000000000000
       1.0000000000000000
       1.0000000000000000
       1.0000000000000000
       1.0000000000000000
       1.0000000000000000
       1.0000000000000000
       1.0000000000000000
       1.0000000000000000
       1.0000000000000000
       1.0000000000000000
       1.0000000000000000
       1.0000000000000000
       1.0000000000000000
       1.0000000000000000
       1.0000000000000000
       1.0000000000000000
       1.0000000000000000
       1.0000000000000000
       1.0000000000000000
       1.0000000000000000
       1.0000000000000000
       1.0000000000000000
       1.0000000000000000
       1.0000000000000000
       1.0000000000000000
       1.0000000000000000
       1.0000000000000000
       1.0000000000000000
       1.0000000000000000
       1.0000000000000000
       1.0000000000000000
       1.0000000000000000
       1.0000000000000000
       1.0000000000000000
       1.0000000000000000
       1.0000000000000000
       1.0000000000000000
       1.0000000000000000
       1.0000000000000000
       1.0000000000000000
       1.0000000000000000
       1.0000000000000000
       1.0000000000000000
       1.0000000000000000
       1.0000000000000000
       1.0000000000000000
       1.0000000000000000
       1.0000000000000000
       1.0000000000000000
       1.0000000000000000
       1.0000000000000000
       1.0000000000000000
       1.0000000000000000
       1.0000000000000000
       1.0000000000000000
       1.0000000000000000
       1.0000000000000000
       1.0000000000000000
       1.0000000000000000
       1.0000000000000000
       1.0000000000000000
       1.0000000000000000
       1.0000000000000000
       1.0000000000000000
       1.0000000000000000
       1.0000000000000000
       1.0000000000000000
       1.0000000000000000
       1.0000000000000000
       1.0000000000000000
       1.0000000000000000
       1.0000000000000000
       1.0000000000000000
       1.0000000000000000
       1.0000000000000000
       1.0000000000000000
       1.0000000000000000
       1.0000000000000000
       1.0000000000000000
       1.0000000000000000
       1.0000000000000000
       1.0000000000000000
       1.0000000000000000
       1.0000000000000000
       1.0000000000000000
       1.0000000000000000
       1.0000000000000000
       1.0000000000000000
       1.0000000000000000
       1.0000000000000000
       1.0000000000000000
       1.0000000000000000
       1.0000000000000000
       1.0000000000000000
       1.0000000000000000
       1.0000000000000000
       1.0000000000000000
       1.0000000000000000
       1.0000000000000000
       1.0000000000000000
       1.0000000000000000
       1.0000000000000000
       1.0000000000000000
       1.0000000000000000
       1.0000000000000000
       1.0000000000000000
       1.0000000000000000
       1.0000000000000000
       1.0000000000000000
       1.0000000000000000
       1.0000000000000000
       1.0000000000000000
       1.0000000000000000
       1.0000000000000000
       1.0000000000000000
       1.0000000000000000
       1.0000000000000000
       1.0000000000000000
       1.0000000000000000
       1.0000000000000000
       1.0000000000000000
       1.0000000000000000
       1.0000000000000000
       1.0000000000000000
       1.0000000000000000
       1.0000000000000000
       1.0000000000000000
       1.0000000000000000
       1.0000000000000000
       1.0000000000000000
       1.0000000000000000
       1.0000000000000000
       1.0000000000000000
       1.0000000000000000
       1.0000000000000000
       1.0000000000000000
       1.0000000000000000
       1.0000000000000000
       1.0000000000000000
       1.0000000000000000
       1.0000000000000000
       1.0000000000000000
       1.0000000000000000
       1.0000000000000000
       1.0000000000000000
       1.0000000000000000
       1.0000000000000000
       1.0000000000000000
       1.0000000000000000
       1.0000000000000000
       1.0000000000000000
       1.0000000000000000
       1.0000000000000000
       1.0000000000000000
       1.0000000000000000
       1.0000000000000000
       1.0000000000000000
       1.0000000000000000
       1.0000000000000000
       1.0000000000000000
       1.0000000000000000
       1.0000000000000000
       1.0000000000000000
       1.0000000000000000
       1.0000000000000000
       1.0000000000000000
       1.0000000000000000
       1.0000000000000000
       1.0000000000000000
       1.0000000000000000
       1.0000000000000000
       1.0000000000000000
       1.0000000000000000
       1.0000000000000000
       1.0000000000000000
       1.0000000000000000
       1.0000000000000000
       1.0000000000000000
       1.0000000000000000
       1.0000000000000000
       1.0000000000000000
       1.0000000000000000
       1.0000000000000000
       1.0000000000000000
       1.0000000000000000
       1.0000000000000000
       1.0000000000000000
       1.0000000000000000
       1.0000000000000000
       1.0000000000000000
       1.0000000000000000
       1.0000000000000000
       1.0000000000000000
       1.0000000000000000
       1.0000000000000000
       1.0000000000000000
       1.0000000000000000
       1.0000000000000000
       1.0000000000000000
       1.0000000000000000
       1.0000000000000000
       1.0000000000000000
       1.0000000000000000
       1.0000000000000000
       1.0000000000000000
       1.0000000000000000
       1.0000000000000000
       1.0000000000000000
       1.0000000000000000
       1.0000000000000000
       1.0000000000000000
       1.0000000000000000
       1.0000000000000000
       1.0000000000000000
       1.0000000000000000
       1.0000000000000000
       1.0000000000000000
       1.0000000000000000
       1.0000000000000000
       1.0000000000000000
       1.0000000000000000
       1.0000000000000000
       1.0000000000000000
       1.0000000000000000
       1.0000000000000000
       1.0000000000000000
       1.0000000000000000
       1.0000000000000000
       1.0000000000000000
       1.0000000000000000
       1.0000000000000000
       1.0000000000000000
       1.0000000000000000
       1.0000000000000000
       1.0000000000000000
       1.0000000000000000
       1.0000000000000000
       1.0000000000000000
       1.0000000000000000
       1.0000000000000000
       1.0000000000000000
       1.0000000000000000
       1.0000000000000000
       1.0000000000000000
       1.0000000000000000
       1.0000000000000000
       1.0000000000000000
       1.0000000000000000
       1.0000000000000000
       1.0000000000000000
       1.0000000000000000
       1.0000000000000000
       1.0000000000000000
       1.0000000000000000
       1.0000000000000000
       1.0000000000000000
       1.0000000000000000
       1.0000000000000000
       1.0000000000000000
       1.0000000000000000
       1.0000000000000000
       1.0000000000000000
       1.0000000000000000
       1.0000000000000000
       1.0000000000000000
       1.0000000000000000
       1.0000000000000000
       1.0000000000000000
       1.0000000000000000
       1.0000000000000000
       1.0000000000000000
       1.0000000000000000
       1.0000000000000000
       1.0000000000000000
       1.0000000000000000
       1.0000000000000000
       1.0000000000000000
       1.0000000000000000
       1.0000000000000000
       1.0000000000000000
       1.0000000000000000
       1.0000000000000000
       1.0000000000000000
       1.0000000000000000
       1.0000000000000000
       1.0000000000000000
       1.0000000000000000
       1.0000000000000000
       1.0000000000000000
       1.0000000000000000
       1.0000000000000000
       1.0000000000000000
       1.0000000000000000
       1.0000000000000000
       1.0000000000000000
       1.0000000000000000
       1.0000000000000000
       1.0000000000000000
       1.0000000000000000
       1.0000000000000000
       1.0000000000000000
       1.0000000000000000
       1.0000000000000000
       1.0000000000000000
       1.0000000000000000
       1.0000000000000000
       1.0000000000000000
       1.0000000000000000
       1.0000000000000000
       1.0000000000000000
       1.0000000000000000
       1.0000000000000000
       1.0000000000000000
       1.0000000000000000
       1.0000000000000000
       1.0000000000000000
       1.0000000000000000
       1.0000000000000000
       1.0000000000000000
       1.0000000000000000
       1.0000000000000000
       1.0000000000000000
       1.0000000000000000
       1.0000000000000000
       1.0000000000000000
       1.0000000000000000
       1.0000000000000000
       1.0000000000000000
       1.0000000000000000
       1.0000000000000000
       1.0000000000000000
       1.0000000000000000
       1.0000000000000000
       1.0000000000000000
       1.0000000000000000
       1.0000000000000000
       1.0000000000000000
       1.0000000000000000
       1.0000000000000000
       1.0000000000000000
       1.0000000000000000
       1.0000000000000000
       1.0000000000000000
       1.0000000000000000
       1.0000000000000000
       1.0000000000000000
       1.0000000000000000
       1.0000000000000000
       1.0000000000000000
       1.0000000000000000
       1.0000000000000000
       1.0000000000000000
       1.0000000000000000
       1.0000000000000000
       1.0000000000000000
       1.0000000000000000
       1.0000000000000000
       1.0000000000000000
       1.0000000000000000
       1.0000000000000000
       1.0000000000000000
       1.0000000000000000
       1.0000000000000000
       1.0000000000000000
       1.0000000000000000
       1.0000000000000000
       1.0000000000000000
       1.0000000000000000
       1.0000000000000000
       1.0000000000000000
       1.0000000000000000
       1.0000000000000000
       1.0000000000000000
       1.0000000000000000
       1.0000000000000000
       1.0000000000000000
       1.0000000000000000
       1.0000000000000000
       1.0000000000000000
       1.0000000000000000
       1.0000000000000000
       1.0000000000000000
       1.0000000000000000
       1.0000000000000000
       1.0000000000000000
       1.0000000000000000
       1.0000000000000000
       1.0000000000000000
       1.0000000000000000
       1.0000000000000000
       1.0000000000000000
       1.0000000000000000
       1.0000000000000000
       1.0000000000000000
       1.0000000000000000
       1.0000000000000000
       1.0000000000000000
       1.0000000000000000
       1.0000000000000000
       1.0000000000000000
       1.0000000000000000
       1.0000000000000000
       1.0000000000000000
       1.0000000000000000
       1.0000000000000000
       1.0000000000000000
       1.0000000000000000
       1.0000000000000000
       1.0000000000000000
       1.0000000000000000
       1.0000000000000000
       1.0000000000000000
       1.0000000000000000
       1.0000000000000000
       1.0000000000000000
       1.0000000000000000
       1.0000000000000000
       1.0000000000000000
       1.0000000000000000
       1.0000000000000000
       1.0000000000000000
       1.0000000000000000
       1.0000000000000000
       1.0000000000000000
       1.0000000000000000
       1.0000000000000000
       1.0000000000000000
       1.0000000000000000
       1.0000000000000000
       1.0000000000000000
       1.0000000000000000
       1.0000000000000000
       1.0000000000000000
       1.0000000000000000
       1.0000000000000000
       1.0000000000000000
       1.0000000000000000
       1.0000000000000000
       1.0000000000000000
       1.0000000000000000
       1.0000000000000000
       1.0000000000000000
       1.0000000000000000
       1.0000000000000000
       1.0000000000000000
       1.0000000000000000
       1.0000000000000000
       1.0000000000000000
       1.0000000000000000
       1.0000000000000000
       1.0000000000000000
       1.0000000000000000
       1.0000000000000000
       1.0000000000000000
       1.0000000000000000
       1.0000000000000000
       1.0000000000000000
       1.0000000000000000
       1.0000000000000000
       1.0000000000000000
       1.0000000000000000
       1.0000000000000000
       1.0000000000000000
       1.0000000000000000
       1.0000000000000000
       1.0000000000000000
       1.0000000000000000
       1.0000000000000000
       1.0000000000000000
       1.0000000000000000
       1.0000000000000000
       1.0000000000000000
       1.0000000000000000
       1.0000000000000000
       1.0000000000000000
       1.0000000000000000
       1.0000000000000000
       1.0000000000000000
       1.0000000000000000
       1.0000000000000000
       1.0000000000000000
       1.0000000000000000
       1.0000000000000000
       1.0000000000000000
       1.0000000000000000
       1.0000000000000000
       1.0000000000000000
       1.0000000000000000
       1.0000000000000000
       1.0000000000000000
       1.0000000000000000
       1.0000000000000000
       1.0000000000000000
       1.0000000000000000
       1.0000000000000000
       1.0000000000000000
       1.0000000000000000
       1.0000000000000000
       1.0000000000000000
       1.0000000000000000
       1.0000000000000000
       1.0000000000000000
       1.0000000000000000
       1.0000000000000000
       1.0000000000000000
       1.0000000000000000
       1.0000000000000000
       1.0000000000000000
       1.0000000000000000
       1.0000000000000000
       1.0000000000000000
       1.0000000000000000
       1.0000000000000000
       1.0000000000000000
       1.0000000000000000
       1.0000000000000000
       1.0000000000000000
       1.0000000000000000
       1.0000000000000000
       1.0000000000000000
       1.0000000000000000
       1.0000000000000000
       1.0000000000000000
       1.0000000000000000
       1.0000000000000000
       1.0000000000000000
       1.0000000000000000
       1.0000000000000000
       1.0000000000000000
       1.0000000000000000
       1.0000000000000000
       1.0000000000000000
       1.0000000000000000
       1.0000000000000000
       1.0000000000000000
       1.0000000000000000
       1.0000000000000000
       1.0000000000000000
       1.0000000000000000
       1.0000000000000000
       1.0000000000000000
       1.0000000000000000
       1.0000000000000000
       1.0000000000000000
       1.0000000000000000
       1.0000000000000000
       1.0000000000000000
       1.0000000000000000
       1.0000000000000000
       1.0000000000000000
       1.0000000000000000
       1.0000000000000000
       1.0000000000000000
       1.0000000000000000
       1.0000000000000000
       1.0000000000000000
       1.0000000000000000
       1.0000000000000000
       1.0000000000000000
       1.0000000000000000
       1.0000000000000000
       1.0000000000000000
       1.0000000000000000
       1.0000000000000000
       1.0000000000000000
       1.0000000000000000
       1.0000000000000000
       1.0000000000000000
       1.0000000000000000
       1.0000000000000000
       1.0000000000000000
       1.0000000000000000
       1.0000000000000000
       1.0000000000000000
       1.0000000000000000
       1.0000000000000000
       1.0000000000000000
       1.0000000000000000
       1.0000000000000000
       1.0000000000000000
       1.0000000000000000
       1.0000000000000000
       1.0000000000000000
       1.0000000000000000
       1.0000000000000000
       1.0000000000000000
       1.0000000000000000
       1.0000000000000000
       1.0000000000000000
       1.0000000000000000
       1.0000000000000000
       1.0000000000000000
       1.0000000000000000
       1.0000000000000000
       1.0000000000000000
       1.0000000000000000
       1.0000000000000000
       1.0000000000000000
       1.0000000000000000
       1.0000000000000000
       1.0000000000000000
       1.0000000000000000
       1.0000000000000000
       1.0000000000000000
       1.0000000000000000
       1.0000000000000000
       1.0000000000000000
       1.0000000000000000
       1.0000000000000000
       1.0000000000000000
       1.0000000000000000
       1.0000000000000000
       1.0000000000000000
       1.0000000000000000
       1.0000000000000000
       1.0000000000000000
       1.0000000000000000
       1.0000000000000000
       1.0000000000000000
       1.0000000000000000
       1.0000000000000000
       1.0000000000000000
       1.0000000000000000
       1.0000000000000000
       1.0000000000000000
       1.0000000000000000
       1.0000000000000000
       1.0000000000000000
       1.0000000000000000
       1.0000000000000000
       1.0000000000000000
       1.0000000000000000
       1.0000000000000000
       1.0000000000000000
       1.0000000000000000
       1.0000000000000000
       1.0000000000000000
       1.0000000000000000
       1.0000000000000000
       1.0000000000000000
       1.0000000000000000
       1.0000000000000000
       1.0000000000000000
       1.0000000000000000
       1.0000000000000000
       1.0000000000000000
       1.0000000000000000
       1.0000000000000000
       1.0000000000000000
       1.0000000000000000
       1.0000000000000000
       1.0000000000000000
       1.0000000000000000
       1.0000000000000000
       1.0000000000000000
       1.0000000000000000
       1.0000000000000000
       1.0000000000000000
       1.0000000000000000
       1.0000000000000000
       1.0000000000000000
       1.0000000000000000
       1.0000000000000000
       1.0000000000000000
       1.0000000000000000
       1.0000000000000000
       1.0000000000000000
       1.0000000000000000
       1.0000000000000000
       1.0000000000000000
       1.0000000000000000
       1.0000000000000000
       1.0000000000000000
       1.0000000000000000
       1.0000000000000000
       1.0000000000000000
       1.0000000000000000
       1.0000000000000000
       1.0000000000000000
       1.0000000000000000
       1.0000000000000000
       1.0000000000000000
       1.0000000000000000
       1.0000000000000000
       1.0000000000000000
       1.0000000000000000
       1.0000000000000000
       1.0000000000000000
       1.0000000000000000
       1.0000000000000000
       1.0000000000000000
       1.0000000000000000
       1.0000000000000000
       1.0000000000000000
       1.0000000000000000
       1.0000000000000000
       1.0000000000000000
       1.0000000000000000
       1.0000000000000000
       1.0000000000000000
       1.0000000000000000
       1.0000000000000000
       1.0000000000000000
       1.0000000000000000
       1.0000000000000000
       1.0000000000000000
       1.0000000000000000
       1.0000000000000000
       1.0000000000000000
       1.0000000000000000
       1.0000000000000000
       1.0000000000000000
       1.0000000000000000
       1.0000000000000000
       1.0000000000000000
       1.0000000000000000
       1.0000000000000000
       1.0000000000000000
       1.0000000000000000
       1.0000000000000000
       1.0000000000000000
       1.0000000000000000
       1.0000000000000000
       1.0000000000000000
       1.0000000000000000
       1.0000000000000000
       1.0000000000000000
       1.0000000000000000
       1.0000000000000000
       1.0000000000000000
       1.0000000000000000
       1.0000000000000000
       1.0000000000000000
       1.0000000000000000
       1.0000000000000000
       1.0000000000000000
       1.0000000000000000
       1.0000000000000000
       1.0000000000000000
       1.0000000000000000
       1.0000000000000000
       1.0000000000000000
       1.0000000000000000
       1.0000000000000000
       1.0000000000000000
       1.0000000000000000
       1.0000000000000000
       1.0000000000000000
       1.0000000000000000
       1.0000000000000000
       1.0000000000000000
       1.0000000000000000
       1.0000000000000000
       1.0000000000000000
       1.0000000000000000
       1.0000000000000000
       1.0000000000000000
       1.0000000000000000
       1.0000000000000000
       1.0000000000000000
       1.0000000000000000
       1.0000000000000000
       1.0000000000000000
       1.0000000000000000
       1.0000000000000000
       1.0000000000000000
       1.0000000000000000
