       0.5916076042962395
       0.5926686715921514
       0.5937297398743588
       0.5947908091428653
       0.5958518793976699
       0.5969129506387718
       0.5979740228661719
       0.5990350960798709
       0.6000961702798664
       0.6011572454661609
       0.6022183216387527
       0.6032793987976426
       0.6043404769428298
       0.6054015560743151
       0.6064626361920995
       0.6075237172961803
       0.6085847993865601
       0.6096458824632389
       0.6107069665262124
       0.6117680515754866
       0.6128291376110582
       0.6138902246329270
       0.6149513126410939
       0.6160124016355590
       0.6170734916163214
       0.6181345825833828
       0.6191956745367415
       0.6202567674763984
       0.6213178614023533
       0.6223789563146065
       0.6234400522131578
       0.6245011490980055
       0.6255622469691531
       0.6266233458265962
       0.6276844456703383
       0.6287455465003786
       0.6298066483167162
       0.6308677511193537
       0.6319288549082884
       0.6329899596835196
       0.6340510654450489
       0.6351121721928772
       0.6361732799270037
       0.6372343886474274
       0.6382954983541484
       0.6393566090471676
       0.6404177207264850
       0.6414788333921004
       0.6425399470440150
       0.6436010616822276
       0.6446621773067358
       0.6457232939175439
       0.6467844115146484
       0.6478455300980519
       0.6489066496677536
       0.6499677702237516
       0.6510288917660496
       0.6520900142946449
       0.6531511378095374
       0.6542122623107280
       0.6552733877982169
       0.6563345142720038
       0.6573956417320872
       0.6584567701784705
       0.6595178996111510
       0.6605790300301306
       0.6616401614354057
       0.6627012938269790
       0.6637624272048521
       0.6648235615690226
       0.6658846969194903
       0.6669458332562570
       0.6680069705793201
       0.6690681088886823
       0.6701292481843426
       0.6711903884663002
       0.6722515297345568
       0.6733126719891098
       0.6743738152299610
       0.6754349594571112
       0.6764961046705587
       0.6775572508703043
       0.6786183980563480
       0.6796795462286882
       0.6807406953873274
       0.6818018455322656
       0.6828629966635003
       0.6839241487810339
       0.6849853018848640
       0.6860464559749930
       0.6871076110514212
       0.6881687671141448
       0.6892299241631674
       0.6902910821984882
       0.6913522412201063
       0.6924134012280225
       0.6934745622222378
       0.6945357242027512
       0.6955968871695601
       0.6966580511226690
       0.6977192160620751
       0.6987803819877794
       0.6998415488997809
       0.7009027167980815
       0.7019638856826802
       0.7030250555535762
       0.7040862264107695
       0.7051473982542618
       0.7062085710840513
       0.7072697449001382
       0.7083309197025240
       0.7093920954912072
       0.7104532722661894
       0.7115144500274688
       0.7125756287750455
       0.7136368085089213
       0.7146979892290952
       0.7157591709355664
       0.7168203536283348
       0.7178815373074015
       0.7189427219727671
       0.7200039076244291
       0.7210650942623902
       0.7221262818866485
       0.7231874704972068
       0.7242486600940614
       0.7253098506772142
       0.7263710422466652
       0.7274322348024116
       0.7284934283444588
       0.7295546228728043
       0.7306158183874452
       0.7316770148883851
       0.7327382123756241
       0.7337994108491603
       0.7348606103089939
       0.7359218107551264
       0.7369830121875562
       0.7380442146062842
       0.7391054180113095
       0.7401666224026329
       0.7412278277802544
       0.7422890341441750
       0.7433502414943920
       0.7444114498309080
       0.7454726591537222
       0.7465338694628318
       0.7475950807582423
       0.7486562930399492
       0.7497175063079551
       0.7507787205622574
       0.7518399358028587
       0.7529011520297582
       0.7539623692429549
       0.7550235874424489
       0.7560848066282428
       0.7571460268003323
       0.7582072479587216
       0.7592684701034083
       0.7603296932343921
       0.7613909173516760
       0.7624521424552553
       0.7635133685451336
       0.7645745956213101
       0.7656358236837848
       0.7666970527325567
       0.7677582827676277
       0.7688195137889950
       0.7698807457966614
       0.7709419787906242
       0.7720032127708860
       0.7730644477374469
       0.7741256836903041
       0.7751869206294604
       0.7762481585549130
       0.7773093974666647
       0.7783706373647137
       0.7794318782490626
       0.7804931201197078
       0.7815543629766513
       0.7826156068198911
       0.7836768516494317
       0.7847380974652687
       0.7857993442674021
       0.7868605920558362
       0.7879218408305668
       0.7889830905915955
       0.7900443413389224
       0.7911055930725475
       0.7921668457924698
       0.7932280994986902
       0.7942893541912088
       0.7953506098700256
       0.7964118665351405
       0.7974731241865518
       0.7985343828242621
       0.7995956424482706
       0.8006569030585764
       0.8017181646551803
       0.8027794272380833
       0.8038406908072826
       0.8049019553627819
       0.8059632209045766
       0.8070244874326713
       0.8080857549470633
       0.8091470234477525
       0.8102082929347398
       0.8112695634080254
       0.8123308348676090
       0.8133921073134900
       0.8144533807456700
       0.8155146551641463
       0.8165759305689235
       0.8176372069599962
       0.8186984843373661
       0.8197597627010360
       0.8208210420510031
       0.8218823223872675
       0.8229436037098310
       0.8240048860186908
       0.8250661693138497
       0.8261274535953076
       0.8271887388630610
       0.8282500251171134
       0.8293113123574631
       0.8303726005841128
       0.8314338897970597
       0.8324951799963030
       0.8335564711818453
       0.8346177633536849
       0.8356790565118226
       0.8367403506562585
       0.8378016457869935
       0.8388629419040257
       0.8399242390073551
       0.8409855370969836
       0.8420468361729085
       0.8431081362351316
       0.8441694372836537
       0.8452307393184730
       0.8462920423395914
       0.8473533463470071
       0.8484146513407191
       0.8494759573207320
       0.8505372642870404
       0.8515985722396477
       0.8526598811785524
       0.8537211911037552
       0.8547825020152562
       0.8558438139130562
       0.8569051267971517
       0.8579664406675462
       0.8590277555242398
       0.8600890713672307
       0.8611503881965197
       0.8622117060121059
       0.8632730248139904
       0.8643343446021730
       0.8653956653766537
       0.8664569871374299
       0.8675183098845078
       0.8685796336178822
       0.8696409583375537
       0.8707022840435243
       0.8717636107357913
       0.8728249384143574
       0.8738862670792225
       0.8749475967303830
       0.8760089273678417
       0.8770702589916013
       0.8781315916016572
       0.8791929251980104
       0.8802542597806609
       0.8813155953496112
       0.8823769319048580
       0.8834382694464029
       0.8844996079742460
       0.8855609474883872
       0.8866222879888266
       0.8876836294755632
       0.8887449719485989
       0.8898063154079319
       0.8908676598535621
       0.8919290052854913
       0.8929903517037170
       0.8940516991082426
       0.8951130474990654
       0.8961743968761855
       0.8972357472396046
       0.8982970985893211
       0.8993584509253338
       0.9004198042476474
       0.9014811585562574
       0.9025425138511656
       0.9036038701323719
       0.9046652273998754
       0.9057265856536780
       0.9067879448937770
       0.9078493051201750
       0.9089106663328712
       0.9099720285318655
       0.9110333917171562
       0.9120947558887460
       0.9131561210466348
       0.9142174871908191
       0.9152788543213024
       0.9163402224380839
       0.9174015915411635
       0.9184629616305404
       0.9195243327062164
       0.9205857047681896
       0.9216470778164592
       0.9227084518510287
       0.9237698268718955
       0.9248312028790613
       0.9258925798725226
       0.9269539578522838
       0.9280153368183433
       0.9290767167706990
       0.9301380977093547
       0.9311994796343059
       0.9322608625455571
       0.9333222464431037
       0.9343836313269520
       0.9354450171970941
       0.9365064040535369
       0.9375677918962779
       0.9386291807253153
       0.9396905705406509
       0.9407519613422854
       0.9418133531302164
       0.9428747459044473
       0.9439361396649746
       0.9449975344118000
       0.9460589301449236
       0.9471203268643453
       0.9481817245700652
       0.9492431232620833
       0.9503045229403977
       0.9513659236050112
       0.9524273252559228
       0.9534887278931317
       0.9545501315166378
       0.9556115361264439
       0.9566729417225464
       0.9577343483049470
       0.9587957558736466
       0.9598571644286427
       0.9609185739699377
       0.9619799844975310
       0.9630413960114206
       0.9641028085116092
       0.9651642219980960
       0.9662256364708801
       0.9672870519299623
       0.9683484683753427
       0.9694098858070204
       0.9704713042249971
       0.9715327236292710
       0.9725941440198431
       0.9736555653967134
       0.9747169877598809
       0.9757784111093475
       0.9768398354451113
       0.9779012607671715
       0.9789626870755326
       0.9800241143701900
       0.9810855426511456
       0.9821469719183984
       0.9832084021719503
       0.9842698334117985
       0.9853312656379467
       0.9863926988503922
       0.9874541330491349
       0.9885155682341757
       0.9895770044055139
       0.9906384415631511
       0.9916998797070873
       0.9927613188373190
       0.9938227589538506
       0.9948842000566787
       0.9959456421458057
       0.9970070852212300
       0.9980685292829534
       0.9991299743309732
       1.0000000000000000
       1.0000000000000000
       1.0000000000000000
       1.0000000000000000
       1.0000000000000000
       1.0000000000000000
       1.0000000000000000
       1.0000000000000000
       1.0000000000000000
       1.0000000000000000
       1.0000000000000000
       1.0000000000000000
       1.0000000000000000
       1.0000000000000000
       1.0000000000000000
       1.0000000000000000
       1.0000000000000000
       1.0000000000000000
       1.0000000000000000
       1.0000000000000000
       1.0000000000000000
       1.0000000000000000
       1.0000000000000000
       1.0000000000000000
       1.0000000000000000
       1.0000000000000000
       1.0000000000000000
       1.0000000000000000
       1.0000000000000000
       1.0000000000000000
       1.0000000000000000
       1.0000000000000000
       1.0000000000000000
       1.0000000000000000
       1.0000000000000000
       1.0000000000000000
       1.0000000000000000
       1.0000000000000000
       1.0000000000000000
       1.0000000000000000
       1.0000000000000000
       1.0000000000000000
       1.0000000000000000
       1.0000000000000000
       1.0000000000000000
       1.0000000000000000
       1.0000000000000000
       1.0000000000000000
       1.0000000000000000
       1.0000000000000000
       1.0000000000000000
       1.0000000000000000
       1.0000000000000000
       1.0000000000000000
       1.0000000000000000
       1.0000000000000000
       1.0000000000000000
       1.0000000000000000
       1.0000000000000000
       1.0000000000000000
       1.0000000000000000
       1.0000000000000000
       1.0000000000000000
       1.0000000000000000
       1.0000000000000000
       1.0000000000000000
       1.0000000000000000
       1.0000000000000000
       1.0000000000000000
       1.0000000000000000
       1.0000000000000000
       1.0000000000000000
       1.0000000000000000
       1.0000000000000000
       1.0000000000000000
       1.0000000000000000
       1.0000000000000000
       1.0000000000000000
       1.0000000000000000
       1.0000000000000000
       1.0000000000000000
       1.0000000000000000
       1.0000000000000000
       1.0000000000000000
       1.0000000000000000
       1.0000000000000000
       1.0000000000000000
       1.0000000000000000
       1.0000000000000000
       1.0000000000000000
       1.0000000000000000
       1.0000000000000000
       1.0000000000000000
       1.0000000000000000
       1.0000000000000000
       1.0000000000000000
       1.0000000000000000
       1.0000000000000000
       1.0000000000000000
       1.0000000000000000
       1.0000000000000000
       1.0000000000000000
       1.0000000000000000
       1.0000000000000000
       1.0000000000000000
       1.0000000000000000
       1.0000000000000000
       1.0000000000000000
       1.0000000000000000
       1.0000000000000000
       1.0000000000000000
       1.0000000000000000
       1.0000000000000000
       1.0000000000000000
       1.0000000000000000
       1.0000000000000000
       1.0000000000000000
       1.0000000000000000
       1.0000000000000000
       1.0000000000000000
       1.0000000000000000
       1.0000000000000000
       1.0000000000000000
       1.0000000000000000
       1.0000000000000000
       1.0000000000000000
       1.0000000000000000
       1.0000000000000000
       1.0000000000000000
       1.0000000000000000
       1.0000000000000000
       1.0000000000000000
       1.0000000000000000
       1.0000000000000000
       1.0000000000000000
       1.0000000000000000
       1.0000000000000000
       1.0000000000000000
       1.0000000000000000
       1.0000000000000000
       1.0000000000000000
       1.0000000000000000
       1.0000000000000000
       1.0000000000000000
       1.0000000000000000
       1.0000000000000000
       1.0000000000000000
       1.0000000000000000
       1.0000000000000000
       1.0000000000000000
       1.0000000000000000
       1.0000000000000000
       1.0000000000000000
       1.0000000000000000
       1.0000000000000000
       1.0000000000000000
       1.0000000000000000
       1.0000000000000000
       1.0000000000000000
       1.0000000000000000
       1.0000000000000000
       1.0000000000000000
       1.0000000000000000
       1.0000000000000000
       1.0000000000000000
       1.0000000000000000
       1.0000000000000000
       1.0000000000000000
       1.0000000000000000
       1.0000000000000000
       1.0000000000000000
       1.0000000000000000
       1.0000000000000000
       1.0000000000000000
       1.0000000000000000
       1.0000000000000000
       1.0000000000000000
       1.0000000000000000
       1.0000000000000000
       1.0000000000000000
       1.0000000000000000
       1.0000000000000000
       1.0000000000000000
       1.0000000000000000
       1.0000000000000000
       1.0000000000000000
       1.0000000000000000
       1.0000000000000000
       1.0000000000000000
       1.0000000000000000
       1.0000000000000000
       1.0000000000000000
       1.0000000000000000
       1.0000000000000000
       1.0000000000000000
       1.0000000000000000
       1.0000000000000000
       1.0000000000000000
       1.0000000000000000
       1.0000000000000000
       1.0000000000000000
       1.0000000000000000
       1.0000000000000000
       1.0000000000000000
       1.0000000000000000
       1.0000000000000000
       1.0000000000000000
       1.0000000000000000
       1.0000000000000000
       1.0000000000000000
       1.0000000000000000
       1.0000000000000000
       1.0000000000000000
       1.0000000000000000
       1.0000000000000000
       1.0000000000000000
       1.0000000000000000
       1.0000000000000000
       1.0000000000000000
       1.0000000000000000
       1.0000000000000000
       1.0000000000000000
       1.0000000000000000
       1.0000000000000000
       1.0000000000000000
       1.0000000000000000
       1.0000000000000000
       1.0000000000000000
       1.0000000000000000
       1.0000000000000000
       1.0000000000000000
       1.0000000000000000
       1.0000000000000000
       1.0000000000000000
       1.0000000000000000
       1.0000000000000000
       1.0000000000000000
       1.0000000000000000
       1.0000000000000000
       1.0000000000000000
       1.0000000000000000
       1.0000000000000000
       1.0000000000000000
       1.0000000000000000
       1.0000000000000000
       1.0000000000000000
       1.0000000000000000
       1.0000000000000000
       1.0000000000000000
       1.0000000000000000
       1.0000000000000000
       1.0000000000000000
       1.0000000000000000
       1.0000000000000000
       1.0000000000000000
       1.0000000000000000
       1.0000000000000000
       1.0000000000000000
       1.0000000000000000
       1.0000000000000000
       1.0000000000000000
       1.0000000000000000
       1.0000000000000000
       1.0000000000000000
       1.0000000000000000
       1.0000000000000000
       1.0000000000000000
       1.0000000000000000
       1.0000000000000000
       1.0000000000000000
       1.0000000000000000
       1.0000000000000000
       1.0000000000000000
       1.0000000000000000
       1.0000000000000000
       1.0000000000000000
       1.0000000000000000
       1.0000000000000000
       1.0000000000000000
       1.0000000000000000
       1.0000000000000000
       1.0000000000000000
       1.0000000000000000
       1.0000000000000000
       1.0000000000000000
       1.0000000000000000
       1.0000000000000000
       1.0000000000000000
       1.0000000000000000
       1.0000000000000000
       1.0000000000000000
       1.0000000000000000
       1.0000000000000000
       1.0000000000000000
       1.0000000000000000
       1.0000000000000000
       1.0000000000000000
       1.0000000000000000
       1.0000000000000000
       1.0000000000000000
       1.0000000000000000
       1.0000000000000000
       1.0000000000000000
       1.0000000000000000
       1.0000000000000000
       1.0000000000000000
       1.0000000000000000
       1.0000000000000000
       1.0000000000000000
       1.0000000000000000
       1.0000000000000000
       1.0000000000000000
       1.0000000000000000
       1.0000000000000000
       1.0000000000000000
       1.0000000000000000
       1.0000000000000000
       1.0000000000000000
       1.0000000000000000
       1.0000000000000000
       1.0000000000000000
       1.0000000000000000
       1.0000000000000000
       1.0000000000000000
       1.0000000000000000
       1.0000000000000000
       1.0000000000000000
       1.0000000000000000
       1.0000000000000000
       1.0000000000000000
       1.0000000000000000
       1.0000000000000000
       1.0000000000000000
       1.0000000000000000
       1.0000000000000000
       1.0000000000000000
       1.0000000000000000
       1.0000000000000000
       1.0000000000000000
       1.0000000000000000
       1.0000000000000000
       1.0000000000000000
       1.0000000000000000
       1.0000000000000000
       1.0000000000000000
       1.0000000000000000
       1.0000000000000000
       1.0000000000000000
       1.0000000000000000
       1.0000000000000000
       1.0000000000000000
       1.0000000000000000
       1.0000000000000000
       1.0000000000000000
       1.0000000000000000
       1.0000000000000000
       1.0000000000000000
       1.0000000000000000
       1.0000000000000000
       1.0000000000000000
       1.0000000000000000
       1.0000000000000000
       1.0000000000000000
       1.0000000000000000
       1.0000000000000000
       1.0000000000000000
       1.0000000000000000
       1.0000000000000000
       1.0000000000000000
       1.0000000000000000
       1.0000000000000000
       1.0000000000000000
       1.0000000000000000
       1.0000000000000000
       1.0000000000000000
       1.0000000000000000
       1.0000000000000000
       1.0000000000000000
       1.0000000000000000
       1.0000000000000000
       1.0000000000000000
       1.0000000000000000
       1.0000000000000000
       1.0000000000000000
       1.0000000000000000
       1.0000000000000000
       1.0000000000000000
       1.0000000000000000
       1.0000000000000000
       1.0000000000000000
       1.0000000000000000
       1.0000000000000000
       1.0000000000000000
       1.0000000000000000
       1.0000000000000000
       1.0000000000000000
       1.0000000000000000
       1.0000000000000000
       1.0000000000000000
       1.0000000000000000
       1.0000000000000000
       1.0000000000000000
       1.0000000000000000
       1.0000000000000000
       1.0000000000000000
       1.0000000000000000
       1.0000000000000000
       1.0000000000000000
       1.0000000000000000
       1.0000000000000000
       1.0000000000000000
       1.0000000000000000
       1.0000000000000000
       1.0000000000000000
       1.0000000000000000
       1.0000000000000000
       1.0000000000000000
       1.0000000000000000
       1.0000000000000000
       1.0000000000000000
       1.0000000000000000
       1.0000000000000000
       1.0000000000000000
       1.0000000000000000
       1.0000000000000000
       1.0000000000000000
       1.0000000000000000
       1.0000000000000000
       1.0000000000000000
       1.0000000000000000
       1.0000000000000000
       1.0000000000000000
       1.0000000000000000
       1.0000000000000000
       1.0000000000000000
       1.0000000000000000
       1.0000000000000000
       1.0000000000000000
       1.0000000000000000
       1.0000000000000000
       1.0000000000000000
       1.0000000000000000
       1.0000000000000000
       1.0000000000000000
       1.0000000000000000
       1.0000000000000000
       1.0000000000000000
       1.0000000000000000
       1.0000000000000000
       1.0000000000000000
       1.0000000000000000
       1.0000000000000000
       1.0000000000000000
       1.0000000000000000
       1.0000000000000000
       1.0000000000000000
       1.0000000000000000
       1.0000000000000000
       1.0000000000000000
       1.0000000000000000
       1.0000000000000000
       1.0000000000000000
       1.0000000000000000
       1.0000000000000000
       1.0000000000000000
       1.0000000000000000
       1.0000000000000000
       1.0000000000000000
       1.0000000000000000
       1.0000000000000000
       1.0000000000000000
       1.0000000000000000
       1.0000000000000000
       1.0000000000000000
       1.0000000000000000
       1.0000000000000000
       1.0000000000000000
       1.0000000000000000
       1.0000000000000000
       1.0000000000000000
       1.0000000000000000
       1.0000000000000000
       1.0000000000000000
       1.0000000000000000
       1.0000000000000000
       1.0000000000000000
       1.0000000000000000
       1.0000000000000000
       1.0000000000000000
       1.0000000000000000
       1.0000000000000000
       1.0000000000000000
       1.0000000000000000
       1.0000000000000000
       1.0000000000000000
       1.0000000000000000
       1.0000000000000000
       1.0000000000000000
       1.0000000000000000
       1.0000000000000000
       1.0000000000000000
       1.0000000000000000
       1.0000000000000000
       1.0000000000000000
       1.0000000000000000
       1.0000000000000000
       1.0000000000000000
       1.0000000000000000
       1.0000000000000000
       1.0000000000000000
       1.0000000000000000
       1.0000000000000000
       1.0000000000000000
       1.0000000000000000
       1.0000000000000000
       1.0000000000000000
       1.0000000000000000
       1.0000000000000000
       1.0000000000000000
       1.0000000000000000
       1.0000000000000000
       1.0000000000000000
       1.0000000000000000
       1.0000000000000000
       1.0000000000000000
       1.0000000000000000
       1.0000000000000000
       1.0000000000000000
       1.0000000000000000
       1.0000000000000000
       1.0000000000000000
       1.0000000000000000
       1.0000000000000000
       1.0000000000000000
       1.0000000000000000
       1.0000000000000000
       1.0000000000000000
       1.0000000000000000
       1.0000000000000000
       1.0000000000000000
       1.0000000000000000
       1.0000000000000000
       1.0000000000000000
       1.0000000000000000
       1.0000000000000000
       1.0000000000000000
       1.0000000000000000
       1.0000000000000000
       1.0000000000000000
       1.0000000000000000
       1.0000000000000000
       1.0000000000000000
       1.0000000000000000
       1.0000000000000000
       1.0000000000000000
       1.0000000000000000
       1.0000000000000000
       1.0000000000000000
       1.0000000000000000
       1.0000000000000000
       1.0000000000000000
       1.0000000000000000
       1.0000000000000000
       1.0000000000000000
       1.0000000000000000
       1.0000000000000000
       1.0000000000000000
       1.0000000000000000
       1.0000000000000000
       1.0000000000000000
       1.0000000000000000
       1.0000000000000000
       1.0000000000000000
       1.0000000000000000
       1.0000000000000000
       1.0000000000000000
       1.0000000000000000
       1.0000000000000000
       1.0000000000000000
       1.0000000000000000
       1.0000000000000000
       1.0000000000000000
       1.0000000000000000
       1.0000000000000000
       1.0000000000000000
       1.0000000000000000
       1.0000000000000000
       1.0000000000000000
       1.0000000000000000
       1.0000000000000000
       1.0000000000000000
       1.0000000000000000
       1.0000000000000000
       1.0000000000000000
       1.0000000000000000
       1.0000000000000000
       1.0000000000000000
       1.0000000000000000
       1.0000000000000000
       1.0000000000000000
       1.0000000000000000
       1.0000000000000000
       1.0000000000000000
       1.0000000000000000
       1.0000000000000000
       1.0000000000000000
       1.0000000000000000
       1.0000000000000000
       1.0000000000000000
       1.0000000000000000
       1.0000000000000000
       1.0000000000000000
       1.0000000000000000
       1.0000000000000000
       1.0000000000000000
       1.0000000000000000
       1.0000000000000000
       1.0000000000000000
       1.0000000000000000
       1.0000000000000000
       1.0000000000000000
       1.0000000000000000
       1.0000000000000000
       1.0000000000000000
       1.0000000000000000
       1.0000000000000000
       1.0000000000000000
       1.0000000000000000
       1.0000000000000000
       1.0000000000000000
       1.0000000000000000
       1.0000000000000000
       1.0000000000000000
       1.0000000000000000
       1.0000000000000000
       1.0000000000000000
       1.0000000000000000
       1.0000000000000000
       1.0000000000000000
       1.0000000000000000
       1.0000000000000000
       1.0000000000000000
       1.0000000000000000
       1.0000000000000000
       1.0000000000000000
       1.0000000000000000
       1.0000000000000000
       1.0000000000000000
       1.0000000000000000
       1.0000000000000000
       1.0000000000000000
       1.0000000000000000
       1.0000000000000000
       1.0000000000000000
       1.0000000000000000
       1.0000000000000000
       1.0000000000000000
       1.0000000000000000
       1.0000000000000000
       1.0000000000000000
       1.0000000000000000
       1.0000000000000000
       1.0000000000000000
       1.0000000000000000
       1.0000000000000000
       1.0000000000000000
       1.0000000000000000
       1.0000000000000000
       1.0000000000000000
       1.0000000000000000
       1.0000000000000000
       1.0000000000000000
       1.0000000000000000
       1.0000000000000000
       1.0000000000000000
       1.0000000000000000
       1.0000000000000000
       1.0000000000000000
       1.0000000000000000
       1.0000000000000000
       1.0000000000000000
       1.0000000000000000
       1.0000000000000000
       1.0000000000000000
       1.0000000000000000
       1.0000000000000000
       1.0000000000000000
       1.0000000000000000
       1.0000000000000000
       1.0000000000000000
       1.0000000000000000
       1.0000000000000000
       1.0000000000000000
       1.0000000000000000
       1.0000000000000000
       1.0000000000000000
       1.0000000000000000
       1.0000000000000000
       1.0000000000000000
       1.0000000000000000
       1.0000000000000000
       1.0000000000000000
       1.0000000000000000
       1.0000000000000000
       1.0000000000000000
       1.0000000000000000
       1.0000000000000000
       1.0000000000000000
       1.0000000000000000
       1.0000000000000000
       1.0000000000000000
       1.0000000000000000
       1.0000000000000000
       1.0000000000000000
       1.0000000000000000
       1.0000000000000000
       1.0000000000000000
       1.0000000000000000
       1.0000000000000000
       1.0000000000000000
       1.0000000000000000
       1.0000000000000000
       1.0000000000000000
       1.0000000000000000
       1.0000000000000000
       1.0000000000000000
       1.0000000000000000
       1.0000000000000000
       1.0000000000000000
       1.0000000000000000
       1.0000000000000000
       1.0000000000000000
       1.0000000000000000
       1.0000000000000000
       1.0000000000000000
       1.0000000000000000
       1.0000000000000000
       1.0000000000000000
       1.0000000000000000
       1.0000000000000000
       1.0000000000000000
       1.0000000000000000
       1.0000000000000000
       1.0000000000000000
       1.0000000000000000
       1.0000000000000000
       1.0000000000000000
       1.0000000000000000
       1.0000000000000000
       1.0000000000000000
       1.0000000000000000
       1.0000000000000000
       1.0000000000000000
       1.0000000000000000
       1.0000000000000000
       1.0000000000000000
       1.0000000000000000
       1.0000000000000000
       1.0000000000000000
       1.0000000000000000
       1.0000000000000000
       1.0000000000000000
       1.0000000000000000
       1.0000000000000000
       1.0000000000000000
       1.0000000000000000
       1.0000000000000000
       1.0000000000000000
       1.0000000000000000
       1.0000000000000000
       1.0000000000000000
       1.0000000000000000
       1.0000000000000000
       1.0000000000000000
       1.0000000000000000
       1.0000000000000000
       1.0000000000000000
       1.0000000000000000
       1.0000000000000000
       1.0000000000000000
       1.0000000000000000
       1.0000000000000000
       1.0000000000000000
       1.0000000000000000
       1.0000000000000000
       1.0000000000000000
       1.0000000000000000
       1.0000000000000000
       1.0000000000000000
       1.0000000000000000
       1.0000000000000000
       1.0000000000000000
       1.0000000000000000
       1.0000000000000000
       1.0000000000000000
       1.0000000000000000
       1.0000000000000000
       1.0000000000000000
       1.0000000000000000
       1.0000000000000000
       1.0000000000000000
       1.0000000000000000
       1.0000000000000000
       1.0000000000000000
       1.0000000000000000
       1.0000000000000000
       1.0000000000000000
       1.0000000000000000
       1.0000000000000000
       1.0000000000000000
       1.0000000000000000
       1.0000000000000000
       1.0000000000000000
       1.0000000000000000
       1.0000000000000000
       1.0000000000000000
       1.0000000000000000
       1.0000000000000000
       1.0000000000000000
       1.0000000000000000
       1.0000000000000000
       1.0000000000000000
       1.0000000000000000
       1.0000000000000000
       1.0000000000000000
       1.0000000000000000
       1.0000000000000000
       1.0000000000000000
       1.0000000000000000
       1.0000000000000000
       1.0000000000000000
       1.0000000000000000
       1.0000000000000000
       1.0000000000000000
       1.0000000000000000
       1.0000000000000000
       1.0000000000000000
       1.0000000000000000
       1.0000000000000000
       1.0000000000000000
       1.0000000000000000
       1.0000000000000000
       1.0000000000000000
       1.0000000000000000
       1.0000000000000000
       1.0000000000000000
       1.0000000000000000
       1.0000000000000000
       1.0000000000000000
       1.0000000000000000
       1.0000000000000000
       1.0000000000000000
       1.0000000000000000
       1.0000000000000000
       1.0000000000000000
       1.0000000000000000
       1.0000000000000000
       1.0000000000000000
       1.0000000000000000
       1.0000000000000000
       1.0000000000000000
       1.0000000000000000
       1.0000000000000000
       1.0000000000000000
       1.0000000000000000
       1.0000000000000000
       1.0000000000000000
       1.0000000000000000
       1.0000000000000000
       1.0000000000000000
       1.0000000000000000
       1.0000000000000000
       1.0000000000000000
       1.0000000000000000
       1.0000000000000000
       1.0000000000000000
       1.0000000000000000
       1.0000000000000000
       1.0000000000000000
       1.0000000000000000
       1.0000000000000000
       1.0000000000000000
       1.0000000000000000
       1.0000000000000000
       1.0000000000000000
       1.0000000000000000
       1.0000000000000000
       1.0000000000000000
       1.0000000000000000
