;File (Wave in A; Flux in erg/s/cm2/A)   MJD_start        MJD_end          Wave  Flux        Unc       
ogg0m404-kb82-20200828-0206-e91.fits.fz  59090.614642304  59090.614988890  5450  1.2208e-14  9.9926e-17
coj0m403-kb28-20200829-0168-e91.fits.fz  59090.756220405  59090.756570857  5450  1.2789e-14  1.9062e-16
ogg0m406-kb27-20200829-0184-e91.fits.fz  59091.598810140  59091.599156656  5450  1.1829e-14  1.7360e-16
coj0m403-kb28-20200830-0191-e91.fits.fz  59091.753376795  59091.753727211  5450  1.2593e-14  1.4437e-16
coj0m405-kb56-20200831-0165-e91.fits.fz  59092.750546031  59092.750896528  5450  1.4423e-14  2.1485e-16
coj0m403-kb28-20200831-0151-e91.fits.fz  59092.754561135  59092.754911482  5450  1.4444e-14  1.5102e-16
coj0m405-kb56-20200831-0183-e91.fits.fz  59092.792210544  59092.792561019  5450  1.5854e-14  2.1670e-16
ogg0m404-kb82-20200831-0175-e91.fits.fz  59093.596608218  59093.596954700  5450  1.5264e-14  1.2846e-16
coj0m403-kb28-20200901-0147-e91.fits.fz  59093.748037246  59093.748387686  5450  1.4750e-14  2.2148e-16
ogg0m406-kb27-20200901-0403-e91.fits.fz  59094.598726702  59094.599073183  5450  1.3218e-14  1.2249e-16
coj0m403-kb28-20200902-0146-e91.fits.fz  59094.748205417  59094.748555765  5450  1.2225e-14  2.5272e-16
ogg0m404-kb82-20200916-0355-e91.fits.fz  59109.615088693  59109.615435209  5450  9.8664e-15  9.2675e-17
coj0m405-kb56-20200917-0119-e91.fits.fz  59109.703425880  59109.703776378  5450  1.0261e-14  1.6449e-16
coj0m405-kb56-20200918-0083-e91.fits.fz  59110.755323461  59110.755673924  5450  1.1019e-14  3.3959e-16
ogg0m404-kb82-20200919-0065-e91.fits.fz  59112.540769283  59112.541115753  5450  1.0590e-14  1.4070e-16
ogg0m404-kb82-20200920-0207-e91.fits.fz  59113.565434942  59113.565781401  5450  1.1643e-14  1.4746e-16
cpt0m407-kb84-20200924-0107-e91.fits.fz  59117.046627836  59117.046978369  5450  1.1637e-14  1.6709e-16
tfn0m414-kb81-20200930-0174-e91.fits.fz  59123.134724665  59123.135075174  5450  1.1177e-14  2.4394e-16
coj0m405-kb56-20201001-0190-e91.fits.fz  59123.667386459  59123.667738484  5450  1.0615e-14  1.6616e-16
lsc0m409-kb29-20201115-0123-e91.fits.fz  59169.153416007  59169.153766482  5450  4.1789e-14  2.1581e-16
lsc0m409-kb29-20201116-0185-e91.fits.fz  59170.149940903  59170.150291413  5450  3.1123e-14  2.7368e-16
ogg0m406-kb27-20201116-0093-e91.fits.fz  59170.438379549  59170.438726123  5450  2.8397e-14  1.4363e-16
cpt0m407-kb84-20201117-0234-e91.fits.fz  59170.983507095  59170.983857593  5450  2.5670e-14  6.1575e-16
elp0m411-kb92-20201117-0321-e91.fits.fz  59171.438526471  59171.438876922  5450  2.8230e-14  1.9919e-16
lsc0m412-kb26-20201118-0165-e91.fits.fz  59172.148748693  59172.149099167  5450  3.4604e-14  2.7842e-16
ogg0m406-kb27-20201118-0123-e91.fits.fz  59172.438661008  59172.439009017  5450  3.1537e-14  1.5437e-16
cpt0m407-kb84-20201119-0281-e91.fits.fz  59172.983519711  59172.983870209  5450  3.0788e-14  2.3673e-16
ogg0m406-kb27-20201119-0120-e91.fits.fz  59173.438381644  59173.438728195  5450  2.6550e-14  1.5402e-16
cpt0m407-kb84-20201120-0201-e91.fits.fz  59173.983478380  59173.983828855  5450  2.5464e-14  2.6103e-16
elp0m411-kb92-20201120-0327-e91.fits.fz  59174.438363727  59174.438714225  5450  2.6021e-14  1.6639e-16
cpt0m407-kb84-20201121-0252-e91.fits.fz  59174.983517859  59174.983868368  5450  1.9958e-14  9.1953e-16
elp0m411-kb92-20201121-0272-e91.fits.fz  59175.438401123  59175.438751632  5450  2.2092e-14  1.8008e-16
tfn0m410-kb98-20201122-0052-e91.fits.fz  59176.204009838  59176.204360371  5450  3.6203e-14  4.7955e-16
coj0m405-kb56-20201123-0094-e91.fits.fz  59176.648605047  59176.648955591  5450  3.9819e-14  2.2235e-16
tfn0m414-kb81-20201123-0165-e91.fits.fz  59176.986663890  59176.987014364  5450  4.1435e-14  6.4662e-16
elp0m411-kb92-20201123-0753-e91.fits.fz  59177.438375140  59177.438725603  5450  3.8812e-14  2.0592e-16
tfn0m410-kb98-20201124-0086-e91.fits.fz  59177.983896366  59177.984246852  5450  3.7548e-14  5.3965e-16
ogg0m406-kb27-20201124-0037-e91.fits.fz  59178.438378890  59178.438725359  5450  2.6013e-14  1.5715e-16
cpt0m407-kb84-20201125-0167-e91.fits.fz  59179.038364028  59179.038714526  5450  1.7479e-14  1.3591e-16
ogg0m406-kb27-20201125-0047-e91.fits.fz  59179.438326135  59179.438672732  5450  2.2599e-14  1.4570e-16
coj0m403-kb24-20201126-0142-e91.fits.fz  59179.671511320  59179.671861308  5450  1.9312e-14  1.5759e-16
ogg0m404-kb82-20201126-0107-e91.fits.fz  59180.493289723  59180.493636308  5450  2.2144e-14  1.6631e-16
cpt0m407-kb84-20201127-0116-e91.fits.fz  59180.866654734  59180.867005209  5450  2.9114e-14  4.5003e-16
cpt0m407-kb84-20201127-0162-e91.fits.fz  59180.940622524  59180.940972987  5450  3.1383e-14  4.0033e-16
coj0m405-kb56-20201128-0194-e91.fits.fz  59181.718218056  59181.718568600  5450  3.2448e-14  4.2488e-16
cpt0m407-kb84-20201128-0128-e91.fits.fz  59181.877496690  59181.877847165  5450  3.1392e-14  8.6522e-16
ogg0m406-kb27-20201128-0093-e91.fits.fz  59182.496046285  59182.496392882  5450  3.3861e-14  1.7561e-16
tfn0m410-kb98-20201129-0088-e91.fits.fz  59182.974858623  59182.975209225  5450  3.0463e-14  5.0516e-16
lsc0m412-kb26-20201129-0159-e91.fits.fz  59183.273833681  59183.274184132  5450  2.8896e-14  3.3267e-16
coj0m403-kb24-20201130-0106-e91.fits.fz  59183.510670475  59183.511020475  5450  2.4102e-14  2.0487e-16
coj0m403-kb24-20201130-0112-e91.fits.fz  59183.521078068  59183.521427998  5450  2.3029e-14  2.3004e-16
coj0m405-kb56-20201130-0128-e91.fits.fz  59183.526604769  59183.526955336  5450  2.4895e-14  2.7640e-16
coj0m403-kb24-20201130-0123-e91.fits.fz  59183.537029017  59183.537379005  5450  2.3564e-14  1.7986e-16
coj0m403-kb24-20201130-0133-e91.fits.fz  59183.552328843  59183.552678751  5450  2.2284e-14  4.0974e-16
coj0m403-kb24-20201130-0135-e91.fits.fz  59183.557756366  59183.558106274  5450  2.3843e-14  2.0619e-16
coj0m403-kb24-20201130-0144-e91.fits.fz  59183.568201806  59183.568551806  5450  2.3209e-14  2.0343e-16
coj0m403-kb24-20201130-0146-e91.fits.fz  59183.578599248  59183.578949202  5450  2.3544e-14  1.9876e-16
coj0m403-kb24-20201130-0158-e91.fits.fz  59183.594179480  59183.594530915  5450  2.1955e-14  3.3758e-16
coj0m403-kb24-20201130-0160-e91.fits.fz  59183.599421621  59183.599771493  5450  2.2536e-14  3.1571e-16
coj0m403-kb24-20201130-0164-e91.fits.fz  59183.609858936  59183.610208889  5450  2.3065e-14  1.9411e-16
coj0m403-kb24-20201130-0166-e91.fits.fz  59183.620258855  59183.620608866  5450  2.2788e-14  1.6905e-16
coj0m403-kb24-20201130-0168-e91.fits.fz  59183.630678045  59183.631028021  5450  2.2373e-14  1.8343e-16
coj0m403-kb24-20201130-0172-e91.fits.fz  59183.642479075  59183.642829063  5450  2.2410e-14  1.7916e-16
coj0m403-kb24-20201130-0183-e91.fits.fz  59183.653776783  59183.654126702  5450  2.1380e-14  1.3845e-16
coj0m403-kb24-20201130-0185-e91.fits.fz  59183.661923079  59183.662272998  5450  2.1427e-14  1.4795e-16
cpt0m407-kb84-20201130-0109-e91.fits.fz  59183.841248658  59183.841599167  5450  2.0471e-14  2.1920e-16
cpt0m407-kb84-20201130-0115-e91.fits.fz  59183.847383866  59183.847734398  5450  1.9372e-14  2.1452e-16
cpt0m407-kb84-20201130-0119-e91.fits.fz  59183.857771147  59183.858121656  5450  1.9444e-14  2.1522e-16
cpt0m407-kb84-20201130-0125-e91.fits.fz  59183.868241772  59183.868592269  5450  1.9526e-14  2.2470e-16
cpt0m407-kb84-20201130-0136-e91.fits.fz  59183.879462639  59183.879813125  5450  2.0274e-14  2.0323e-16
cpt0m407-kb84-20201130-0142-e91.fits.fz  59183.889140070  59183.889490579  5450  2.1007e-14  2.1815e-16
cpt0m407-kb84-20201130-0144-e91.fits.fz  59183.899428322  59183.899778785  5450  1.9454e-14  2.0440e-16
cpt0m407-kb84-20201130-0146-e91.fits.fz  59183.909844433  59183.910194896  5450  2.0075e-14  2.0582e-16
cpt0m407-kb84-20201130-0152-e91.fits.fz  59183.920321482  59183.920671992  5450  1.9724e-14  2.1548e-16
cpt0m407-kb84-20201130-0154-e91.fits.fz  59183.930682964  59183.931033508  5450  1.9605e-14  1.9991e-16
cpt0m407-kb84-20201130-0165-e91.fits.fz  59183.951589827  59183.951940336  5450  2.1000e-14  2.2004e-16
cpt0m407-kb84-20201130-0171-e91.fits.fz  59183.963039144  59183.963389653  5450  2.0064e-14  2.1078e-16
tfn0m414-kb81-20201130-0203-e91.fits.fz  59183.982844966  59183.983195545  5450  2.0200e-14  7.4763e-16
tfn0m414-kb81-20201130-0205-e91.fits.fz  59183.993175892  59183.993526401  5450  1.8978e-14  7.4759e-16
tfn0m414-kb81-20201130-0207-e91.fits.fz  59184.003586412  59184.003936864  5450  1.7955e-14  1.0963e-15
cpt0m407-kb84-20201130-0192-e91.fits.fz  59184.042576528  59184.042927037  5450  2.0778e-14  1.9867e-16
tfn0m414-kb81-20201130-0262-e91.fits.fz  59184.048849688  59184.049200243  5450  2.2703e-14  6.5306e-16
tfn0m410-kb98-20201130-0313-e91.fits.fz  59184.051615290  59184.051965926  5450  2.1312e-14  6.7443e-16
cpt0m407-kb84-20201130-0194-e91.fits.fz  59184.062004017  59184.062354491  5450  2.1003e-14  2.0324e-16
cpt0m407-kb84-20201130-0196-e91.fits.fz  59184.069566621  59184.069917119  5450  2.0632e-14  2.0916e-16
cpt0m407-kb84-20201130-0198-e91.fits.fz  59184.075954699  59184.076305243  5450  2.0627e-14  2.2761e-16
cpt0m407-kb84-20201130-0200-e91.fits.fz  59184.079985487  59184.080335996  5450  2.0726e-14  2.4244e-16
lsc0m412-kb26-20201130-0118-e91.fits.fz  59184.109495463  59184.109845984  5450  2.1469e-14  3.2850e-16
lsc0m409-kb29-20201130-0137-e91.fits.fz  59184.114974202  59184.115324735  5450  2.1167e-14  2.3333e-16
lsc0m409-kb29-20201130-0144-e91.fits.fz  59184.125345533  59184.125696030  5450  2.0928e-14  2.2552e-16
lsc0m409-kb29-20201130-0150-e91.fits.fz  59184.135658797  59184.136009295  5450  2.1470e-14  2.3289e-16
lsc0m409-kb29-20201130-0156-e91.fits.fz  59184.146192003  59184.146542547  5450  2.1376e-14  2.3558e-16
lsc0m409-kb29-20201201-0127-e91.fits.fz  59185.114725961  59185.115076436  5450  3.4411e-14  2.5488e-16
lsc0m412-kb26-20201201-0157-e91.fits.fz  59185.177085220  59185.177435730  5450  3.6821e-14  3.8575e-16
coj0m403-kb24-20201202-0199-e91.fits.fz  59185.684262929  59185.684612894  5450  3.3309e-14  1.5962e-16
lsc0m412-kb26-20201202-0165-e91.fits.fz  59186.278439908  59186.278790417  5450  2.5435e-14  2.9081e-16
ogg0m404-kb82-20201202-0138-e91.fits.fz  59186.402549827  59186.402896297  5450  2.4099e-14  1.2299e-16
lsc0m412-kb26-20201203-0129-e91.fits.fz  59187.162800857  59187.163151378  5450  2.4195e-14  2.4566e-16
ogg0m406-kb27-20201203-0150-e91.fits.fz  59187.379473727  59187.379820382  5450  2.4241e-14  1.4203e-16
ogg0m406-kb27-20201203-0188-e91.fits.fz  59187.583499584  59187.583846123  5450  2.2205e-14  2.4233e-16
ogg0m406-kb27-20201204-0177-e91.fits.fz  59188.481981401  59188.482327917  5450  2.5115e-14  1.4559e-16
ogg0m406-kb27-20201204-0215-e91.fits.fz  59188.583560116  59188.583906690  5450  2.5328e-14  1.6576e-16
tfn0m410-kb98-20201205-0098-e91.fits.fz  59189.038350845  59189.038701354  5450  1.7627e-14  2.7345e-16
ogg0m406-kb27-20201205-0256-e91.fits.fz  59189.583524630  59189.583871251  5450  1.8449e-14  1.3120e-16
tfn0m410-kb98-20201206-0114-e91.fits.fz  59190.038351748  59190.038702315  5450  1.9014e-14  3.2280e-16
ogg0m406-kb27-20201206-0236-e91.fits.fz  59190.583476991  59190.583823508  5450  1.6690e-14  1.2428e-16
tfn0m410-kb98-20201207-0185-e91.fits.fz  59191.038362292  59191.038712917  5450  1.9810e-14  2.8139e-16
coj0m403-kb24-20201208-0144-e91.fits.fz  59191.583452107  59191.583801980  5450  2.6501e-14  1.3342e-16
cpt0m407-kb84-20201208-0212-e91.fits.fz  59192.041815047  59192.042165568  5450  2.6943e-14  1.6215e-16
coj0m403-kb24-20201209-0167-e91.fits.fz  59192.587043867  59192.587393867  5450  1.6136e-14  3.7204e-16
lsc0m409-kb29-20201209-0102-e91.fits.fz  59193.084972142  59193.085322616  5450  2.0888e-14  1.7655e-16
cpt0m407-kb84-20201210-0139-e91.fits.fz  59193.892292767  59193.892643276  5450  1.8578e-14  2.2875e-16
tfn0m410-kb98-20201210-0178-e91.fits.fz  59194.038432883  59194.038783438  5450  1.8698e-14  2.7453e-16
lsc0m412-kb26-20201211-0099-e91.fits.fz  59195.094775463  59195.095125973  5450  1.9559e-14  2.4794e-16
tfn0m410-kb98-20201211-0049-e91.fits.fz  59195.163385174  59195.163735660  5450  1.8218e-14  2.6494e-16
tfn0m414-kb81-20201212-0094-e91.fits.fz  59196.073170903  59196.073521470  5450  1.9618e-14  2.2727e-16
lsc0m412-kb26-20201212-0090-e91.fits.fz  59196.077481702  59196.077832200  5450  2.1137e-14  2.4101e-16
cpt0m407-kb84-20201213-0169-e91.fits.fz  59197.038546030  59197.038896493  5450  1.4933e-14  1.3806e-16
lsc0m412-kb26-20201213-0156-e91.fits.fz  59197.178523739  59197.178874248  5450  1.4199e-14  2.1814e-16
ogg0m404-kb82-20201214-0138-e91.fits.fz  59198.327468565  59198.327815093  5450  1.6703e-14  5.3103e-16
lsc0m412-kb26-20210222-0059-e91.fits.fz  59268.017519260  59268.017869815  5450  4.7743e-14  3.7366e-16
lsc0m409-kb29-20210223-0061-e91.fits.fz  59269.016467882  59269.016818322  5450  4.3061e-14  2.5765e-16
lsc0m412-kb26-20210224-0061-e91.fits.fz  59270.015074943  59270.015425452  5450  4.4133e-14  3.4834e-16
lsc0m409-kb29-20210225-0062-e91.fits.fz  59271.109230660  59271.109581170  5450  4.9625e-14  4.0415e-16
lsc0m412-kb26-20210226-0062-e91.fits.fz  59272.016847952  59272.017198449  5450  4.5709e-14  3.8280e-16
lsc0m412-kb26-20210227-0066-e91.fits.fz  59273.010566656  59273.010917153  5450  3.2395e-14  3.2048e-16
lsc0m412-kb26-20210228-0062-e91.fits.fz  59274.013517026  59274.013867500  5450  4.2097e-14  3.5832e-16
lsc0m412-kb26-20210301-0068-e91.fits.fz  59275.014045070  59275.014395579  5450  4.3083e-14  3.8151e-16
lsc0m412-kb26-20210302-0068-e91.fits.fz  59276.011088866  59276.011439352  5450  3.9433e-14  3.6492e-16
lsc0m412-kb26-20210303-0066-e91.fits.fz  59277.014382420  59277.014734364  5450  4.2896e-14  3.5748e-16
ogg0m404-kb82-20200828-0207-e91.fits.fz  59090.615217338  59090.615390267  7670  2.0850e-14  1.5718e-16
coj0m403-kb28-20200829-0169-e91.fits.fz  59090.756807119  59090.756983924  7670  2.1409e-14  2.1828e-16
ogg0m406-kb27-20200829-0185-e91.fits.fz  59091.599740116  59091.599913056  7670  2.0294e-14  2.4285e-16
coj0m403-kb28-20200830-0192-e91.fits.fz  59091.753962686  59091.754139503  7670  2.1654e-14  2.2407e-16
coj0m405-kb56-20200831-0166-e91.fits.fz  59092.751129468  59092.751306355  7670  2.4982e-14  2.9948e-16
coj0m405-kb56-20200831-0184-e91.fits.fz  59092.792798137  59092.792975012  7670  2.6628e-14  3.3536e-16
ogg0m404-kb82-20200831-0176-e91.fits.fz  59093.597185128  59093.597358056  7670  2.6279e-14  1.7459e-16
coj0m403-kb28-20200901-0148-e91.fits.fz  59093.748620058  59093.748796864  7670  2.6377e-14  2.9455e-16
ogg0m406-kb27-20200901-0404-e91.fits.fz  59094.599306227  59094.599479132  7670  2.2306e-14  1.9427e-16
coj0m403-kb28-20200902-0147-e91.fits.fz  59094.748797963  59094.748974757  7670  2.2366e-14  2.8268e-16
ogg0m404-kb82-20200916-0356-e91.fits.fz  59109.615666702  59109.615839642  7670  1.7999e-14  1.5065e-16
coj0m405-kb56-20200917-0120-e91.fits.fz  59109.704079480  59109.704256401  7670  1.8136e-14  2.3449e-16
coj0m405-kb56-20200918-0084-e91.fits.fz  59110.755909677  59110.756086552  7670  1.8953e-14  9.2379e-16
ogg0m404-kb82-20200919-0066-e91.fits.fz  59112.541339595  59112.541512547  7670  1.8877e-14  2.0786e-16
ogg0m404-kb82-20200920-0208-e91.fits.fz  59113.566058878  59113.566231748  7670  2.1007e-14  2.7605e-16
cpt0m407-kb84-20200924-0108-e91.fits.fz  59117.047146806  59117.047323704  7670  2.2909e-14  2.2341e-16
cpt0m407-kb84-20200928-0227-e91.fits.fz  59121.043374156  59121.043551008  7670  1.9799e-14  1.5915e-15
cpt0m407-kb84-20200929-0195-e91.fits.fz  59122.028764318  59122.028941216  7670  2.2538e-14  2.1752e-16
tfn0m414-kb81-20200930-0175-e91.fits.fz  59123.135301332  59123.135478299  7670  2.0600e-14  3.5791e-16
coj0m405-kb56-20201001-0191-e91.fits.fz  59123.667973241  59123.668150220  7670  1.9369e-14  2.4173e-16
lsc0m409-kb29-20201115-0124-e91.fits.fz  59169.153987350  59169.154164283  7670  5.4939e-14  2.9539e-16
lsc0m409-kb29-20201116-0186-e91.fits.fz  59170.150515602  59170.150692454  7670  4.4732e-14  3.8755e-16
ogg0m406-kb27-20201116-0094-e91.fits.fz  59170.438945012  59170.439117883  7670  4.1751e-14  2.3190e-16
cpt0m407-kb84-20201117-0235-e91.fits.fz  59170.984141899  59170.984318797  7670  3.7683e-14  9.6503e-16
elp0m411-kb92-20201117-0322-e91.fits.fz  59171.439043207  59171.439220105  7670  4.4302e-14  3.0537e-16
lsc0m412-kb26-20201118-0166-e91.fits.fz  59172.149268681  59172.149445579  7670  4.7841e-14  3.5584e-16
ogg0m406-kb27-20201118-0124-e91.fits.fz  59172.439234711  59172.439407663  7670  4.5325e-14  2.4110e-16
cpt0m407-kb84-20201119-0282-e91.fits.fz  59172.984036447  59172.984213346  7670  4.3977e-14  3.5681e-16
ogg0m406-kb27-20201119-0121-e91.fits.fz  59173.438957211  59173.439130209  7670  3.8980e-14  2.5197e-16
cpt0m407-kb84-20201120-0202-e91.fits.fz  59173.983995255  59173.984172142  7670  3.6441e-14  4.9454e-16
elp0m411-kb92-20201120-0328-e91.fits.fz  59174.438884572  59174.439061447  7670  4.1495e-14  2.4443e-16
cpt0m407-kb84-20201121-0253-e91.fits.fz  59174.984037072  59174.984214017  7670  3.6383e-14  8.1530e-16
elp0m411-kb92-20201121-0273-e91.fits.fz  59175.438920683  59175.439097581  7670  3.6638e-14  2.8578e-16
tfn0m410-kb98-20201122-0053-e91.fits.fz  59176.204592397  59176.204769283  7670  5.0368e-14  7.0328e-16
coj0m405-kb56-20201123-0095-e91.fits.fz  59176.649192478  59176.649369376  7670  5.2685e-14  3.1963e-16
tfn0m414-kb81-20201123-0166-e91.fits.fz  59176.987260059  59176.987436968  7670  5.4984e-14  8.1098e-16
elp0m411-kb92-20201123-0754-e91.fits.fz  59177.438893843  59177.439070741  7670  5.3684e-14  2.7618e-16
tfn0m410-kb98-20201124-0087-e91.fits.fz  59177.984476320  59177.984653207  7670  5.0001e-14  1.0155e-15
ogg0m406-kb27-20201124-0038-e91.fits.fz  59178.438972744  59178.439145672  7670  3.8388e-14  2.4169e-16
cpt0m407-kb84-20201125-0168-e91.fits.fz  59179.038879514  59179.039056424  7670  2.9883e-14  2.1932e-16
ogg0m406-kb27-20201125-0048-e91.fits.fz  59179.438899700  59179.439072628  7670  3.6778e-14  2.4317e-16
coj0m403-kb24-20201126-0143-e91.fits.fz  59179.672092813  59179.672269063  7670  3.0987e-14  2.7945e-16
ogg0m404-kb82-20201126-0108-e91.fits.fz  59180.493856181  59180.494029144  7670  3.2344e-14  2.2303e-16
cpt0m407-kb84-20201127-0117-e91.fits.fz  59180.867177743  59180.867354630  7670  4.2016e-14  4.4249e-16
cpt0m407-kb84-20201127-0163-e91.fits.fz  59180.941138230  59180.941315116  7670  4.5869e-14  3.9558e-16
coj0m405-kb56-20201128-0195-e91.fits.fz  59181.718810186  59181.718987130  7670  4.5817e-14  7.6923e-16
cpt0m407-kb84-20201128-0129-e91.fits.fz  59181.878017489  59181.878194387  7670  4.7326e-14  1.0122e-15
ogg0m406-kb27-20201128-0094-e91.fits.fz  59182.496626598  59182.496799549  7670  4.5954e-14  2.4096e-16
tfn0m410-kb98-20201129-0089-e91.fits.fz  59182.975442142  59182.975619063  7670  4.3582e-14  5.1569e-16
lsc0m412-kb26-20201129-0160-e91.fits.fz  59183.274347743  59183.274524642  7670  4.3829e-14  3.8188e-16
coj0m403-kb24-20201130-0107-e91.fits.fz  59183.511254827  59183.511431123  7670  3.6906e-14  2.5330e-16
coj0m403-kb24-20201130-0113-e91.fits.fz  59183.521665221  59183.521841540  7670  3.4753e-14  2.8610e-16
coj0m405-kb56-20201130-0129-e91.fits.fz  59183.527196968  59183.527373912  7670  3.6643e-14  4.0900e-16
coj0m403-kb24-20201130-0124-e91.fits.fz  59183.537617616  59183.537793959  7670  3.7030e-14  2.3236e-16
coj0m403-kb24-20201130-0134-e91.fits.fz  59183.552910371  59183.553086771  7670  3.6490e-14  2.7178e-16
coj0m403-kb24-20201130-0136-e91.fits.fz  59183.558342987  59183.558519399  7670  3.6119e-14  2.5737e-16
coj0m403-kb24-20201130-0145-e91.fits.fz  59183.568798739  59183.568975024  7670  3.6605e-14  3.0957e-16
coj0m403-kb24-20201130-0147-e91.fits.fz  59183.579189445  59183.579365753  7670  3.5825e-14  2.5109e-16
coj0m403-kb24-20201130-0159-e91.fits.fz  59183.594774306  59183.594950707  7670  3.5263e-14  3.7705e-16
coj0m403-kb24-20201130-0161-e91.fits.fz  59183.600018172  59183.600194526  7670  3.6389e-14  2.7150e-16
coj0m403-kb24-20201130-0165-e91.fits.fz  59183.610447176  59183.610623438  7670  3.6339e-14  2.6516e-16
coj0m403-kb24-20201130-0167-e91.fits.fz  59183.620850336  59183.621026656  7670  3.5290e-14  2.8520e-16
coj0m403-kb24-20201130-0169-e91.fits.fz  59183.631263241  59183.631439584  7670  3.5257e-14  2.2515e-16
coj0m403-kb24-20201130-0173-e91.fits.fz  59183.643061100  59183.643237396  7670  3.5038e-14  2.0599e-16
coj0m403-kb24-20201130-0184-e91.fits.fz  59183.654357211  59183.654533519  7670  3.3957e-14  1.9812e-16
coj0m403-kb24-20201130-0186-e91.fits.fz  59183.662507987  59183.662684364  7670  3.3261e-14  2.0551e-16
cpt0m407-kb84-20201130-0110-e91.fits.fz  59183.841767871  59183.841944769  7670  3.3020e-14  2.6345e-16
cpt0m407-kb84-20201130-0116-e91.fits.fz  59183.847901910  59183.848078808  7670  3.2524e-14  2.5667e-16
cpt0m407-kb84-20201130-0120-e91.fits.fz  59183.858288820  59183.858465776  7670  3.0670e-14  2.6186e-16
cpt0m407-kb84-20201130-0126-e91.fits.fz  59183.868772431  59183.868949329  7670  2.8684e-14  2.5680e-16
cpt0m407-kb84-20201130-0137-e91.fits.fz  59183.879983936  59183.880160810  7670  3.2230e-14  2.6278e-16
cpt0m407-kb84-20201130-0143-e91.fits.fz  59183.889664028  59183.889840926  7670  3.3315e-14  2.7350e-16
cpt0m407-kb84-20201130-0145-e91.fits.fz  59183.899945417  59183.900122304  7670  3.2318e-14  2.4937e-16
cpt0m407-kb84-20201130-0147-e91.fits.fz  59183.910364665  59183.910541540  7670  3.1726e-14  2.5701e-16
cpt0m407-kb84-20201130-0153-e91.fits.fz  59183.920838044  59183.921014931  7670  3.1436e-14  2.4819e-16
cpt0m407-kb84-20201130-0155-e91.fits.fz  59183.931200591  59183.931377454  7670  3.1689e-14  2.5193e-16
cpt0m407-kb84-20201130-0166-e91.fits.fz  59183.952103716  59183.952280602  7670  3.2739e-14  2.7659e-16
cpt0m407-kb84-20201130-0172-e91.fits.fz  59183.963557200  59183.963734098  7670  3.3095e-14  2.7866e-16
tfn0m414-kb81-20201130-0204-e91.fits.fz  59183.983429769  59183.983606621  7670  3.5823e-14  1.2849e-15
tfn0m414-kb81-20201130-0206-e91.fits.fz  59183.993759943  59183.993936783  7670  3.3591e-14  8.8282e-16
tfn0m414-kb81-20201130-0208-e91.fits.fz  59184.004172871  59184.004349746  7670  3.2181e-14  8.8653e-16
cpt0m407-kb84-20201130-0193-e91.fits.fz  59184.043096204  59184.043273102  7670  3.3062e-14  2.4699e-16
tfn0m414-kb81-20201130-0263-e91.fits.fz  59184.049432663  59184.049609538  7670  3.6121e-14  8.3848e-16
tfn0m410-kb98-20201130-0314-e91.fits.fz  59184.052199827  59184.052376795  7670  3.3329e-14  6.6727e-16
cpt0m407-kb84-20201130-0195-e91.fits.fz  59184.062522732  59184.062699630  7670  3.2961e-14  2.5494e-16
cpt0m407-kb84-20201130-0197-e91.fits.fz  59184.070089341  59184.070266193  7670  3.2746e-14  2.6009e-16
cpt0m407-kb84-20201130-0199-e91.fits.fz  59184.076474387  59184.076651262  7670  3.2812e-14  2.7479e-16
cpt0m407-kb84-20201130-0201-e91.fits.fz  59184.080505984  59184.080682871  7670  3.3296e-14  2.9759e-16
lsc0m412-kb26-20201130-0119-e91.fits.fz  59184.110016181  59184.110193091  7670  3.4584e-14  3.6029e-16
lsc0m409-kb29-20201130-0138-e91.fits.fz  59184.115610163  59184.115787096  7670  3.3842e-14  2.9315e-16
lsc0m409-kb29-20201130-0145-e91.fits.fz  59184.125919248  59184.126096158  7670  3.3147e-14  2.9833e-16
lsc0m409-kb29-20201130-0151-e91.fits.fz  59184.136228531  59184.136405371  7670  3.3321e-14  2.8964e-16
lsc0m409-kb29-20201130-0157-e91.fits.fz  59184.146786563  59184.146963450  7670  3.3511e-14  2.9924e-16
lsc0m409-kb29-20201201-0128-e91.fits.fz  59185.115303045  59185.115479931  7670  4.5172e-14  3.0168e-16
lsc0m412-kb26-20201201-0158-e91.fits.fz  59185.177602964  59185.177779827  7670  4.9418e-14  4.5575e-16
coj0m403-kb24-20201202-0200-e91.fits.fz  59185.684845799  59185.685022130  7670  4.8197e-14  2.5406e-16
lsc0m412-kb26-20201202-0166-e91.fits.fz  59186.278955556  59186.279132466  7670  3.8839e-14  3.6980e-16
ogg0m404-kb82-20201202-0139-e91.fits.fz  59186.403166250  59186.403339155  7670  3.6500e-14  1.8656e-16
lsc0m412-kb26-20201203-0130-e91.fits.fz  59187.163320892  59187.163497790  7670  3.6788e-14  3.3223e-16
ogg0m406-kb27-20201203-0151-e91.fits.fz  59187.380048843  59187.380221737  7670  3.4984e-14  2.1453e-16
ogg0m406-kb27-20201203-0189-e91.fits.fz  59187.584076042  59187.584248959  7670  3.5444e-14  3.1615e-16
ogg0m406-kb27-20201204-0178-e91.fits.fz  59188.482554850  59188.482727778  7670  3.6814e-14  2.2371e-16
ogg0m406-kb27-20201204-0216-e91.fits.fz  59188.584132709  59188.584305684  7670  3.7531e-14  2.4498e-16
tfn0m410-kb98-20201205-0099-e91.fits.fz  59189.038932107  59189.039108994  7670  2.8483e-14  4.1768e-16
ogg0m406-kb27-20201205-0257-e91.fits.fz  59189.584099769  59189.584272605  7670  2.9501e-14  2.1170e-16
tfn0m410-kb98-20201206-0115-e91.fits.fz  59190.038930869  59190.039107767  7670  3.1893e-14  5.5117e-16
ogg0m406-kb27-20201206-0237-e91.fits.fz  59190.584047952  59190.584220892  7670  2.8035e-14  1.9937e-16
tfn0m410-kb98-20201207-0186-e91.fits.fz  59191.038998843  59191.039175741  7670  3.2845e-14  4.1533e-16
coj0m403-kb24-20201208-0145-e91.fits.fz  59191.584034711  59191.584211042  7670  3.9969e-14  2.0930e-16
cpt0m407-kb84-20201208-0213-e91.fits.fz  59192.042450475  59192.042627373  7670  3.9469e-14  2.4531e-16
coj0m403-kb24-20201209-0168-e91.fits.fz  59192.587633195  59192.587809468  7670  2.7313e-14  5.7131e-16
lsc0m409-kb29-20201209-0103-e91.fits.fz  59193.085611436  59193.085788311  7670  3.3993e-14  2.4936e-16
cpt0m407-kb84-20201210-0140-e91.fits.fz  59193.892810718  59193.892987616  7670  3.0203e-14  3.0556e-16
tfn0m410-kb98-20201210-0179-e91.fits.fz  59194.039018959  59194.039195822  7670  3.1790e-14  4.1400e-16
lsc0m412-kb26-20201211-0100-e91.fits.fz  59195.095291436  59195.095468357  7670  3.2252e-14  3.3400e-16
tfn0m410-kb98-20201211-0050-e91.fits.fz  59195.163967014  59195.164143924  7670  3.0203e-14  4.0566e-16
tfn0m414-kb81-20201212-0095-e91.fits.fz  59196.073752628  59196.073929572  7670  3.2045e-14  3.5487e-16
lsc0m412-kb26-20201212-0091-e91.fits.fz  59196.077998125  59196.078175024  7670  3.4421e-14  3.3841e-16
cpt0m407-kb84-20201213-0170-e91.fits.fz  59197.039063589  59197.039240475  7670  2.5315e-14  2.1257e-16
lsc0m412-kb26-20201213-0157-e91.fits.fz  59197.179041679  59197.179218577  7670  2.5082e-14  2.9322e-16
ogg0m404-kb82-20201214-0139-e91.fits.fz  59198.328043531  59198.328216424  7670  3.0142e-14  3.9328e-16
lsc0m412-kb26-20210222-0060-e91.fits.fz  59268.018016517  59268.018193380  7670  5.9402e-14  4.2011e-16
lsc0m409-kb29-20210223-0062-e91.fits.fz  59269.017022721  59269.017199572  7670  5.4946e-14  3.1075e-16
lsc0m412-kb26-20210224-0062-e91.fits.fz  59270.015571135  59270.015748033  7670  5.6379e-14  4.2279e-16
lsc0m409-kb29-20210225-0063-e91.fits.fz  59271.109784156  59271.109961054  7670  6.0012e-14  5.2189e-16
lsc0m412-kb26-20210226-0063-e91.fits.fz  59272.017346899  59272.017523831  7670  5.7205e-14  4.6919e-16
lsc0m412-kb26-20210227-0067-e91.fits.fz  59273.011068288  59273.011245163  7670  4.4984e-14  3.7323e-16
lsc0m412-kb26-20210228-0063-e91.fits.fz  59274.014019688  59274.014196552  7670  5.4982e-14  4.1985e-16
lsc0m412-kb26-20210301-0069-e91.fits.fz  59275.014544283  59275.014721170  7670  5.4905e-14  4.4593e-16
lsc0m412-kb26-20210302-0069-e91.fits.fz  59276.011590811  59276.011767709  7670  5.3207e-14  4.4686e-16
lsc0m412-kb26-20210303-0067-e91.fits.fz  59277.014891737  59277.015068623  7670  5.5936e-14  4.5395e-16
