radeg,raerr("),decdeg,decerr("),Johnson_V (V),Verr,Vnobs,Johnson_B (B),Berr,Bnobs,Sloan_u (SU),SUerr,SUnobs,Sloan_g (SG),SGerr,SGnobs,Sloan_r (SR),SRerr,SRnobs,Sloan_i (SI),SIerr,SInobs,Sloan_z (SZ),SZerr,SZnobs,PanSTARRS_Y (Y),Yerr,Ynobs
82.063896,0.577,-1.370308,0.378,16.17,0.098,9,16.898,0.151,9,NA,NA,0,16.532,0.136,8,15.982,0.064,8,15.753,0.132,6,NA,NA,0,NA,NA,0
82.066899,0.478,-1.373779,0.497,16.587,0.089,8,17.399,0.188,8,NA,NA,0,16.971,0.206,8,16.389,0.119,8,16.275,0.245,4,NA,NA,0,NA,NA,0
82.067561,0.409,-1.388148,0.518,15.558,0.101,8,16.362,0.157,8,NA,NA,0,15.978,0.223,9,15.293,0.033,9,15.255,0.109,7,NA,NA,0,NA,NA,0
82.069772,0.37,-1.464996,0.461,NA,NA,0,NA,NA,0,NA,NA,0,18.399,0.066,3,17.272,0.239,3,NA,NA,0,NA,NA,0,NA,NA,0
82.070605,0.556,-1.409903,0.592,16.635,0.146,6,17.486,0.175,6,NA,NA,0,17.124,0.242,8,16.254,0.07,8,15.948,0.073,5,NA,NA,0,NA,NA,0
82.070609,0.469,-1.449666,0.366,15.787,0.075,8,16.633,0.151,8,NA,NA,0,16.223,0.186,7,15.497,0.048,7,15.364,0.176,7,NA,NA,0,NA,NA,0
82.071559,0.465,-1.472936,0.598,16.511,0.119,6,17.312,0.061,6,NA,NA,0,16.961,0.163,6,16.225,0.026,6,15.998,0.149,5,NA,NA,0,NA,NA,0
82.075211,0.717,-1.454359,1.531,13.424,0.091,8,14.156,0.158,8,NA,NA,0,13.839,0.232,6,13.215,0.136,6,12.866,0.058,3,NA,NA,0,NA,NA,0
82.075705,0.401,-1.456253,0.29,13.827,0.062,2,14.516,0.064,2,NA,NA,0,14.172,0.017,2,13.509,0.042,2,NA,NA,0,NA,NA,0,NA,NA,0
82.076478,0.696,-1.415803,0.577,16.071,0.167,8,16.844,0.133,8,NA,NA,0,16.496,0.239,9,15.807,0.084,9,15.771,0.251,7,NA,NA,0,NA,NA,0
82.077738,0.369,-1.469348,0.569,15.843,0.109,8,16.532,0.14,8,NA,NA,0,16.231,0.204,8,15.651,0.073,8,15.545,0.194,7,NA,NA,0,NA,NA,0
82.077742,0.3,-1.500861,0.279,16.619,0.142,6,17.416,0.135,6,NA,NA,0,17.028,0.186,6,16.369,0.08,6,16.203,0.153,5,NA,NA,0,NA,NA,0
82.080265,0.701,-1.524872,0.279,NA,NA,0,NA,NA,0,NA,NA,0,18.51,0.147,3,17.167,0.072,3,15.665,0.041,3,NA,NA,0,NA,NA,0
82.080485,0.606,-1.338563,0.488,15.522,0.09,9,16.275,0.137,9,NA,NA,0,15.897,0.192,10,15.258,0.046,10,15.099,0.146,8,NA,NA,0,NA,NA,0
82.081871,0.449,-1.487549,0.34,16.985,0.181,4,17.867,0.239,4,NA,NA,0,17.529,0.187,4,16.699,0.089,4,NA,NA,0,NA,NA,0,NA,NA,0
82.084853,0.332,-1.436267,0.316,NA,NA,0,NA,NA,0,NA,NA,0,18.155,0.222,5,17.4,0.201,5,NA,NA,0,NA,NA,0,NA,NA,0
82.085407,0.666,-1.399898,0.33,14.239,0.103,10,14.996,0.222,10,NA,NA,0,14.651,0.278,10,14,0.041,10,13.92,0.143,8,13.581,0.179,1,NA,NA,0
82.085773,0.386,-1.530514,0.772,NA,NA,0,NA,NA,0,NA,NA,0,18.28,0.088,3,17.257,0.18,3,NA,NA,0,NA,NA,0,NA,NA,0
82.087372,0.492,-1.506037,0.501,NA,NA,0,NA,NA,0,NA,NA,0,18.397,0.073,2,17.967,0.205,2,16.507,0.266,1,NA,NA,0,NA,NA,0
82.087922,0.407,-1.542108,0.322,17.257,0.166,1,18.465,0.319,1,NA,NA,0,17.828,0.17,6,16.712,0.104,6,16.254,0.18,4,NA,NA,0,NA,NA,0
82.088824,0.159,-1.48772,0.16,12.408,0.104,6,13.084,0.109,6,NA,NA,0,12.732,0.162,6,12.163,0.017,6,12.063,0.155,6,11.937,0.151,5,NA,NA,0
82.089538,0.615,-1.551898,0.465,17.038,0.077,5,17.991,0.156,5,NA,NA,0,17.437,0.147,6,16.668,0.071,6,16.36,0.096,2,NA,NA,0,NA,NA,0
82.09096,0.593,-1.292251,0.535,16.607,0.115,9,17.216,0.256,9,NA,NA,0,16.891,0.175,10,16.324,0.063,10,16.192,0.172,7,NA,NA,0,NA,NA,0
82.092288,0.415,-1.456226,0.432,14.92,0.093,8,15.665,0.164,8,NA,NA,0,15.34,0.284,10,14.665,0.049,10,14.523,0.15,10,NA,NA,0,NA,NA,0
82.09357,0.274,-1.52268,0.213,16.127,0.129,6,17.076,0.203,6,NA,NA,0,16.576,0.154,6,15.781,0.059,6,15.536,0.058,6,NA,NA,0,NA,NA,0
82.093855,0.487,-1.381338,0.668,16.986,0.174,8,17.619,0.128,8,NA,NA,0,17.316,0.183,8,16.767,0.12,8,16.351,0.049,2,NA,NA,0,NA,NA,0
82.095148,0.406,-1.386786,0.618,17.447,0.187,1,17.836,0.18,1,NA,NA,0,17.901,0.166,6,16.963,0.142,6,NA,NA,0,NA,NA,0,NA,NA,0
82.096368,0.533,-1.425473,0.622,16.443,0.116,7,17.186,0.118,7,NA,NA,0,16.844,0.221,9,16.265,0.101,9,16.065,0.292,7,NA,NA,0,NA,NA,0
82.097149,0.08,-1.325906,0.035,NA,NA,0,NA,NA,0,NA,NA,0,18.213,0.172,1,17.181,0.151,1,NA,NA,0,NA,NA,0,NA,NA,0
82.098658,0.234,-1.321122,0.31,13.425,0.084,11,13.993,0.165,11,NA,NA,0,13.692,0.179,10,13.235,0.052,10,13.197,0.152,8,12.917,0.131,3,NA,NA,0
82.098976,0.454,-1.373167,0.433,14.202,0.077,11,14.899,0.219,11,NA,NA,0,14.53,0.198,10,13.956,0.041,10,13.895,0.136,8,13.909,0.234,1,NA,NA,0
82.099485,0.184,-1.53645,0.115,12.33,0.097,6,13.061,0.113,6,NA,NA,0,12.673,0.159,6,12.098,0.018,6,12.03,0.146,6,11.925,0.086,4,NA,NA,0
82.099824,1.055,-1.508275,0.237,16.128,0.1,6,17.024,0.111,6,NA,NA,0,16.505,0.157,6,15.746,0.06,6,15.465,0.122,5,NA,NA,0,NA,NA,0
82.100051,0.206,-1.482843,0.3,15.387,0.125,6,16.737,0.075,6,NA,NA,0,16.096,0.108,6,14.775,0.04,6,14.208,0.164,6,13.8,0.245,1,NA,NA,0
82.100445,0.428,-1.398859,0.771,17.207,0.079,3,18.093,0.075,3,NA,NA,0,17.767,0.257,8,16.823,0.133,8,16.363,0.19,1,NA,NA,0,NA,NA,0
82.101429,0.458,-1.560568,0.483,17.393,0.251,5,17.941,0.106,5,NA,NA,0,17.602,0.153,6,17.217,0.12,6,16.85,0.295,1,NA,NA,0,NA,NA,0
82.10215,0.496,-1.416329,0.482,14.349,0.096,10,15.615,0.256,10,NA,NA,0,14.996,0.283,10,13.9,0.037,10,13.645,0.154,8,13.248,0.081,3,NA,NA,0
82.103685,0.365,-1.519769,0.203,16.088,0.108,6,16.645,0.082,6,NA,NA,0,16.315,0.14,6,15.963,0.071,6,15.828,0.118,6,NA,NA,0,NA,NA,0
82.104176,0.207,-1.530171,0.163,15.105,0.101,6,15.789,0.136,6,NA,NA,0,15.448,0.147,6,14.878,0.02,6,14.789,0.119,6,NA,NA,0,NA,NA,0
82.104197,0.483,-1.43395,0.566,15.766,0.1,8,16.53,0.152,8,NA,NA,0,16.148,0.213,9,15.48,0.061,9,15.364,0.167,9,NA,NA,0,NA,NA,0
82.106686,0.585,-1.399284,0.568,16.618,0.101,6,17.742,0.196,6,NA,NA,0,17.192,0.228,8,16.203,0.088,8,15.762,0.166,5,NA,NA,0,NA,NA,0
82.107147,0.953,-1.328701,0.3,NA,NA,0,NA,NA,0,NA,NA,0,18.322,0.194,1,17.414,0.212,1,NA,NA,0,NA,NA,0,NA,NA,0
82.107261,0.344,-1.454376,0.321,13.236,0.084,10,13.896,0.222,10,NA,NA,0,13.57,0.229,9,13.01,0.031,9,12.918,0.137,9,12.857,0.089,5,NA,NA,0
82.108786,0.597,-1.271475,0.709,17.482,0.28,2,17.956,0.075,2,NA,NA,0,17.967,0.11,4,17.391,0.208,4,NA,NA,0,NA,NA,0,NA,NA,0
82.112322,0.948,-1.429383,0.775,17.005,0.117,1,18.127,0.22,1,NA,NA,0,17.832,0.259,6,16.622,0.071,6,16.272,0.082,4,NA,NA,0,NA,NA,0
82.112876,0.55,-1.409948,0.496,15.736,0.093,8,16.59,0.193,7,NA,NA,0,16.182,0.224,8,15.436,0.055,8,15.335,0.17,6,NA,NA,0,NA,NA,0
82.113141,0.805,-1.414439,0.355,NA,NA,0,NA,NA,0,NA,NA,0,17.947,0.081,2,16.919,0.023,2,NA,NA,0,NA,NA,0,NA,NA,0
82.114046,0.381,-1.537046,0.386,NA,NA,0,NA,NA,0,NA,NA,0,18.323,0.26,2,17.452,0.056,2,NA,NA,0,NA,NA,0,NA,NA,0
82.115304,0.589,-1.269326,0.748,16.678,0.095,9,17.391,0.208,9,NA,NA,0,16.992,0.161,8,16.427,0.114,8,16.143,0.105,7,NA,NA,0,NA,NA,0
82.115976,0.538,-1.514781,0.282,17.134,0.028,2,18.041,0.059,2,NA,NA,0,17.639,0.163,6,17.033,0.111,6,NA,NA,0,NA,NA,0,NA,NA,0
82.116115,0.475,-1.384087,0.408,NA,NA,0,NA,NA,0,NA,NA,0,18.362,0.18,5,17.496,0.1,5,NA,NA,0,NA,NA,0,NA,NA,0
82.116201,0.71,-1.501333,0.39,17.081,0.065,3,18.099,0.092,3,NA,NA,0,17.765,0.201,6,16.777,0.077,6,16.29,0.149,5,NA,NA,0,NA,NA,0
82.119434,0.638,-1.337873,0.509,16.826,0.148,4,17.823,0.097,4,NA,NA,0,17.466,0.252,9,16.389,0.069,9,16.052,0.12,6,NA,NA,0,NA,NA,0
82.120412,0.399,-1.457905,0.478,14.494,0.114,9,15.588,0.155,9,NA,NA,0,15.068,0.214,9,14.119,0.041,9,13.843,0.161,9,13.404,0.145,3,NA,NA,0
82.124589,0.589,-1.521175,0.383,17.48,0.041,2,18.028,0.096,2,NA,NA,0,17.682,0.08,5,17.262,0.1,5,NA,NA,0,NA,NA,0,NA,NA,0
82.124793,0.324,-1.502477,0.241,16.25,0.115,6,17.031,0.156,6,NA,NA,0,16.625,0.153,6,16.022,0.098,6,15.845,0.112,5,NA,NA,0,NA,NA,0
82.125468,0.507,-1.30152,0.5,16.276,0.153,9,17.066,0.086,9,NA,NA,0,16.664,0.186,10,15.963,0.08,10,15.758,0.202,8,NA,NA,0,NA,NA,0
82.125489,0.703,-1.390815,0.643,NA,NA,0,NA,NA,0,NA,NA,0,18.478,0.074,3,16.86,0.061,3,NA,NA,0,NA,NA,0,NA,NA,0
82.12639,0.478,-1.327205,0.678,NA,NA,0,NA,NA,0,NA,NA,0,18.063,0.213,6,16.79,0.098,6,15.581,0.156,4,NA,NA,0,NA,NA,0
82.12659,0.51,-1.341531,0.429,17.111,0.107,6,17.838,0.182,6,NA,NA,0,17.573,0.229,8,16.653,0.062,8,16.313,0.012,2,NA,NA,0,NA,NA,0
82.126763,0.556,-1.470741,0.726,16.093,0.088,7,17.153,0.219,7,NA,NA,0,16.646,0.191,7,15.678,0.043,7,15.397,0.159,7,NA,NA,0,NA,NA,0
82.128409,0.601,-1.403622,0.443,NA,NA,0,NA,NA,0,NA,NA,0,18.235,0.022,2,17.487,0.051,2,NA,NA,0,NA,NA,0,NA,NA,0
82.128886,0.352,-1.496385,0.233,15.893,0.08,4,17.189,0.093,4,NA,NA,0,16.645,0.242,4,15.282,0.027,4,14.857,0.15,4,NA,NA,0,NA,NA,0
82.129773,0.645,-1.276538,0.632,16.402,0.094,9,17.291,0.149,9,NA,NA,0,16.926,0.185,8,16.138,0.081,8,15.905,0.131,6,NA,NA,0,NA,NA,0
82.131545,0.36,-1.499172,0.329,13.689,0.106,6,14.533,0.123,6,NA,NA,0,14.102,0.157,6,13.393,0.022,6,13.246,0.13,6,13.167,0.126,5,NA,NA,0
82.133385,0.437,-1.52912,0.477,17.095,0.111,6,17.864,0.097,6,NA,NA,0,17.569,0.229,6,16.899,0.195,6,16.604,0.258,1,NA,NA,0,NA,NA,0
82.134762,0.62,-1.493053,0.511,NA,NA,0,NA,NA,0,NA,NA,0,17.799,0.09,4,17.431,0.212,4,NA,NA,0,NA,NA,0,NA,NA,0
82.135513,0.511,-1.26355,0.382,16.002,0.084,8,17.182,0.141,8,NA,NA,0,16.641,0.191,5,15.498,0.042,5,15.218,0.176,5,NA,NA,0,NA,NA,0
82.136377,0.39,-1.273694,0.401,15.02,0.094,11,15.887,0.194,11,NA,NA,0,15.47,0.225,9,14.74,0.044,9,14.546,0.143,9,NA,NA,0,NA,NA,0
82.136864,0.39,-1.228755,0.34,14.329,0.093,10,15.134,0.164,10,NA,NA,0,14.727,0.214,10,14.026,0.047,10,13.865,0.129,10,13.628,0.183,1,NA,NA,0
82.137787,0.264,-1.456356,0.33,12.257,0.094,10,13.517,0.242,10,NA,NA,0,12.92,0.298,10,11.805,0.048,10,11.51,0.147,10,11.2,0.081,5,NA,NA,0
82.138779,0.738,-1.491104,0.673,NA,NA,0,NA,NA,0,NA,NA,0,17.979,0.118,5,16.877,0.127,5,16.195,0.114,5,NA,NA,0,NA,NA,0
82.139101,0.463,-1.576615,0.321,NA,NA,0,NA,NA,0,NA,NA,0,18.339,0.139,5,17.328,0.156,5,NA,NA,0,NA,NA,0,NA,NA,0
82.139244,0.358,-1.258722,0.433,12.829,0.092,11,13.67,0.157,11,NA,NA,0,13.264,0.207,9,12.556,0.056,9,12.416,0.134,9,12.149,0.128,3,NA,NA,0
82.139817,0.851,-1.316208,0.651,16.833,0.094,7,17.866,0.194,7,NA,NA,0,17.423,0.223,9,16.421,0.089,9,16.09,0.223,6,NA,NA,0,NA,NA,0
82.140004,0.462,-1.439079,0.462,14.952,0.082,10,15.647,0.269,10,NA,NA,0,15.317,0.219,9,14.725,0.038,9,14.646,0.116,9,NA,NA,0,NA,NA,0
82.140158,0.266,-1.527726,0.234,15.945,0.101,6,16.684,0.158,6,NA,NA,0,16.313,0.198,6,15.717,0.041,6,15.621,0.215,6,NA,NA,0,NA,NA,0
82.14038,0.447,-1.515725,0.333,16.916,0.103,6,17.49,0.22,6,NA,NA,0,17.274,0.176,6,16.765,0.112,6,17.092,0.36,1,NA,NA,0,NA,NA,0
82.140424,0.345,-1.300439,0.412,15.203,0.097,11,15.87,0.195,11,NA,NA,0,15.515,0.191,10,14.969,0.054,10,14.896,0.088,8,NA,NA,0,NA,NA,0
82.141808,0.27,-1.616828,0.377,18.045,0.296,1,17.822,0.174,1,NA,NA,0,17.835,0.103,4,17.334,0.093,4,NA,NA,0,NA,NA,0,NA,NA,0
82.141853,0.228,-1.236288,0.337,NA,NA,0,NA,NA,0,NA,NA,0,18.232,0.085,3,17.652,0.324,3,NA,NA,0,NA,NA,0,NA,NA,0
82.14218,0.231,-1.218006,0.252,11.342,0.09,10,11.664,0.15,10,NA,NA,0,11.476,0.207,9,11.269,0.035,9,11.371,0.135,9,11.285,0.058,3,NA,NA,0
82.142752,0.661,-1.40829,0.703,17.324,0.111,4,17.998,0.192,4,NA,NA,0,17.674,0.199,8,17.013,0.082,8,NA,NA,0,NA,NA,0,NA,NA,0
82.142849,0.701,-1.46599,0.641,16.438,0.149,8,17.552,0.091,7,NA,NA,0,17.064,0.256,9,16.065,0.057,9,15.597,0.062,7,NA,NA,0,NA,NA,0
82.143889,0.319,-1.317095,0.167,NA,NA,0,NA,NA,0,NA,NA,0,17.871,0.13,2,17.505,0.238,2,NA,NA,0,NA,NA,0,NA,NA,0
82.144242,0.763,-1.245453,0.388,NA,NA,0,NA,NA,0,NA,NA,0,18.396,0.097,3,17.275,0.135,3,NA,NA,0,NA,NA,0,NA,NA,0
82.144243,0.853,-1.32255,0.842,NA,NA,0,NA,NA,0,NA,NA,0,17.654,0.105,6,17.037,0.102,6,NA,NA,0,NA,NA,0,NA,NA,0
82.144247,0.464,-1.401767,0.389,15.813,0.119,8,16.882,0.093,8,NA,NA,0,16.412,0.205,9,15.471,0.061,9,15.169,0.146,7,NA,NA,0,NA,NA,0
82.144256,0.35,-1.256254,0.327,17.028,0.07,3,17.679,0.124,3,NA,NA,0,NA,NA,0,NA,NA,0,NA,NA,0,NA,NA,0,NA,NA,0
82.145897,0.397,-1.544425,0.31,14.752,0.094,6,15.466,0.128,6,NA,NA,0,15.111,0.156,6,14.496,0.012,6,14.398,0.155,6,NA,NA,0,NA,NA,0
82.146881,0.749,-1.449866,0.504,15.528,0.111,7,16.768,0.197,7,NA,NA,0,16.192,0.255,9,15.042,0.049,9,14.745,0.149,9,NA,NA,0,NA,NA,0
82.147294,0.745,-1.371858,0.724,17.28,0.149,3,17.871,0.206,3,NA,NA,0,17.832,0.212,8,17.061,0.106,8,NA,NA,0,NA,NA,0,NA,NA,0
82.147495,0.933,-1.363032,0.562,NA,NA,0,NA,NA,0,NA,NA,0,18.053,0.153,7,16.526,0.092,7,15.309,0.163,5,NA,NA,0,NA,NA,0
82.149488,0.729,-1.301254,0.619,16.569,0.152,9,17.426,0.201,9,NA,NA,0,16.982,0.251,9,16.209,0.132,9,15.862,0.115,6,NA,NA,0,NA,NA,0
82.149903,0.266,-1.429094,0.331,13.213,0.092,10,13.89,0.203,10,NA,NA,0,13.582,0.275,10,12.988,0.038,10,12.893,0.148,10,12.76,0.138,3,NA,NA,0
82.150517,0.647,-1.275064,0.572,16.686,0.114,9,17.537,0.213,9,NA,NA,0,17.143,0.216,8,16.353,0.09,8,16.192,0.177,8,NA,NA,0,NA,NA,0
82.150589,0.719,-1.393979,0.416,NA,NA,0,NA,NA,0,NA,NA,0,18.242,0.12,2,17.584,0.037,2,NA,NA,0,NA,NA,0,NA,NA,0
82.150744,0.776,-1.502148,0.384,17.71,0.079,2,18.063,0.098,2,NA,NA,0,17.923,0.116,5,17.383,0.17,5,16.862,0.301,1,NA,NA,0,NA,NA,0
82.151282,0.534,-1.572843,0.311,17.263,0.19,3,18.026,0.172,3,NA,NA,0,17.59,0.15,6,16.806,0.142,6,16.546,0.229,5,NA,NA,0,NA,NA,0
82.151667,0.574,-1.523457,0.54,NA,NA,0,NA,NA,0,NA,NA,0,18.228,0.144,4,17.483,0.072,4,NA,NA,0,NA,NA,0,NA,NA,0
82.15311,0.353,-1.633114,0.288,16.551,0.105,6,17.403,0.127,6,NA,NA,0,16.997,0.166,6,16.29,0.096,6,16.052,0.185,6,NA,NA,0,NA,NA,0
82.153711,1.006,-1.324547,1.069,17.461,0.189,1,17.978,0.208,1,NA,NA,0,18.36,0.122,2,17.409,0.061,2,NA,NA,0,NA,NA,0,NA,NA,0
82.154404,0.528,-1.205382,0.623,16.364,0.094,9,17.544,0.242,9,NA,NA,0,16.961,0.236,10,15.869,0.074,10,15.581,0.114,10,NA,NA,0,NA,NA,0
82.15453,0.826,-1.267987,0.705,16.646,0.11,9,17.421,0.133,9,NA,NA,0,17.043,0.202,7,16.472,0.071,7,16.204,0.21,6,NA,NA,0,NA,NA,0
82.154856,0.495,-1.569147,0.359,17.153,0.135,6,17.782,0.307,6,NA,NA,0,17.499,0.211,6,16.869,0.112,6,16.696,0.197,2,NA,NA,0,NA,NA,0
82.155261,0.168,-1.615962,0.197,15.17,0.104,6,15.853,0.107,6,NA,NA,0,15.494,0.167,6,14.971,0.027,6,14.947,0.216,6,NA,NA,0,NA,NA,0
82.155557,0.614,-1.443969,0.961,16.899,0.133,6,17.689,0.046,6,NA,NA,0,17.373,0.298,8,16.661,0.105,8,16.388,0.218,6,NA,NA,0,NA,NA,0
82.157306,0.205,-1.266634,0.024,NA,NA,0,NA,NA,0,NA,NA,0,17.782,0.134,1,17.27,0.162,1,NA,NA,0,NA,NA,0,NA,NA,0
82.157527,0.502,-1.481454,0.354,16.907,0.064,5,17.766,0.2,5,NA,NA,0,17.576,0.068,6,16.511,0.099,6,15.956,0.077,5,NA,NA,0,NA,NA,0
82.157976,0.765,-1.575817,0.511,NA,NA,0,NA,NA,0,NA,NA,0,18.311,0.094,2,17.499,0.072,2,NA,NA,0,NA,NA,0,NA,NA,0
82.158167,0.951,-1.45821,0.399,17.62,0.206,1,18.066,0.228,1,NA,NA,0,17.953,0.028,2,17.561,0.203,2,NA,NA,0,NA,NA,0,NA,NA,0
82.158537,0.509,-1.224118,0.616,16.26,0.112,8,17.074,0.173,8,NA,NA,0,16.614,0.125,9,15.989,0.076,9,15.788,0.074,8,NA,NA,0,NA,NA,0
82.158998,0.551,-1.596562,0.346,17.008,0.068,5,17.902,0.151,5,NA,NA,0,17.427,0.167,6,16.784,0.112,6,16.515,0.219,1,NA,NA,0,NA,NA,0
82.159693,0.441,-1.423091,0.41,14.36,0.099,9,15.517,0.158,9,NA,NA,0,14.98,0.281,10,13.944,0.037,10,13.681,0.154,8,13.604,0.025,2,NA,NA,0
82.159801,0.342,-1.316894,0.346,13.8,0.075,10,15.133,0.185,10,NA,NA,0,14.489,0.235,11,13.295,0.058,11,12.937,0.158,9,12.746,0.1,3,NA,NA,0
82.160142,0.157,-1.547606,0.109,NA,NA,0,NA,NA,0,NA,NA,0,18.242,0.16,1,17.658,0.232,1,NA,NA,0,NA,NA,0,NA,NA,0
82.161003,0.615,-1.233407,0.551,16.245,0.11,8,16.834,0.178,8,NA,NA,0,16.551,0.204,10,16.06,0.039,10,15.93,0.171,9,NA,NA,0,NA,NA,0
82.162115,0.442,-1.35897,0.624,15.968,0.119,8,16.73,0.147,8,NA,NA,0,16.369,0.182,10,15.702,0.048,10,15.555,0.178,8,NA,NA,0,NA,NA,0
82.163205,0.578,-1.245405,0.7,17.497,0.197,1,18.71,0.42,1,NA,NA,0,17.897,0.217,6,16.988,0.157,6,16.111,0.019,2,NA,NA,0,NA,NA,0
82.16348,0.198,-1.386976,0.284,11.373,0.089,10,11.946,0.186,10,NA,NA,0,11.659,0.189,9,11.191,0.036,9,11.199,0.164,8,11.093,0.042,3,NA,NA,0
82.164055,0.766,-1.325354,0.624,16.856,0.074,7,17.75,0.192,7,NA,NA,0,17.356,0.251,9,16.713,0.12,9,16.263,0.143,4,NA,NA,0,NA,NA,0
82.164291,0.529,-1.367709,0.567,14.819,0.078,11,15.937,0.194,11,NA,NA,0,15.375,0.264,11,14.406,0.046,11,14.148,0.179,9,13.469,0.165,1,NA,NA,0
82.165066,0.514,-1.209496,0.373,15.971,0.118,9,17.051,0.166,9,NA,NA,0,16.419,0.184,7,15.574,0.065,7,15.254,0.171,6,NA,NA,0,NA,NA,0
82.165712,0.47,-1.564743,0.264,16.996,0.209,6,17.726,0.252,6,NA,NA,0,17.321,0.159,6,16.721,0.098,6,16.504,0.283,3,NA,NA,0,NA,NA,0
82.166355,0.553,-1.407421,0.516,15.285,0.079,8,16.166,0.135,8,NA,NA,0,15.729,0.232,9,14.934,0.054,9,14.736,0.142,7,NA,NA,0,NA,NA,0
82.166613,0.469,-1.349518,0.358,17.186,0.181,4,18.004,0.2,4,NA,NA,0,17.642,0.22,7,16.567,0.056,7,16.373,0.114,4,NA,NA,0,NA,NA,0
82.166733,0.7,-1.237095,0.735,16.922,0.224,3,17.841,0.102,3,NA,NA,0,17.568,0.233,8,16.479,0.141,8,16.102,0.095,6,NA,NA,0,NA,NA,0
82.166886,0.473,-1.353653,0.367,16.709,0.136,7,17.487,0.203,7,NA,NA,0,17.035,0.131,7,16.351,0.083,8,16.095,0.104,4,NA,NA,0,NA,NA,0
82.168157,0.537,-1.210696,0.668,16.201,0.106,8,16.974,0.121,8,NA,NA,0,16.537,0.196,7,15.846,0.059,7,15.542,0.179,6,NA,NA,0,NA,NA,0
82.168174,0.82,-1.458383,0.487,17.077,0.116,4,18.105,0.154,4,NA,NA,0,17.659,0.23,8,16.831,0.103,8,16.314,0.079,3,NA,NA,0,NA,NA,0
82.168253,0.379,-1.277753,0.396,14.681,0.081,11,15.623,0.132,11,NA,NA,0,15.154,0.174,8,14.36,0.06,8,14.137,0.15,8,13.424,0.151,1,NA,NA,0
82.168399,0.95,-1.314021,0.37,16.786,0.084,6,17.559,0.222,6,NA,NA,0,17.09,0.127,6,16.401,0.063,6,16.082,0.183,4,NA,NA,0,NA,NA,0
82.168954,0.672,-1.467059,0.596,NA,NA,0,NA,NA,0,NA,NA,0,18.524,0.07,3,17.533,0.028,3,NA,NA,0,NA,NA,0,NA,NA,0
82.16911,0.58,-1.366121,0.508,16.294,0.099,8,17.207,0.169,8,NA,NA,0,16.821,0.201,9,15.995,0.046,9,15.703,0.074,6,NA,NA,0,NA,NA,0
82.169534,0.308,-1.631896,0.311,16.434,0.139,6,17.105,0.079,6,NA,NA,0,16.818,0.196,6,16.257,0.051,6,15.992,0.13,5,NA,NA,0,NA,NA,0
82.170311,0.209,-1.533736,0.204,13.371,0.102,6,14.159,0.118,6,NA,NA,0,13.768,0.158,6,13.093,0.021,6,12.948,0.147,6,12.817,0.106,4,NA,NA,0
82.171639,0.764,-1.316299,0.781,15.818,0.108,10,16.57,0.153,10,NA,NA,0,16.155,0.092,7,15.504,0.056,7,15.208,0.139,5,NA,NA,0,NA,NA,0
82.173585,0.176,-1.583701,0.114,15.614,0.098,6,16.727,0.123,6,NA,NA,0,16.152,0.164,6,15.229,0.019,6,14.99,0.167,6,NA,NA,0,NA,NA,0
82.173712,0.607,-1.394631,0.525,NA,NA,0,NA,NA,0,NA,NA,0,17.905,0.1,3,17.136,0.105,3,NA,NA,0,NA,NA,0,NA,NA,0
82.175087,0.688,-1.503194,0.628,17.61,0.215,4,18.013,0.148,4,NA,NA,0,17.881,0.159,5,17.276,0.164,5,NA,NA,0,NA,NA,0,NA,NA,0
82.175826,0.837,-1.554,0.455,14.268,0.104,6,15.609,0.126,6,NA,NA,0,14.946,0.151,6,13.773,0.026,6,13.429,0.147,6,13.128,0.178,4,NA,NA,0
82.176935,0.352,-1.198154,0.341,15,0.1,10,15.596,0.107,10,NA,NA,0,15.292,0.158,10,14.775,0.043,10,14.709,0.134,10,NA,NA,0,NA,NA,0
82.177583,0.458,-1.432235,0.52,15.651,0.105,9,16.503,0.144,9,NA,NA,0,16.143,0.267,10,15.38,0.064,10,15.162,0.164,10,NA,NA,0,NA,NA,0
82.178551,0.316,-1.563893,0.209,15.245,0.119,6,15.984,0.084,6,NA,NA,0,15.619,0.157,6,14.968,0.024,6,14.835,0.165,6,NA,NA,0,NA,NA,0
82.179755,0.475,-1.298387,0.269,NA,NA,0,NA,NA,0,NA,NA,0,18.088,0.01,2,17.349,0.208,2,NA,NA,0,NA,NA,0,NA,NA,0
82.180295,0.418,-1.346179,0.434,14.723,0.081,10,15.576,0.142,10,NA,NA,0,15.138,0.181,9,14.396,0.054,9,14.239,0.118,7,14.009,0.259,1,NA,NA,0
82.180364,0.402,-1.497276,0.547,17.622,0.21,1,18.129,0.224,1,NA,NA,0,17.89,0.111,5,17.309,0.144,5,NA,NA,0,NA,NA,0,NA,NA,0
82.182535,0.674,-1.465463,0.309,NA,NA,0,NA,NA,0,NA,NA,0,18.319,0.219,3,17.68,0.044,3,NA,NA,0,NA,NA,0,NA,NA,0
82.182735,0.714,-1.391357,0.599,17.159,0.098,5,17.943,0.117,5,NA,NA,0,17.557,0.158,7,16.821,0.098,7,16.349,0.19,1,NA,NA,0,NA,NA,0
82.184248,0.644,-1.220249,0.514,17.372,0.221,3,18.34,0.194,3,NA,NA,0,17.892,0.202,7,16.861,0.131,7,16.346,0.157,6,NA,NA,0,NA,NA,0
82.188359,0.62,-1.24797,0.538,16.271,0.117,7,17.03,0.134,7,NA,NA,0,16.65,0.179,8,15.959,0.094,8,15.807,0.114,8,NA,NA,0,NA,NA,0
82.188652,0.272,-1.291431,0.304,12.629,0.088,11,13.25,0.161,11,NA,NA,0,12.942,0.214,11,12.419,0.046,11,12.364,0.147,9,12.326,0.077,3,NA,NA,0
82.188868,0.139,-1.18091,0.38,NA,NA,0,NA,NA,0,NA,NA,0,17.877,0.029,2,17.027,0.071,2,NA,NA,0,NA,NA,0,NA,NA,0
82.189218,0.343,-1.627334,0.325,16.693,0.054,6,17.828,0.219,6,NA,NA,0,17.361,0.235,6,16.399,0.087,6,16.138,0.056,5,NA,NA,0,NA,NA,0
82.189428,0.289,-1.227254,0.303,13.837,0.077,10,14.469,0.144,10,NA,NA,0,14.164,0.195,10,13.603,0.046,10,13.496,0.132,10,13.531,0.086,2,NA,NA,0
82.192873,0.531,-1.189119,0.31,NA,NA,0,NA,NA,0,NA,NA,0,18.318,0.173,1,18.097,0.406,1,NA,NA,0,NA,NA,0,NA,NA,0
82.192936,0.613,-1.414277,0.604,15.946,0.093,8,17.226,0.164,8,NA,NA,0,16.655,0.217,9,15.47,0.07,9,15.136,0.157,7,NA,NA,0,NA,NA,0
82.193172,0.694,-1.267386,0.542,17.279,0.037,2,18.099,0.162,2,NA,NA,0,17.865,0.193,6,17.07,0.168,6,NA,NA,0,NA,NA,0,NA,NA,0
82.194903,0.724,-1.475363,0.371,NA,NA,0,NA,NA,0,NA,NA,0,18.263,0.119,4,17.359,0.185,4,NA,NA,0,NA,NA,0,NA,NA,0
82.195037,0.775,-1.610539,0.291,NA,NA,0,NA,NA,0,NA,NA,0,18.002,0.177,6,17.21,0.188,6,16.391,0.198,1,NA,NA,0,NA,NA,0
82.196245,0.867,-1.32029,0.785,16.685,0.1,8,17.676,0.157,8,NA,NA,0,17.256,0.137,8,16.391,0.09,8,15.919,0.248,4,NA,NA,0,NA,NA,0
82.196863,0.371,-1.566884,0.221,13.71,0.106,6,14.522,0.12,6,NA,NA,0,14.111,0.163,6,13.422,0.02,6,13.28,0.141,6,12.975,0.126,3,NA,NA,0
82.197064,0.664,-1.202319,0.579,17.35,0.215,7,17.924,0.169,7,NA,NA,0,17.641,0.199,7,17.008,0.173,7,16.747,0.268,1,NA,NA,0,NA,NA,0
82.197519,0.487,-1.324268,0.751,NA,NA,0,NA,NA,0,NA,NA,0,18.035,0.145,1,17.274,0.16,1,NA,NA,0,NA,NA,0,NA,NA,0
82.198333,0.528,-1.376591,0.395,NA,NA,0,NA,NA,0,NA,NA,0,18.195,0.124,4,17.134,0.102,4,NA,NA,0,NA,NA,0,NA,NA,0
82.198413,0.648,-1.541285,0.693,NA,NA,0,NA,NA,0,NA,NA,0,18.026,0.127,5,16.783,0.089,5,16.132,0.169,3,NA,NA,0,NA,NA,0
82.198981,0.209,-1.18712,0.366,NA,NA,0,NA,NA,0,NA,NA,0,18.791,0.293,1,17.851,0.271,1,NA,NA,0,NA,NA,0,NA,NA,0
82.199515,0.209,-1.445757,0.215,NA,NA,0,NA,NA,0,NA,NA,0,18.361,0.18,1,17.449,0.201,1,NA,NA,0,NA,NA,0,NA,NA,0
82.200082,0.381,-1.621381,0.266,NA,NA,0,NA,NA,0,NA,NA,0,18.037,0.108,4,16.934,0.071,4,16.37,0.21,1,NA,NA,0,NA,NA,0
82.200157,0.438,-1.571574,0.49,17.038,0.096,5,17.76,0.208,5,NA,NA,0,17.424,0.124,6,16.807,0.056,6,NA,NA,0,NA,NA,0,NA,NA,0
82.2014,0.541,-1.524841,0.448,16.969,0.098,5,17.907,0.168,5,NA,NA,0,17.493,0.149,6,16.692,0.08,6,16.522,0.217,5,NA,NA,0,NA,NA,0
82.202114,0.487,-1.382378,0.59,15.646,0.09,9,16.604,0.122,9,NA,NA,0,16.163,0.303,10,15.307,0.052,10,15.081,0.2,8,NA,NA,0,NA,NA,0
82.202411,0.489,-1.577236,0.258,16.875,0.153,6,17.523,0.121,6,NA,NA,0,17.269,0.258,5,16.519,0.031,5,16.051,0.152,1,NA,NA,0,NA,NA,0
82.203156,0.556,-1.257628,0.697,16.862,0.043,2,17.939,0.175,2,NA,NA,0,17.646,0.184,7,16.145,0.053,7,15.566,0.239,7,NA,NA,0,NA,NA,0
82.203888,0.963,-1.672435,0.247,NA,NA,0,NA,NA,0,NA,NA,0,17.98,0.066,3,17.092,0.165,3,NA,NA,0,NA,NA,0,NA,NA,0
82.204256,0.495,-1.418622,0.527,15.553,0.102,8,16.539,0.171,8,NA,NA,0,16.051,0.231,9,15.21,0.056,9,15.019,0.232,7,NA,NA,0,NA,NA,0
82.204767,0.79,-1.462078,0.765,17.337,0.13,4,18.02,0.064,4,NA,NA,0,17.684,0.166,8,16.769,1.007,8,NA,NA,0,NA,NA,0,NA,NA,0
82.204853,0.53,-1.487354,0.572,NA,NA,0,NA,NA,0,NA,NA,0,18.567,0.063,2,17.709,0.012,2,NA,NA,0,NA,NA,0,NA,NA,0
82.206439,0.649,-1.576824,0.247,15.407,0.086,6,16.111,0.097,6,NA,NA,0,15.793,0.168,6,15.093,0.019,6,14.973,0.139,6,NA,NA,0,NA,NA,0
82.206926,0.358,-1.214106,0.427,14.434,0.076,11,15.002,0.123,11,NA,NA,0,14.718,0.204,11,14.236,0.045,11,14.173,0.136,11,13.909,0.038,2,NA,NA,0
82.207037,0.125,-1.628014,0.186,12.589,0.092,6,12.959,0.105,6,NA,NA,0,12.75,0.15,6,12.496,0.021,6,12.596,0.153,6,12.468,0.023,3,NA,NA,0
82.207656,0.594,-1.395348,0.563,16.625,0.16,7,17.472,0.208,7,NA,NA,0,17.085,0.205,8,16.431,0.071,8,16.132,0.11,4,NA,NA,0,NA,NA,0
82.209725,0.551,-1.180607,0.569,16.911,0.161,7,17.709,0.12,7,NA,NA,0,17.248,0.206,9,16.629,0.092,9,16.396,0.193,6,NA,NA,0,NA,NA,0
82.209867,0.174,-1.652804,0.259,NA,NA,0,NA,NA,0,NA,NA,0,17.924,0.071,2,17.388,0.227,2,NA,NA,0,NA,NA,0,NA,NA,0
82.21077,0.444,-1.614258,0.044,NA,NA,0,NA,NA,0,NA,NA,0,18.594,0.253,1,17.455,0.196,1,NA,NA,0,NA,NA,0,NA,NA,0
82.211458,0.28,-1.493449,0.332,16.128,0.113,6,17.632,0.175,6,NA,NA,0,16.973,0.188,6,15.491,0.037,6,14.857,0.145,6,NA,NA,0,NA,NA,0
82.21241,0.541,-1.522251,0.501,16.914,0.049,2,18.31,0.173,2,NA,NA,0,17.774,0.08,5,16.349,0.083,5,15.239,0.064,5,NA,NA,0,NA,NA,0
82.212638,0.485,-1.419065,0.577,16.615,0.183,6,17.725,0.196,6,NA,NA,0,17.18,0.182,7,16.06,0.065,7,15.86,0.187,5,NA,NA,0,NA,NA,0
82.213194,0.493,-1.174631,0.704,15.57,0.089,10,16.368,0.075,10,NA,NA,0,15.973,0.186,11,15.254,0.066,11,15.042,0.139,11,NA,NA,0,NA,NA,0
82.214772,0.644,-1.515802,0.375,NA,NA,0,NA,NA,0,NA,NA,0,17.938,0.129,2,16.523,0.014,2,16.062,0.156,2,NA,NA,0,NA,NA,0
82.214969,0.347,-1.177505,0.288,16.514,0.126,3,18.053,0.074,3,NA,NA,0,17.311,0.204,7,15.93,0.049,7,15.399,0.155,7,NA,NA,0,NA,NA,0
82.215301,0.864,-1.546041,1.078,17.123,0.134,1,NA,NA,0,NA,NA,0,17.655,0.095,4,16.728,0.126,4,NA,NA,0,NA,NA,0,NA,NA,0
82.215584,0.786,-1.398375,0.538,17.227,0.115,2,18.074,0.167,2,NA,NA,0,17.968,0.105,6,17.346,0.211,6,16.386,0.193,1,NA,NA,0,NA,NA,0
82.219284,0.123,-1.510607,0.1,12.184,0.106,6,12.891,0.104,6,NA,NA,0,12.523,0.15,6,11.943,0.014,6,11.864,0.146,6,11.756,0.047,4,NA,NA,0
82.219285,0.515,-1.305533,0.577,16.237,0.126,9,17.088,0.209,9,NA,NA,0,16.681,0.19,9,16.018,0.064,9,15.974,0.228,7,NA,NA,0,NA,NA,0
82.219598,0.706,-1.437857,1.002,16.858,0.104,7,17.66,0.242,7,NA,NA,0,17.308,0.214,7,16.556,0.112,7,16.117,0.265,4,NA,NA,0,NA,NA,0
82.219826,0.481,-1.529223,0.352,NA,NA,0,NA,NA,0,NA,NA,0,18.551,0.07,3,17.597,0.213,3,NA,NA,0,NA,NA,0,NA,NA,0
82.221325,0.09,-1.45995,0.112,NA,NA,0,NA,NA,0,NA,NA,0,18.121,0.142,1,17.98,0.29,1,NA,NA,0,NA,NA,0,NA,NA,0
82.221687,0.613,-1.231823,0.575,17.975,0.376,1,18.64,0.386,1,NA,NA,0,18.097,0.119,3,17.682,0.268,3,NA,NA,0,NA,NA,0,NA,NA,0
82.221829,0.476,-1.651116,0.347,NA,NA,0,NA,NA,0,NA,NA,0,18.481,0.154,3,17.899,0.151,3,NA,NA,0,NA,NA,0,NA,NA,0
82.222486,0.408,-1.64054,0.274,16.738,0.076,5,17.431,0.12,5,NA,NA,0,17.094,0.13,6,16.415,0.088,6,16.198,0.146,4,NA,NA,0,NA,NA,0
82.222772,0.119,-1.626597,0.037,NA,NA,0,NA,NA,0,NA,NA,0,18.632,0.23,1,17.894,0.267,1,NA,NA,0,NA,NA,0,NA,NA,0
82.223497,0.407,-1.214957,0.311,15.094,0.099,10,15.885,0.127,10,NA,NA,0,15.479,0.178,10,14.778,0.055,10,14.615,0.135,10,13.835,0.203,1,NA,NA,0
82.223658,0.54,-1.339764,0.675,17.225,0.15,4,17.954,0.087,4,NA,NA,0,17.812,0.198,7,17.113,0.143,7,NA,NA,0,NA,NA,0,NA,NA,0
82.223999,0.68,-1.533924,0.544,17.609,0.252,4,17.916,0.116,4,NA,NA,0,17.743,0.141,6,17.37,0.194,6,NA,NA,0,NA,NA,0,NA,NA,0
82.224295,0.671,-1.366085,0.804,16.735,0.126,6,17.929,0.131,6,NA,NA,0,17.357,0.193,10,16.443,0.094,9,15.911,0.115,7,NA,NA,0,NA,NA,0
82.224468,0.48,-1.504567,0.252,14.283,0.113,6,15.516,0.124,6,NA,NA,0,14.892,0.148,6,13.816,0.034,6,13.489,0.163,6,13.313,0.205,3,NA,NA,0
82.224857,0.706,-1.220042,0.606,16.904,0.172,8,17.584,0.16,8,NA,NA,0,17.153,0.21,9,16.567,0.08,9,16.417,0.147,7,NA,NA,0,NA,NA,0
82.225043,0.368,-1.287346,0.368,14.354,0.082,10,15.684,0.162,10,NA,NA,0,15.078,0.266,9,13.796,0.052,9,13.318,0.113,9,12.937,0.038,3,NA,NA,0
82.225333,0.371,-1.196153,0.315,14.183,0.095,11,14.888,0.158,11,NA,NA,0,14.535,0.181,11,13.938,0.028,11,13.781,0.123,11,13.633,0.304,3,NA,NA,0
82.226525,0.661,-1.276691,0.675,16.73,0.139,7,17.442,0.144,7,NA,NA,0,17.086,0.165,7,16.394,0.116,7,16.038,0.1,5,NA,NA,0,NA,NA,0
82.227205,0.175,-1.685029,0.15,13.383,0.11,6,14.433,0.101,6,NA,NA,0,13.914,0.15,6,12.953,0.032,6,12.671,0.144,6,12.471,0.018,3,NA,NA,0
82.227644,0.252,-1.641444,0.176,15.786,0.106,6,16.792,0.154,6,NA,NA,0,16.252,0.183,6,15.402,0.024,6,15.175,0.155,6,NA,NA,0,NA,NA,0
82.228998,0.959,-1.554873,0.489,17.472,0.186,1,18.263,0.263,1,NA,NA,0,18.08,0.161,4,17.024,0.114,4,NA,NA,0,NA,NA,0,NA,NA,0
82.230036,0.582,-1.172172,1.235,18.14,0.334,2,18.234,0.334,2,NA,NA,0,17.957,0.123,1,17.556,0.223,1,NA,NA,0,NA,NA,0,NA,NA,0
82.230153,0.569,-1.476667,0.418,NA,NA,0,NA,NA,0,NA,NA,0,17.97,0.032,3,17.168,0.135,3,NA,NA,0,NA,NA,0,NA,NA,0
82.230737,0.496,-1.169585,0.47,NA,NA,0,NA,NA,0,NA,NA,0,18.229,0.142,2,17.31,0.028,2,NA,NA,0,NA,NA,0,NA,NA,0
82.23204,0.661,-1.366948,0.783,16.595,0.178,8,17.248,0.177,8,NA,NA,0,16.904,0.207,9,16.185,0.132,9,16.125,0.124,4,NA,NA,0,NA,NA,0
82.232159,0.606,-1.390825,0.949,16.637,0.128,7,17.536,0.159,7,NA,NA,0,17.121,0.221,7,16.357,0.091,7,16.014,0.148,4,NA,NA,0,NA,NA,0
82.232698,0.432,-1.358916,0.371,13.757,0.085,11,14.577,0.201,11,NA,NA,0,14.168,0.246,11,13.478,0.057,11,13.334,0.133,9,12.991,0.163,3,NA,NA,0
82.233569,0.396,-1.558561,0.209,16.047,0.114,6,17.224,0.214,6,NA,NA,0,16.688,0.193,6,15.503,0.047,6,15.169,0.129,6,NA,NA,0,NA,NA,0
82.233621,0.364,-1.482347,0.398,15.587,0.096,6,16.712,0.138,6,NA,NA,0,16.159,0.195,6,15.188,0.028,6,14.821,0.14,6,NA,NA,0,NA,NA,0
82.233748,0.824,-1.18609,0.875,17.184,0.161,6,17.902,0.265,6,NA,NA,0,17.686,0.209,9,16.908,0.159,9,16.612,0.207,3,NA,NA,0,NA,NA,0
82.2339,0.342,-1.537159,0.174,15.392,0.092,6,16.241,0.115,6,NA,NA,0,15.816,0.188,6,15.072,0.028,6,14.897,0.124,6,NA,NA,0,NA,NA,0
82.235697,0.458,-1.409769,0.589,16.181,0.089,8,17.114,0.21,8,NA,NA,0,16.69,0.188,9,15.864,0.082,9,15.606,0.136,7,NA,NA,0,NA,NA,0
82.237226,0.538,-1.177886,0.53,17.272,0.149,6,17.831,0.156,6,NA,NA,0,17.7,0.211,9,17.069,0.164,9,16.551,0.027,2,NA,NA,0,NA,NA,0
82.237422,0.264,-1.670497,0.216,15.753,0.12,6,17.295,0.104,6,NA,NA,0,16.482,0.129,6,15.09,0.036,6,14.268,0.14,6,NA,NA,0,NA,NA,0
82.237865,0.693,-1.223416,0.572,NA,NA,0,NA,NA,0,NA,NA,0,18.213,0.224,9,16.706,0.073,9,16.022,0.161,9,NA,NA,0,NA,NA,0
82.239977,0.248,-1.515293,0.184,16.492,0.115,6,17.273,0.072,6,NA,NA,0,16.929,0.19,6,16.258,0.057,6,16.037,0.066,5,NA,NA,0,NA,NA,0
82.24115,0.776,-1.428186,0.394,NA,NA,0,NA,NA,0,NA,NA,0,18.646,0.118,3,17.119,0.14,3,16.378,0.15,3,NA,NA,0,NA,NA,0
82.242638,0.5,-1.259346,0.498,15.778,0.097,10,16.582,0.168,10,NA,NA,0,16.191,0.173,9,15.553,0.071,9,15.454,0.183,9,NA,NA,0,NA,NA,0
82.244109,0.943,-1.150979,0.861,17.749,0.272,1,18.41,0.301,1,NA,NA,0,18.161,0.111,7,17.358,0.208,7,NA,NA,0,NA,NA,0,NA,NA,0
82.245289,0.57,-1.375955,0.486,15.57,0.127,9,16.644,0.165,9,NA,NA,0,16.115,0.173,10,15.146,0.08,10,14.845,0.133,8,NA,NA,0,NA,NA,0
82.245368,0.345,-1.522591,0.244,13.738,0.113,6,14.725,0.109,6,NA,NA,0,14.234,0.145,6,13.352,0.021,6,13.156,0.14,6,12.955,0.188,4,NA,NA,0
82.245809,0.427,-1.367244,0.398,13.836,0.088,10,14.823,0.143,10,NA,NA,0,14.32,0.193,10,13.477,0.057,10,13.25,0.152,8,13.063,0.043,3,NA,NA,0
82.246028,0.448,-1.472807,0.283,16.237,0.122,7,17.008,0.156,7,NA,NA,0,16.657,0.209,7,15.944,0.096,7,15.786,0.226,6,NA,NA,0,NA,NA,0
82.248211,0.641,-1.654679,0.309,16.777,0.123,6,17.614,0.09,6,NA,NA,0,17.225,0.074,6,16.535,0.077,6,16.064,0.164,6,NA,NA,0,NA,NA,0
82.249392,0.575,-1.198937,0.735,17.818,0.296,1,18.569,0.349,1,NA,NA,0,18.582,0.018,2,17.527,0.113,2,NA,NA,0,NA,NA,0,NA,NA,0
82.250029,0.716,-1.383525,0.387,NA,NA,0,NA,NA,0,NA,NA,0,18.092,0.081,4,17.266,0.161,4,NA,NA,0,NA,NA,0,NA,NA,0
82.250482,0.664,-1.405452,0.643,17.309,0.061,5,18.059,0.127,5,NA,NA,0,17.76,0.216,8,17.057,0.092,8,16.403,0.211,1,NA,NA,0,NA,NA,0
82.250729,0.34,-1.498687,0.573,NA,NA,0,NA,NA,0,NA,NA,0,18.438,0.058,2,17.32,0.054,2,NA,NA,0,NA,NA,0,NA,NA,0
82.251509,0.548,-1.296313,0.637,17.016,0.217,7,17.819,0.247,7,NA,NA,0,17.349,0.175,8,16.907,0.136,8,16.529,0.212,1,NA,NA,0,NA,NA,0
82.251945,0.127,-1.335607,0.422,NA,NA,0,NA,NA,0,NA,NA,0,18.149,0.16,1,17.838,0.271,1,NA,NA,0,NA,NA,0,NA,NA,0
82.25247,0.509,-1.466051,0.407,16.173,0.117,8,17.124,0.197,8,NA,NA,0,16.634,0.249,8,15.842,0.029,8,15.61,0.05,7,NA,NA,0,NA,NA,0
82.252963,0.351,-1.160324,1.278,NA,NA,0,NA,NA,0,NA,NA,0,18.527,0.207,1,17.627,0.253,1,NA,NA,0,NA,NA,0,NA,NA,0
82.25462,0.583,-1.634974,0.878,NA,NA,0,NA,NA,0,NA,NA,0,18.356,0.024,2,17.277,0.024,2,NA,NA,0,NA,NA,0,NA,NA,0
82.254895,0.369,-1.269168,0.336,14.43,0.095,11,15.282,0.154,11,NA,NA,0,14.852,0.205,9,14.128,0.053,9,13.909,0.149,9,13.596,0.088,2,NA,NA,0
82.255525,0.589,-1.406357,0.498,17.759,0.233,1,18.693,0.368,1,NA,NA,0,18.321,0.178,1,17.481,0.186,1,NA,NA,0,NA,NA,0,NA,NA,0
82.255557,0.592,-1.345092,0.491,16.13,0.116,8,17.018,0.127,8,NA,NA,0,16.576,0.159,9,15.82,0.063,9,15.736,0.332,7,NA,NA,0,NA,NA,0
82.25605,0.579,-1.628018,0.401,NA,NA,0,NA,NA,0,NA,NA,0,17.963,0.134,5,16.902,0.058,5,16.467,0.112,4,NA,NA,0,NA,NA,0
82.256883,0.586,-1.231536,0.829,16.405,0.095,9,17.385,0.15,9,NA,NA,0,16.906,0.239,10,16.049,0.093,10,15.711,0.15,10,NA,NA,0,NA,NA,0
82.257043,0.635,-1.290554,0.712,17.126,0.132,7,17.995,0.191,7,NA,NA,0,17.496,0.165,9,16.901,0.168,9,16.34,0.068,3,NA,NA,0,NA,NA,0
82.257223,0.631,-1.323515,0.736,16.517,0.162,8,17.288,0.167,8,NA,NA,0,16.853,0.142,10,16.158,0.067,10,15.903,0.209,8,NA,NA,0,NA,NA,0
82.259597,0.255,-1.246392,0.326,13.312,0.091,8,14.02,0.116,8,NA,NA,0,13.668,0.205,9,13.071,0.05,9,12.973,0.151,9,12.734,0.182,3,NA,NA,0
82.2603,0.442,-1.632007,0.212,NA,NA,0,NA,NA,0,NA,NA,0,17.988,0.154,6,16.603,0.059,6,15.372,0.308,6,NA,NA,0,NA,NA,0
82.260408,0.63,-1.373494,0.593,16.334,0.154,8,17.066,0.108,8,NA,NA,0,16.73,0.2,10,16.035,0.063,10,15.893,0.168,8,NA,NA,0,NA,NA,0
82.260722,0.404,-1.281769,0.447,15.728,0.085,10,16.383,0.155,10,NA,NA,0,16.066,0.166,8,15.491,0.076,8,15.423,0.254,8,NA,NA,0,NA,NA,0
82.260919,0.456,-1.538731,0.471,14.21,0.102,6,15.31,0.11,6,NA,NA,0,14.764,0.147,6,13.823,0.017,6,13.565,0.155,6,13.246,0.251,4,NA,NA,0
82.262922,0.619,-1.323976,0.658,16.072,0.093,9,17.138,0.184,9,NA,NA,0,16.657,0.249,10,15.592,0.069,10,15.361,0.235,8,NA,NA,0,NA,NA,0
82.263549,0.642,-1.380104,0.449,NA,NA,0,NA,NA,0,NA,NA,0,18.191,0.193,1,17.412,0.189,1,NA,NA,0,NA,NA,0,NA,NA,0
82.266145,0.491,-1.43253,0.616,14.942,0.097,9,15.699,0.177,9,NA,NA,0,15.348,0.231,9,14.676,0.064,9,14.496,0.143,9,NA,NA,0,NA,NA,0
82.267153,0.499,-1.559074,0.523,NA,NA,0,NA,NA,0,NA,NA,0,18.176,0.083,4,17.572,0.219,4,NA,NA,0,NA,NA,0,NA,NA,0
82.269293,0.274,-1.495909,0.206,15.651,0.096,6,16.457,0.078,6,NA,NA,0,16.017,0.138,6,15.338,0.039,6,15.16,0.123,6,NA,NA,0,NA,NA,0
82.269621,0.388,-1.395138,0.411,16.763,0.054,3,18.045,0.107,3,NA,NA,0,17.509,0.22,7,16.358,0.064,7,15.928,0.118,4,NA,NA,0,NA,NA,0
82.270159,0.553,-1.35389,0.655,16.537,0.092,9,17.305,0.146,9,NA,NA,0,16.91,0.181,9,16.204,0.072,9,16.14,0.189,6,NA,NA,0,NA,NA,0
82.270826,0.213,-1.682848,0.14,15.847,0.111,6,16.584,0.106,6,NA,NA,0,16.171,0.129,6,15.544,0.023,6,15.356,0.151,6,NA,NA,0,NA,NA,0
82.271528,0.59,-1.386986,0.54,16.167,0.138,7,17.231,0.165,7,NA,NA,0,16.763,0.243,8,15.798,0.043,8,15.457,0.077,6,NA,NA,0,NA,NA,0
82.272148,0.202,-1.650253,0.099,9.393,0.015,3,10.05,0.103,8,NA,NA,0,9.963,0.267,7,9.219,0.01,3,9.115,0.047,3,8.983,0.011,3,NA,NA,0
82.272155,0.707,-1.410465,0.685,NA,NA,0,NA,NA,0,NA,NA,0,18.198,0.113,2,17.662,0.079,2,NA,NA,0,NA,NA,0,NA,NA,0
82.272479,0.294,-1.600565,0.229,16.494,0.151,6,17.299,0.133,6,NA,NA,0,16.994,0.193,6,16.172,0.035,6,16.008,0.149,5,NA,NA,0,NA,NA,0
82.272536,0.27,-1.463907,0.246,16.743,0.098,1,18.205,0.26,1,NA,NA,0,17.643,0.184,8,16.07,0.142,8,15.076,0.164,8,NA,NA,0,NA,NA,0
82.274371,0.155,-1.473162,0.234,12.455,0.103,7,13.172,0.154,7,NA,NA,0,12.802,0.202,7,12.213,0.025,7,12.135,0.147,7,12.003,0.072,5,NA,NA,0
82.274527,0.265,-1.668584,0.314,16.881,0.149,5,17.676,0.238,5,NA,NA,0,17.713,0.175,1,16.338,0.12,1,NA,NA,0,NA,NA,0,NA,NA,0
82.274595,0.605,-1.34641,0.617,16.835,0.138,6,17.707,0.218,6,NA,NA,0,17.431,0.144,9,16.59,0.093,9,16.202,0.308,5,NA,NA,0,NA,NA,0
82.276209,0.434,-1.4584,0.432,16.04,0.071,7,16.881,0.135,7,NA,NA,0,16.44,0.201,9,15.706,0.064,9,15.52,0.208,9,NA,NA,0,NA,NA,0
82.276691,0.734,-1.40968,0.866,16.513,0.071,6,17.36,0.237,6,NA,NA,0,16.956,0.239,9,16.242,0.094,9,15.961,0.151,5,NA,NA,0,NA,NA,0
82.277621,0.278,-1.665266,0.207,14.544,0.085,6,15.098,0.075,6,NA,NA,0,14.893,0.191,2,14.285,0.002,2,14.328,0.128,2,NA,NA,0,NA,NA,0
82.279103,0.356,-1.357984,0.334,15.112,0.08,11,15.909,0.167,11,NA,NA,0,15.534,0.222,11,14.861,0.068,11,14.695,0.161,9,NA,NA,0,NA,NA,0
82.279158,0.267,-1.671486,0.256,16.736,0.121,6,17.75,0.133,6,NA,NA,0,17.216,0.209,6,16.345,0.086,6,16.043,0.073,5,NA,NA,0,NA,NA,0
82.279438,0.5,-1.182333,0.554,16.522,0.16,9,17.316,0.125,9,NA,NA,0,16.964,0.187,10,16.167,0.102,10,15.927,0.195,9,NA,NA,0,NA,NA,0
82.279785,0.417,-1.157374,0.648,16.1,0.153,10,17.123,0.097,10,NA,NA,0,16.578,0.16,11,15.686,0.06,11,15.451,0.215,11,NA,NA,0,NA,NA,0
82.28082,0.24,-1.552125,0.159,15.604,0.088,6,16.777,0.109,6,NA,NA,0,16.211,0.143,6,15.118,0.034,6,14.836,0.138,6,NA,NA,0,NA,NA,0
82.281702,0.372,-1.665025,0.272,14.507,0.112,6,15.292,0.109,6,NA,NA,0,14.989,0.218,2,14.192,0.004,2,14.146,0.215,2,NA,NA,0,NA,NA,0
82.283762,0.373,-1.450099,0.321,14.999,0.084,7,15.959,0.135,7,NA,NA,0,15.533,0.279,10,14.668,0.04,10,14.436,0.155,10,NA,NA,0,NA,NA,0
82.284159,0.343,-1.374357,0.402,15.845,0.129,8,16.891,0.138,8,NA,NA,0,16.39,0.177,9,15.382,0.058,9,15.121,0.165,7,NA,NA,0,NA,NA,0
82.284218,0.292,-1.477782,0.232,16.407,0.075,6,17.484,0.163,6,NA,NA,0,16.968,0.192,6,15.948,0.053,6,15.705,0.352,6,NA,NA,0,NA,NA,0
82.284584,0.236,-1.270421,0.226,13.575,0.087,11,14.323,0.161,11,NA,NA,0,13.971,0.21,9,13.318,0.065,9,13.169,0.141,9,12.883,0.09,3,NA,NA,0
82.285451,0.291,-1.544511,0.146,16.162,0.091,6,17.005,0.226,6,NA,NA,0,16.606,0.176,6,15.905,0.031,6,15.605,0.086,6,NA,NA,0,NA,NA,0
82.285697,0.572,-1.5482,0.39,17.316,0.115,4,17.907,0.059,4,NA,NA,0,17.516,0.114,6,16.969,0.106,6,NA,NA,0,NA,NA,0,NA,NA,0
82.286282,0.504,-1.624196,0.329,16.77,0.036,6,17.596,0.275,6,NA,NA,0,17.137,0.06,6,16.46,0.059,6,16.192,0.148,6,NA,NA,0,NA,NA,0
82.286335,0.325,-1.589551,0.182,15.964,0.07,6,16.984,0.11,6,NA,NA,0,16.486,0.121,6,15.582,0.04,6,15.275,0.14,6,NA,NA,0,NA,NA,0
82.28679,0.462,-1.427555,0.448,15.037,0.081,8,16.507,0.189,8,NA,NA,0,15.853,0.202,9,14.421,0.062,9,13.862,0.134,9,13.485,0.183,2,NA,NA,0
82.286921,0.313,-1.6732,0.151,16.107,0.078,6,17.204,0.177,6,NA,NA,0,16.695,0.214,6,15.723,0.027,6,15.471,0.195,6,NA,NA,0,NA,NA,0
82.287329,0.461,-1.284606,0.358,15.126,0.114,9,16.359,0.155,9,NA,NA,0,15.767,0.205,9,14.633,0.069,9,14.262,0.129,9,14.032,0.263,1,NA,NA,0
82.28758,0.19,-1.617378,0.191,15.623,0.097,6,16.305,0.112,6,NA,NA,0,15.939,0.147,6,15.312,0.047,6,15.119,0.194,6,NA,NA,0,NA,NA,0
82.287958,0.315,-1.203736,0.379,14.189,0.089,10,14.984,0.109,10,NA,NA,0,14.614,0.2,11,13.878,0.051,11,13.666,0.136,11,13.354,0.173,3,NA,NA,0
82.288182,0.273,-1.304035,0.392,14.865,0.088,11,15.748,0.18,11,NA,NA,0,15.306,0.211,11,14.542,0.053,11,14.367,0.147,9,NA,NA,0,NA,NA,0
82.288935,0.263,-1.46833,0.22,13.656,0.103,9,14.628,0.169,9,NA,NA,0,14.172,0.285,10,13.307,0.045,10,13.103,0.151,10,12.94,0.08,5,NA,NA,0
82.28991,0.579,-1.684345,0.352,17.029,0.185,5,17.889,0.168,5,NA,NA,0,17.45,0.177,6,16.741,0.079,6,16.472,0.104,4,NA,NA,0,NA,NA,0
82.290504,0.535,-1.418807,0.373,15.49,0.111,9,16.596,0.222,9,NA,NA,0,16.044,0.235,8,15.09,0.093,8,14.792,0.231,6,NA,NA,0,NA,NA,0
82.291592,0.37,-1.177954,0.321,15.761,0.105,9,16.769,0.12,9,NA,NA,0,16.283,0.127,10,15.307,0.03,10,14.978,0.132,10,NA,NA,0,NA,NA,0
82.291836,0.416,-1.236323,0.285,NA,NA,0,NA,NA,0,NA,NA,0,18.336,0.19,1,17.299,0.167,1,NA,NA,0,NA,NA,0,NA,NA,0
82.291905,0.517,-1.663608,0.3,16.749,0.08,6,17.796,0.231,6,NA,NA,0,17.311,0.237,6,16.521,0.075,6,16.251,0.241,5,NA,NA,0,NA,NA,0
82.292466,0.269,-1.572621,0.17,15.085,0.08,6,15.978,0.096,6,NA,NA,0,15.534,0.16,6,14.78,0.017,6,14.6,0.116,6,NA,NA,0,NA,NA,0
82.292928,0.549,-1.140501,0.554,16.906,0.062,7,17.523,0.212,7,NA,NA,0,17.325,0.169,9,16.72,0.092,9,16.423,0.182,5,NA,NA,0,NA,NA,0
82.294913,0.649,-1.291181,0.546,NA,NA,0,NA,NA,0,NA,NA,0,17.918,0.179,8,16.572,0.113,8,15.502,0.224,6,NA,NA,0,NA,NA,0
82.295041,0.317,-1.213815,0.673,NA,NA,0,NA,NA,0,NA,NA,0,18.817,0.026,3,17.627,0.085,3,NA,NA,0,NA,NA,0,NA,NA,0
82.297733,0.454,-1.152212,0.953,17.534,0.194,4,18.073,0.204,4,NA,NA,0,17.764,0.12,6,17.182,0.163,6,16.372,0.205,1,NA,NA,0,NA,NA,0
82.300014,0.269,-1.437239,0.119,NA,NA,0,NA,NA,0,NA,NA,0,18.34,0.183,1,17.271,0.162,1,NA,NA,0,NA,NA,0,NA,NA,0
82.300201,0.562,-1.278726,0.319,NA,NA,0,NA,NA,0,NA,NA,0,17.913,0.118,6,16.531,0.054,6,15.317,0.143,6,NA,NA,0,NA,NA,0
82.300696,0.45,-1.308757,0.486,17.181,0.244,7,17.804,0.141,7,NA,NA,0,17.524,0.161,8,16.892,0.175,8,NA,NA,0,NA,NA,0,NA,NA,0
82.300919,0.623,-1.657087,0.551,17.464,0.193,1,18.014,0.222,1,NA,NA,0,17.916,0.06,2,17.508,0.051,2,NA,NA,0,NA,NA,0,NA,NA,0
82.302165,0.443,-1.257522,0.443,15.958,0.087,9,16.999,0.102,9,NA,NA,0,16.458,0.203,8,15.561,0.05,8,15.323,0.172,8,NA,NA,0,NA,NA,0
82.302316,0.41,-1.440309,0.554,15.833,0.076,8,16.965,0.174,8,NA,NA,0,16.409,0.195,9,15.457,0.081,9,15.149,0.145,9,NA,NA,0,NA,NA,0
82.30394,0.679,-1.417735,0.43,NA,NA,0,NA,NA,0,NA,NA,0,18.063,0.071,5,17.437,0.21,5,16.562,0.233,1,NA,NA,0,NA,NA,0
82.304599,0.814,-1.282799,0.467,NA,NA,0,NA,NA,0,NA,NA,0,18.287,0.061,3,17.155,0.153,3,NA,NA,0,NA,NA,0,NA,NA,0
82.305114,0.089,-1.57589,0.108,11.202,0.105,6,11.549,0.103,6,NA,NA,0,11.35,0.155,6,11.123,0.014,6,11.221,0.147,6,11.104,0.046,3,NA,NA,0
82.305594,0.149,-1.183741,0.459,NA,NA,0,NA,NA,0,NA,NA,0,18.504,0.075,2,17.146,0.075,2,16.623,0.311,1,NA,NA,0,NA,NA,0
82.306788,0.432,-1.176312,0.515,16.526,0.074,8,17.726,0.151,8,NA,NA,0,17.246,0.228,9,16.006,0.095,9,15.617,0.132,9,NA,NA,0,NA,NA,0
82.306886,0.437,-1.31014,0.641,NA,NA,0,NA,NA,0,NA,NA,0,18.367,0.268,2,17.342,0.045,2,NA,NA,0,NA,NA,0,NA,NA,0
82.307963,0.654,-1.241588,0.651,17.049,0.182,6,18.028,0.335,6,NA,NA,0,17.606,0.275,8,16.631,0.05,8,16.135,0.216,5,NA,NA,0,NA,NA,0
82.308572,0.302,-1.156407,0.354,14.879,0.073,11,15.656,0.152,11,NA,NA,0,15.248,0.179,11,14.576,0.045,11,14.383,0.109,11,13.47,0.191,1,NA,NA,0
82.309122,0.717,-1.686185,0.323,NA,NA,0,NA,NA,0,NA,NA,0,18.086,0.103,3,17.418,0.15,3,NA,NA,0,NA,NA,0,NA,NA,0
82.309217,0.444,-1.178943,0.366,17.132,0.1,2,18.269,0.036,2,NA,NA,0,17.504,0.097,6,16.625,0.035,6,16.103,0.091,5,NA,NA,0,NA,NA,0
82.310273,0.381,-1.347914,0.552,NA,NA,0,NA,NA,0,NA,NA,0,17.86,0.201,7,16.505,0.212,7,15.531,0.09,5,NA,NA,0,NA,NA,0
82.311559,0.395,-1.340198,0.459,16.384,0.124,8,17.251,0.155,8,NA,NA,0,16.793,0.205,10,16.021,0.1,10,15.79,0.162,8,NA,NA,0,NA,NA,0
82.312587,0.238,-1.662477,0.17,15.58,0.094,6,16.944,0.111,6,NA,NA,0,16.281,0.15,6,15.062,0.017,6,14.738,0.222,6,NA,NA,0,NA,NA,0
82.312913,0.309,-1.298671,0.289,16.1,0.093,8,17.061,0.14,8,NA,NA,0,16.544,0.177,7,15.763,0.059,7,15.558,0.201,5,NA,NA,0,NA,NA,0
82.313134,0.45,-1.523649,0.248,14.968,0.108,6,16.147,0.161,6,NA,NA,0,15.537,0.127,6,14.57,0.038,6,14.225,0.156,6,14.039,0.322,1,NA,NA,0
82.313146,0.452,-1.483743,0.323,14.006,0.104,6,14.855,0.112,6,NA,NA,0,14.444,0.155,6,13.715,0.025,6,13.567,0.146,6,13.37,0.227,5,NA,NA,0
82.313236,0.665,-1.148855,0.473,NA,NA,0,NA,NA,0,NA,NA,0,18.278,0.196,2,17.602,0.011,2,16.997,0.416,1,NA,NA,0,NA,NA,0
82.313364,0.457,-1.400037,0.328,15.569,0.067,9,16.345,0.163,8,NA,NA,0,15.992,0.183,9,15.295,0.048,9,15.123,0.151,7,NA,NA,0,NA,NA,0
82.31349,0.423,-1.19221,0.303,NA,NA,0,NA,NA,0,NA,NA,0,18.469,0.171,4,17.307,0.202,4,16.527,0.165,3,NA,NA,0,NA,NA,0
82.314039,0.3,-1.233039,0.324,15.074,0.082,10,15.996,0.131,10,NA,NA,0,15.556,0.208,11,14.705,0.053,11,14.437,0.122,11,13.647,0.179,1,NA,NA,0
82.314435,0.212,-1.574033,0.193,13.492,0.097,6,14.196,0.113,6,NA,NA,0,13.847,0.16,6,13.232,0.016,6,13.087,0.153,6,12.836,0.244,3,NA,NA,0
82.315281,0.422,-1.302209,0.359,15.385,0.103,10,16.379,0.136,10,NA,NA,0,15.847,0.151,7,14.961,0.06,7,14.721,0.186,5,NA,NA,0,NA,NA,0
82.315483,0.697,-1.476045,0.43,NA,NA,0,NA,NA,0,NA,NA,0,18.119,0.114,4,17.24,0.101,4,NA,NA,0,NA,NA,0,NA,NA,0
82.315678,0.39,-1.539164,0.267,17.147,0.267,5,17.935,0.197,5,NA,NA,0,17.651,0.116,6,16.842,0.091,6,16.45,0.172,4,NA,NA,0,NA,NA,0
82.31656,0.174,-1.2519,0.18,12.843,0.1,9,14.119,0.176,9,NA,NA,0,13.5,0.198,9,12.358,0.059,9,11.985,0.147,9,11.666,0.008,3,NA,NA,0
82.316916,0.478,-1.259522,0.571,16.506,0.13,9,17.473,0.086,9,NA,NA,0,16.919,0.225,8,16.05,0.072,8,15.759,0.193,7,NA,NA,0,NA,NA,0
82.31757,0.201,-1.579995,0.13,14.938,0.098,6,15.654,0.12,6,NA,NA,0,15.289,0.153,6,14.684,0.03,6,14.589,0.13,6,NA,NA,0,NA,NA,0
82.317834,0.632,-1.446113,0.368,15.747,0.086,8,16.72,0.206,8,NA,NA,0,16.239,0.258,9,15.39,0.059,9,15.155,0.117,9,NA,NA,0,NA,NA,0
82.318715,0.455,-1.612705,0.295,NA,NA,0,NA,NA,0,NA,NA,0,18.329,0.201,2,17.386,0.071,2,NA,NA,0,NA,NA,0,NA,NA,0
82.31945,0.242,-1.651138,0.222,14.983,0.101,6,15.754,0.092,6,NA,NA,0,15.37,0.142,6,14.715,0.029,6,14.576,0.15,6,NA,NA,0,NA,NA,0
82.323142,0.531,-1.344592,0.411,16.26,0.36,8,16.902,0.445,8,NA,NA,0,16.603,0.444,10,15.915,0.228,10,15.754,0.159,7,NA,NA,0,NA,NA,0
82.323492,0.777,-1.551628,0.444,17.574,0.051,2,18.075,0.057,2,NA,NA,0,17.772,0.07,4,17.173,0.209,4,NA,NA,0,NA,NA,0,NA,NA,0
82.32358,0.481,-1.172231,0.474,16.903,0.117,8,17.738,0.229,8,NA,NA,0,17.35,0.162,9,16.693,0.152,9,16.45,0.24,7,NA,NA,0,NA,NA,0
82.324005,0.59,-1.151699,0.468,16.628,0.184,4,17.888,0.357,4,NA,NA,0,17.367,0.144,9,16.038,0.102,9,14.947,0.083,9,NA,NA,0,NA,NA,0
82.32473,0.684,-1.464907,0.539,NA,NA,0,NA,NA,0,NA,NA,0,18.202,0.08,3,17.576,0.196,3,NA,NA,0,NA,NA,0,NA,NA,0
82.325136,0.293,-1.293852,0.24,13.655,0.08,10,14.565,0.12,10,NA,NA,0,14.118,0.213,11,13.311,0.052,11,13.181,0.138,9,12.957,0.122,3,NA,NA,0
82.325997,0.447,-1.35967,0.34,15.952,0.098,9,16.962,0.175,9,NA,NA,0,16.456,0.223,10,15.482,0.077,10,15.203,0.22,8,NA,NA,0,NA,NA,0
82.327787,0.537,-1.134391,0.602,16.567,0.129,9,17.349,0.105,9,NA,NA,0,16.994,0.142,10,16.247,0.067,10,16.001,0.22,8,NA,NA,0,NA,NA,0
82.327885,0.27,-1.629636,0.189,15.45,0.081,6,16.5,0.092,6,NA,NA,0,15.981,0.162,6,15.109,0.027,6,14.879,0.146,6,NA,NA,0,NA,NA,0
82.328195,0.185,-1.310288,0.163,11.462,0.088,10,12.087,0.119,10,NA,NA,0,11.78,0.22,11,11.269,0.056,11,11.21,0.137,10,11.086,0.061,3,NA,NA,0
82.329237,0.365,-1.581377,0.233,16.473,0.187,6,17.406,0.166,6,NA,NA,0,16.956,0.139,6,16.221,0.029,6,16.028,0.108,6,NA,NA,0,NA,NA,0
82.329999,0.548,-1.649756,0.309,NA,NA,0,NA,NA,0,NA,NA,0,18.199,0.19,3,17.336,0.12,3,NA,NA,0,NA,NA,0,NA,NA,0
82.330603,0.372,-1.31978,0.487,16.592,0.073,6,17.688,0.224,6,NA,NA,0,17.152,0.152,8,16.089,0.131,7,15.884,0.154,6,NA,NA,0,NA,NA,0
82.331214,0.515,-1.182193,0.626,17.361,0.192,7,18.077,0.242,7,NA,NA,0,17.705,0.093,8,17.038,0.175,8,16.634,0.183,4,NA,NA,0,NA,NA,0
82.33129,0.131,-1.6882,0.14,12.921,0.104,6,14.078,0.1,6,NA,NA,0,13.512,0.151,6,12.488,0.009,6,12.149,0.14,6,11.848,0.029,3,NA,NA,0
82.331339,0.98,-1.596205,0.566,NA,NA,0,NA,NA,0,NA,NA,0,18.541,0.302,3,17.349,0.123,3,16.433,0.215,1,NA,NA,0,NA,NA,0
82.331364,0.512,-1.57521,0.434,17.158,0.176,4,18.162,0.23,4,NA,NA,0,17.703,0.334,6,16.779,0.147,6,16.284,0.072,2,NA,NA,0,NA,NA,0
82.331463,0.558,-1.666387,0.323,NA,NA,0,NA,NA,0,NA,NA,0,18.092,0.179,4,17.273,0.154,4,NA,NA,0,NA,NA,0,NA,NA,0
82.335786,0.56,-1.71064,0.451,17.359,0.139,5,18.236,0.449,5,NA,NA,0,17.61,0.126,6,16.981,0.187,6,16.375,0.01,3,NA,NA,0,NA,NA,0
82.336907,0.459,-1.50642,0.29,14.854,0.095,6,15.593,0.097,6,NA,NA,0,15.23,0.167,6,14.561,0.033,6,14.425,0.16,6,NA,NA,0,NA,NA,0
82.337307,0.366,-1.473623,0.338,16.818,0.099,4,17.988,0.071,4,NA,NA,0,17.601,0.247,6,16.374,0.074,6,16.071,0.179,6,NA,NA,0,NA,NA,0
82.337999,0.265,-1.414689,0.271,13.291,0.086,10,14.104,0.21,10,NA,NA,0,13.742,0.271,10,12.972,0.042,10,12.8,0.164,8,12.593,0.114,3,NA,NA,0
82.338861,0.424,-1.45286,0.378,NA,NA,0,NA,NA,0,NA,NA,0,18.248,0.091,4,17.387,0.119,4,16.909,0.319,1,NA,NA,0,NA,NA,0
82.339375,0.791,-1.641455,0.325,NA,NA,0,NA,NA,0,NA,NA,0,18.066,0.109,5,16.821,0.091,5,16.407,0.207,4,NA,NA,0,NA,NA,0
82.339582,0.478,-1.222576,0.403,15.118,0.111,10,16.437,0.123,10,NA,NA,0,15.833,0.17,11,14.47,0.071,11,13.701,0.15,11,12.954,0.213,3,NA,NA,0
82.342411,0.742,-1.165113,0.528,16.764,0.167,4,17.281,0.243,4,NA,NA,0,16.987,0.222,7,16.352,0.167,7,16.024,0.1,2,NA,NA,0,NA,NA,0
82.34258,0.374,-1.48523,0.459,16.701,0.076,4,18.104,0.243,4,NA,NA,0,17.594,0.29,6,16.129,0.07,6,15.311,0.137,6,NA,NA,0,NA,NA,0
82.343133,0.391,-1.210282,0.21,17.334,0.196,1,18.067,0.22,1,NA,NA,0,17.859,0.057,6,17.133,0.14,6,16.98,0.442,1,NA,NA,0,NA,NA,0
82.343608,0.33,-1.134991,0.547,17.174,0.179,6,17.835,0.15,6,NA,NA,0,17.48,0.068,7,16.844,0.155,7,16.487,0.112,3,NA,NA,0,NA,NA,0
82.344019,0.353,-1.556427,0.316,16.134,0.138,6,16.814,0.075,6,NA,NA,0,16.483,0.19,6,15.919,0.06,6,15.8,0.225,6,NA,NA,0,NA,NA,0
82.344376,0.358,-1.39608,0.485,NA,NA,0,NA,NA,0,NA,NA,0,18.178,0.077,2,17.189,0.082,2,NA,NA,0,NA,NA,0,NA,NA,0
82.344457,0.475,-1.155153,0.535,17.284,0.058,2,18.368,0.104,2,NA,NA,0,17.909,0.048,3,17.433,0.192,3,NA,NA,0,NA,NA,0,NA,NA,0
82.344557,0.123,-1.531631,0.121,10.902,0.083,10,11.554,0.107,6,NA,NA,0,11.219,0.154,6,10.705,0.018,10,10.633,0.119,10,10.506,0.051,4,NA,NA,0
82.345293,0.372,-1.239431,0.293,14.577,0.067,10,15.399,0.12,10,NA,NA,0,15.015,0.191,11,14.252,0.047,11,14.012,0.132,11,13.565,0.179,2,NA,NA,0
82.345884,0.232,-1.433287,0.244,12.129,0.083,10,12.695,0.205,10,NA,NA,0,12.441,0.269,10,11.962,0.042,10,11.933,0.137,10,11.827,0.094,5,NA,NA,0
82.346082,0.51,-1.568758,0.175,16.182,0.056,6,16.737,0.181,6,NA,NA,0,16.453,0.134,6,16.054,0.045,6,15.894,0.129,5,NA,NA,0,NA,NA,0
82.346941,0.543,-1.420925,0.427,15.232,0.321,8,16.287,0.482,8,NA,NA,0,15.84,0.447,9,14.595,0.246,9,13.998,0.213,7,13.27,0.151,1,NA,NA,0
82.34717,0.339,-1.520252,0.276,16.473,0.102,6,17.572,0.131,6,NA,NA,0,17.107,0.17,6,16.161,0.088,6,15.896,0.255,6,NA,NA,0,NA,NA,0
82.347258,0.221,-1.384526,0.245,12.452,0.093,10,14.021,0.21,10,NA,NA,0,13.287,0.253,10,11.829,0.049,10,11.327,0.167,8,10.906,0.028,3,NA,NA,0
82.347622,0.647,-1.163376,0.297,14.102,0.093,10,15.438,0.135,10,NA,NA,0,14.825,0.205,11,13.489,0.055,11,13,0.111,11,12.607,0.136,3,NA,NA,0
82.347741,0.236,-1.272933,0.187,13.714,0.094,10,14.522,0.119,10,NA,NA,0,14.158,0.209,9,13.395,0.05,9,13.183,0.16,9,13.012,0.148,3,NA,NA,0
82.350244,0.24,-1.547117,0.17,12.956,0.102,6,13.47,0.113,6,NA,NA,0,13.2,0.162,6,12.79,0.018,6,12.774,0.138,6,12.762,0.143,4,NA,NA,0
82.350914,0.21,-1.569771,0.3,14.784,0.095,6,15.727,0.096,6,NA,NA,0,15.236,0.148,6,14.427,0.028,6,14.221,0.161,6,NA,NA,0,NA,NA,0
82.351089,0.217,-1.391257,0.248,12.297,0.092,10,12.933,0.188,10,NA,NA,0,12.637,0.256,10,12.098,0.042,10,12.054,0.153,8,11.928,0.102,3,NA,NA,0
82.351781,0.416,-1.642377,0.324,16.602,0.127,6,17.939,0.236,6,NA,NA,0,17.294,0.135,6,16.158,0.052,6,15.732,0.172,6,NA,NA,0,NA,NA,0
82.352696,0.526,-1.707974,0.37,NA,NA,0,NA,NA,0,NA,NA,0,17.943,0.155,5,17.471,0.174,5,NA,NA,0,NA,NA,0,NA,NA,0
82.353427,0.34,-1.678905,0.414,14.978,0.097,6,16.439,0.136,6,NA,NA,0,15.75,0.156,6,14.352,0.017,6,13.79,0.133,6,13.903,0.084,2,NA,NA,0
82.354104,0.204,-1.347611,0.193,12.813,0.09,11,13.6,0.18,11,NA,NA,0,13.204,0.235,11,12.557,0.05,11,12.46,0.139,9,12.322,0.072,3,NA,NA,0
82.35414,0.93,-1.291889,0.57,17.881,0.28,2,18.187,0.177,2,NA,NA,0,18.066,0.129,5,17.713,0.116,5,NA,NA,0,NA,NA,0,NA,NA,0
82.357693,0.627,-1.632185,0.256,14.034,0.099,6,14.852,0.101,6,NA,NA,0,14.457,0.144,6,13.726,0.016,6,13.549,0.156,6,13.196,0.062,2,NA,NA,0
82.358006,0.302,-1.209143,0.415,15.947,0.087,9,16.868,0.163,9,NA,NA,0,16.426,0.156,10,15.647,0.095,10,15.365,0.175,10,NA,NA,0,NA,NA,0
82.358298,0.166,-1.234842,0.215,13.033,0.091,11,13.746,0.156,11,NA,NA,0,13.403,0.19,11,12.757,0.049,11,12.608,0.121,11,12.507,0.045,3,NA,NA,0
82.359887,0.378,-1.316067,0.294,15.268,0.084,11,16.11,0.141,11,NA,NA,0,15.71,0.164,10,14.955,0.084,10,14.76,0.197,8,NA,NA,0,NA,NA,0
82.359991,0.447,-1.566088,0.374,NA,NA,0,NA,NA,0,NA,NA,0,18.182,0.098,4,17.434,0.156,4,NA,NA,0,NA,NA,0,NA,NA,0
82.360084,0.52,-1.249557,0.478,17.885,0.266,1,18.387,0.312,1,NA,NA,0,17.906,0.1,5,17.427,0.118,5,NA,NA,0,NA,NA,0,NA,NA,0
82.360185,0.742,-1.513769,0.334,17.161,0.174,5,17.798,0.228,5,NA,NA,0,17.593,0.274,6,16.827,0.126,6,16.509,0.261,2,NA,NA,0,NA,NA,0
82.36032,0.739,-1.538984,0.253,17.103,0.146,1,18.225,0.29,1,NA,NA,0,17.625,0.076,5,16.99,0.137,5,16.547,0.124,2,NA,NA,0,NA,NA,0
82.361207,0.275,-1.134557,0.088,NA,NA,0,NA,NA,0,NA,NA,0,18.463,0.212,1,17.587,0.261,1,NA,NA,0,NA,NA,0,NA,NA,0
82.362107,0.457,-1.585124,0.273,NA,NA,0,NA,NA,0,NA,NA,0,18.046,0.073,5,17.371,0.305,5,16.582,0.229,1,NA,NA,0,NA,NA,0
82.364222,0.419,-1.598058,0.321,16.896,0.163,6,17.668,0.174,6,NA,NA,0,17.192,0.152,6,16.55,0.094,6,16.206,0.176,5,NA,NA,0,NA,NA,0
82.364305,0.041,-1.493192,0.2,NA,NA,0,NA,NA,0,NA,NA,0,18.468,0.232,1,17.576,0.215,1,16.123,0.167,1,NA,NA,0,NA,NA,0
82.364421,0.697,-1.284123,0.58,17.179,0.19,8,17.836,0.179,8,NA,NA,0,17.428,0.182,6,16.695,0.044,6,16.433,0.212,5,NA,NA,0,NA,NA,0
82.364573,0.306,-1.361085,0.453,15.489,0.091,9,16.371,0.145,9,NA,NA,0,15.951,0.19,10,15.149,0.062,10,14.999,0.24,8,NA,NA,0,NA,NA,0
82.365846,0.176,-1.2316,0.218,13.266,0.083,11,13.963,0.154,11,NA,NA,0,13.615,0.198,11,13.013,0.053,11,12.872,0.125,11,12.716,0.032,3,NA,NA,0
82.36627,0.358,-1.314011,0.337,15.472,0.111,10,16.425,0.109,10,NA,NA,0,15.98,0.24,11,15.109,0.05,11,14.883,0.197,9,NA,NA,0,NA,NA,0
82.368188,0.337,-1.170477,0.38,14.645,0.087,11,15.406,0.131,11,NA,NA,0,14.963,0.195,10,14.312,0.044,8,14.044,0.024,10,13.426,0.334,2,NA,NA,0
82.369717,0.461,-1.511723,0.454,NA,NA,0,NA,NA,0,NA,NA,0,18.417,0.163,3,17.131,0.062,3,NA,NA,0,NA,NA,0,NA,NA,0
82.370235,0.599,-1.165838,0.581,16.31,0.134,9,17.159,0.123,9,NA,NA,0,16.632,0.054,9,15.974,0.062,5,15.729,0.181,8,NA,NA,0,NA,NA,0
82.372208,0.605,-1.52011,0.35,16.333,0.176,6,17.162,0.127,6,NA,NA,0,16.709,0.157,6,15.965,0.038,6,15.736,0.267,6,NA,NA,0,NA,NA,0
82.372909,0.565,-1.44532,0.251,NA,NA,0,NA,NA,0,NA,NA,0,18.255,0.179,3,17.154,0.088,3,NA,NA,0,NA,NA,0,NA,NA,0
82.373194,0.46,-1.542646,0.325,16.649,0.01,3,17.75,0.244,3,NA,NA,0,16.923,0.003,2,16.474,0.072,2,15.898,0.132,1,NA,NA,0,NA,NA,0
82.373292,0.115,-1.667969,0.134,12.974,0.1,6,14.191,0.126,6,NA,NA,0,13.597,0.154,6,12.487,0.01,6,12.14,0.149,6,11.808,0.024,3,NA,NA,0
82.374042,0.619,-1.308991,0.454,NA,NA,0,NA,NA,0,NA,NA,0,18.093,0.155,5,17.067,0.056,5,16.831,0.304,1,NA,NA,0,NA,NA,0
82.374544,0.563,-1.594533,0.265,17.772,0.146,2,17.929,0.133,2,NA,NA,0,17.967,0.101,5,17.182,0.105,5,NA,NA,0,NA,NA,0,NA,NA,0
82.375057,0.458,-1.504206,0.297,16.917,0.089,6,17.677,0.277,6,NA,NA,0,17.242,0.195,6,16.63,0.082,6,16.345,0.091,5,NA,NA,0,NA,NA,0
82.375406,0.326,-1.245721,0.272,14.676,0.097,8,16.078,0.124,8,NA,NA,0,15.389,0.201,9,14.141,0.053,9,13.709,0.126,9,13.427,0.076,2,NA,NA,0
82.375408,0.666,-1.534911,0.368,17.111,0.215,4,17.891,0.111,4,NA,NA,0,17.588,0.2,6,16.567,0.124,6,16.24,0.079,5,NA,NA,0,NA,NA,0
82.375479,0.259,-1.456275,0.283,12.788,0.095,9,14.096,0.174,9,NA,NA,0,13.472,0.282,10,12.286,0.053,10,11.898,0.152,10,11.574,0.047,5,NA,NA,0
82.376505,0.737,-1.542746,0.297,14.899,0.121,6,16.094,0.153,6,NA,NA,0,15.506,0.154,6,14.438,0.014,6,13.91,0.162,6,13.295,0.044,2,NA,NA,0
82.37709,0.348,-1.363914,0.393,14.84,0.083,10,16.157,0.175,10,NA,NA,0,15.535,0.238,11,14.32,0.067,11,13.881,0.149,9,13.368,0.152,1,NA,NA,0
82.381108,0.466,-1.651388,0.421,NA,NA,0,NA,NA,0,NA,NA,0,18.183,0.087,5,17.148,0.14,5,16.519,0.182,3,NA,NA,0,NA,NA,0
82.381313,0.001,-1.311427,0.116,NA,NA,0,NA,NA,0,NA,NA,0,18.133,0.153,1,17.131,0.145,1,NA,NA,0,NA,NA,0,NA,NA,0
82.382257,0.214,-1.545428,0.522,NA,NA,0,NA,NA,0,NA,NA,0,17.77,0.13,1,16.787,0.117,1,NA,NA,0,NA,NA,0,NA,NA,0
82.382289,0.332,-1.24822,0.571,NA,NA,0,NA,NA,0,NA,NA,0,18.7,0.277,1,17.973,0.337,1,16.413,0.221,1,NA,NA,0,NA,NA,0
82.382895,0.367,-1.401292,0.445,15.354,0.101,8,16.484,0.161,8,NA,NA,0,15.904,0.184,8,14.923,0.047,8,14.674,0.164,6,13.764,0.216,1,NA,NA,0
82.383771,0.492,-1.297348,0.622,17.208,0.283,4,17.921,0.08,4,NA,NA,0,17.708,0.185,8,16.843,0.104,8,16.38,0.137,4,NA,NA,0,NA,NA,0
82.38381,0.395,-1.522603,0.843,16.464,0.155,6,17.344,0.147,6,NA,NA,0,16.909,0.202,6,16.077,0.057,6,15.852,0.154,5,NA,NA,0,NA,NA,0
82.383956,0.286,-1.315271,0.386,15.236,0.087,9,16.313,0.168,9,NA,NA,0,15.795,0.231,11,14.833,0.064,11,14.528,0.138,9,NA,NA,0,NA,NA,0
82.384888,0.037,-1.228354,0.364,NA,NA,0,NA,NA,0,NA,NA,0,19.38,0.498,1,17.41,0.249,1,NA,NA,0,NA,NA,0,NA,NA,0
82.384898,0.776,-1.546909,0.492,15.792,0.096,6,16.985,0.156,6,NA,NA,0,16.409,0.149,6,15.421,0.053,6,15.138,0.202,6,NA,NA,0,NA,NA,0
82.385379,0.247,-1.554861,0.117,15.271,0.11,6,16.368,0.068,6,NA,NA,0,15.821,0.154,6,14.911,0.046,6,14.671,0.18,6,NA,NA,0,NA,NA,0
82.386914,0.404,-1.657208,0.359,17.129,0.048,2,18.305,0.171,2,NA,NA,0,17.505,0.069,4,16.626,0.094,4,16.121,0.126,4,NA,NA,0,NA,NA,0
82.387239,0.395,-1.176262,0.361,14.57,0.017,6,15.58,0.158,6,NA,NA,0,15.031,0.022,4,14.253,0.012,4,13.988,0.032,1,13.666,0.203,1,NA,NA,0
82.387339,0.454,-1.135293,0.352,13.274,0.018,3,14.172,0.15,3,NA,NA,0,NA,NA,0,NA,NA,0,NA,NA,0,12.622,0.052,3,NA,NA,0
82.389065,0.42,-1.378087,0.373,15.662,0.106,9,16.439,0.143,9,NA,NA,0,16.058,0.214,10,15.315,0.073,10,14.961,0.131,8,NA,NA,0,NA,NA,0
82.389125,0.422,-1.188761,0.249,8.322,0.029,3,9.367,0.026,3,NA,NA,0,8.791,0.015,3,7.991,0.066,3,7.721,0.064,3,7.585,0.014,3,NA,NA,0
82.38947,0.319,-1.470504,0.308,16.118,0.13,7,16.887,0.154,7,NA,NA,0,16.577,0.207,8,15.834,0.086,8,15.655,0.198,8,NA,NA,0,NA,NA,0
82.389772,0.522,-1.531058,0.778,NA,NA,0,NA,NA,0,NA,NA,0,18.131,0.15,1,17.612,0.226,1,NA,NA,0,NA,NA,0,NA,NA,0
82.38981,0.518,-1.361026,0.565,17.406,0.069,2,17.915,0.198,2,NA,NA,0,17.768,0.255,7,16.989,0.103,7,16.824,0.29,1,NA,NA,0,NA,NA,0
82.389858,0.238,-1.637159,0.198,15.485,0.081,6,16.602,0.144,6,NA,NA,0,16.033,0.121,6,15.025,0.026,6,14.688,0.154,6,NA,NA,0,NA,NA,0
82.390037,0.732,-1.658623,0.277,NA,NA,0,NA,NA,0,NA,NA,0,17.874,0.046,3,16.764,0.068,3,16.026,0.153,1,NA,NA,0,NA,NA,0
82.390543,0.348,-1.542552,0.282,16.745,0.023,3,17.631,0.131,3,NA,NA,0,17.295,0.248,4,16.344,0.104,4,15.682,0.116,1,NA,NA,0,NA,NA,0
82.391406,0.577,-1.217521,0.499,16.964,0.129,8,17.558,0.112,8,NA,NA,0,17.269,0.119,9,16.723,0.122,9,16.489,0.179,4,NA,NA,0,NA,NA,0
82.391675,0.32,-1.538634,0.223,13.419,0.102,6,14.189,0.116,6,NA,NA,0,13.789,0.156,6,13.149,0.014,6,13.032,0.15,6,12.932,0.103,4,NA,NA,0
82.392803,0.161,-1.26528,0.165,9.788,0.216,4,10.926,0.183,10,NA,NA,0,10.396,0.199,9,9.175,0.103,3,8.79,0.078,3,8.55,0.02,3,NA,NA,0
82.394311,0.206,-1.656508,0.174,15.618,0.131,6,16.795,0.094,6,NA,NA,0,16.209,0.146,6,15.12,0.02,6,14.69,0.125,6,NA,NA,0,NA,NA,0
82.394863,0.622,-1.548269,0.24,17.408,0.046,2,17.896,0.107,2,NA,NA,0,17.734,0.082,5,17.144,0.06,5,16.358,0.248,1,NA,NA,0,NA,NA,0
82.395069,0.669,-1.356589,0.731,17.176,0.175,2,18.227,0.019,2,NA,NA,0,17.937,0.295,9,16.694,0.153,9,16.118,0.116,5,NA,NA,0,NA,NA,0
82.395371,0.496,-1.68277,0.346,17,0.367,5,17.902,0.201,5,NA,NA,0,17.552,0.15,6,16.72,0.077,6,16.219,0.094,4,NA,NA,0,NA,NA,0
82.397556,0.572,-1.34593,0.388,16.477,0.124,9,17.404,0.179,9,NA,NA,0,16.946,0.24,10,16.122,0.096,10,15.898,0.184,8,NA,NA,0,NA,NA,0
82.397668,0.254,-1.660848,0.2,14.376,0.116,6,15.597,0.097,6,NA,NA,0,15.014,0.144,6,13.853,0.037,6,13.441,0.129,6,12.977,0.142,3,NA,NA,0
82.398078,0.544,-1.399819,0.509,16.527,0.163,8,17.627,0.084,8,NA,NA,0,17.061,0.227,8,16.207,0.055,8,15.878,0.143,5,NA,NA,0,NA,NA,0
82.401566,0.619,-1.639749,0.369,16.788,0.133,6,17.925,0.29,6,NA,NA,0,17.279,0.153,5,16.33,0.104,5,15.876,0.083,4,NA,NA,0,NA,NA,0
82.401738,0.117,-1.604169,0.124,12.158,0.105,6,13.41,0.111,6,NA,NA,0,12.784,0.154,6,11.691,0.021,6,11.31,0.138,6,10.921,0.015,3,NA,NA,0
82.402297,0.379,-1.140561,0.565,15.923,0.065,8,17.027,0.103,8,NA,NA,0,16.481,0.103,9,15.582,0.077,9,15.267,0.069,9,NA,NA,0,NA,NA,0
82.402906,0.351,-1.699672,0.296,NA,NA,0,NA,NA,0,NA,NA,0,18.228,0.126,4,17.101,0.071,4,NA,NA,0,NA,NA,0,NA,NA,0
82.40338,0.274,-1.377266,0.328,13.889,0.087,11,15.314,0.201,11,NA,NA,0,14.611,0.249,11,13.348,0.068,11,12.905,0.156,9,12.549,0.043,3,NA,NA,0
82.403911,0.628,-1.641528,0.929,16.8,0.068,2,17.94,0.122,2,NA,NA,0,17.388,0.174,5,16.321,0.114,5,15.706,0.035,2,NA,NA,0,NA,NA,0
82.404008,0.38,-1.569304,0.383,NA,NA,0,NA,NA,0,NA,NA,0,18.01,0.13,5,17.209,0.202,5,NA,NA,0,NA,NA,0,NA,NA,0
82.404327,0.529,-1.192081,0.502,14.543,0.108,8,15.336,0.136,8,NA,NA,0,14.847,0.103,5,14.219,0.022,4,13.917,0.035,3,13.435,0.153,1,NA,NA,0
82.404392,0.579,-1.325862,0.714,16.934,0.121,1,17.806,0.174,1,NA,NA,0,17.712,0.243,9,16.446,0.111,9,16.036,0.156,7,NA,NA,0,NA,NA,0
82.404543,0.285,-1.186707,0.905,13.467,0.097,9,15.161,0.187,9,NA,NA,0,14.221,0.092,5,12.79,0.063,5,12.151,0.049,5,11.768,0.048,3,NA,NA,0
82.405114,0.387,-1.157725,0.255,14.409,0.049,9,15.541,0.088,9,NA,NA,0,14.986,0.163,10,13.98,0.05,10,13.548,0.047,10,13.438,0.185,2,NA,NA,0
82.405995,0.236,-1.596453,0.261,14.811,0.086,6,16.115,0.101,6,NA,NA,0,15.491,0.139,6,14.246,0.01,6,13.796,0.148,6,13.459,0.258,2,NA,NA,0
82.406601,0.428,-1.490706,0.259,13.921,0.108,6,14.612,0.117,6,NA,NA,0,14.253,0.15,6,13.673,0.024,6,13.524,0.175,5,13.219,0.021,4,NA,NA,0
82.407216,0.383,-1.474589,0.349,17.013,0.129,5,17.843,0.214,5,NA,NA,0,17.474,0.103,6,16.867,0.098,6,16.459,0.064,2,NA,NA,0,NA,NA,0
82.407547,0.412,-1.540433,0.236,16.665,0.105,6,17.302,0.232,6,NA,NA,0,16.935,0.194,6,16.421,0.116,6,16.249,0.122,5,NA,NA,0,NA,NA,0
82.40849,0.914,-1.606278,0.66,NA,NA,0,NA,NA,0,NA,NA,0,18.184,0.156,1,16.963,0.125,1,NA,NA,0,NA,NA,0,NA,NA,0
82.408821,0.565,-1.214489,0.493,17.364,0.189,4,17.954,0.083,4,NA,NA,0,17.663,0.131,8,17.064,0.108,8,16.603,0.263,1,NA,NA,0,NA,NA,0
82.409163,0.277,-1.337784,0.273,15.346,0.11,9,16.771,0.161,9,NA,NA,0,16.042,0.175,10,14.829,0.061,10,14.438,0.137,8,NA,NA,0,NA,NA,0
82.410453,0.414,-1.569007,0.323,16.66,0.095,6,17.588,0.128,6,NA,NA,0,17.104,0.136,6,16.295,0.076,6,16.034,0.135,5,NA,NA,0,NA,NA,0
82.410469,0.574,-1.388665,0.478,16.217,0.103,8,17.221,0.163,8,NA,NA,0,16.85,0.224,9,15.887,0.059,9,15.627,0.172,7,NA,NA,0,NA,NA,0
82.410897,0.705,-1.502888,0.533,17.208,0.181,6,17.849,0.164,6,NA,NA,0,17.59,0.138,6,16.844,0.045,6,16.363,0.017,2,NA,NA,0,NA,NA,0
82.410971,0.615,-1.549086,0.41,16.927,0.109,5,17.938,0.099,5,NA,NA,0,17.583,0.168,6,16.607,0.119,6,16.262,0.153,5,NA,NA,0,NA,NA,0
82.411693,0.457,-1.321604,0.409,NA,NA,0,NA,NA,0,NA,NA,0,18.27,0.252,5,16.736,0.134,5,15.683,0.074,3,NA,NA,0,NA,NA,0
82.412677,0.411,-1.479333,0.341,14.557,0.101,6,15.357,0.097,6,NA,NA,0,14.958,0.17,6,14.244,0.017,6,14.05,0.15,6,13.745,0.146,4,NA,NA,0
82.413127,0.185,-1.621566,0.192,13.701,0.106,6,15.095,0.11,6,NA,NA,0,14.459,0.183,5,13.097,0.029,5,12.613,0.154,5,12.154,0.05,3,NA,NA,0
82.413184,0.253,-1.16675,0.431,NA,NA,0,NA,NA,0,NA,NA,0,18.13,0.065,3,17.166,0.27,3,15.309,0.111,3,NA,NA,0,NA,NA,0
82.41375,0.439,-1.533864,0.352,16.713,0.152,4,18.159,0.152,4,NA,NA,0,17.576,0.163,6,16.039,0.04,6,15.041,0.09,6,NA,NA,0,NA,NA,0
82.413905,0.287,-1.28413,0.346,15.636,0.112,9,16.402,0.119,9,NA,NA,0,16.03,0.172,8,15.297,0.05,8,15.107,0.092,8,NA,NA,0,NA,NA,0
82.414485,0.21,-1.433256,0.258,12.62,0.097,9,14.002,0.17,9,NA,NA,0,13.344,0.208,9,12.109,0.064,9,11.68,0.152,9,11.288,0.056,5,NA,NA,0
82.415246,0.377,-1.528907,0.216,16.461,0.146,6,16.888,0.142,6,NA,NA,0,16.614,0.133,6,16.283,0.05,6,16.17,0.178,5,NA,NA,0,NA,NA,0
82.415617,0.479,-1.207868,0.556,16.406,0.158,9,17.231,0.117,9,NA,NA,0,16.8,0.197,10,16.069,0.066,10,15.683,0.123,9,NA,NA,0,NA,NA,0
82.415773,0.594,-1.568099,0.447,NA,NA,0,NA,NA,0,NA,NA,0,17.968,0.103,5,16.782,0.091,5,16.194,0.151,5,NA,NA,0,NA,NA,0
82.416046,0.46,-1.427021,0.528,NA,NA,0,NA,NA,0,NA,NA,0,17.855,0.072,5,16.834,0.145,5,16.022,0.178,1,NA,NA,0,NA,NA,0
82.418873,0.612,-1.290798,0.593,16.752,0.094,5,17.952,0.168,5,NA,NA,0,17.253,0.171,10,16.38,0.083,10,15.974,0.188,6,NA,NA,0,NA,NA,0
82.419236,0.178,-1.355048,0.214,13.142,0.087,11,13.997,0.169,11,NA,NA,0,13.587,0.238,11,12.818,0.055,11,12.615,0.135,9,12.286,0.212,3,NA,NA,0
82.419289,0.553,-1.62291,0.341,17.009,0.167,4,17.74,0.159,4,NA,NA,0,17.401,0.085,6,16.751,0.119,6,16.696,0.262,1,NA,NA,0,NA,NA,0
82.420924,0.231,-1.452717,0.371,NA,NA,0,NA,NA,0,NA,NA,0,18.487,0.187,2,17.601,0.084,2,NA,NA,0,NA,NA,0,NA,NA,0
82.421418,0.402,-1.630019,0.363,17.284,0.158,4,18.003,0.09,4,NA,NA,0,17.751,0.197,6,17.143,0.172,6,NA,NA,0,NA,NA,0,NA,NA,0
82.421598,0.524,-1.249249,0.484,16.16,0.101,8,17.287,0.108,8,NA,NA,0,16.675,0.14,9,15.761,0.051,9,15.359,0.114,9,NA,NA,0,NA,NA,0
82.424966,0.258,-1.530405,0.408,NA,NA,0,NA,NA,0,NA,NA,0,18.585,0.276,1,17.093,0.148,1,16.24,0.192,1,NA,NA,0,NA,NA,0
82.426434,0.602,-1.461383,0.331,16.98,0.118,3,18.047,0.224,3,NA,NA,0,17.569,0.157,7,16.8,0.194,7,16.494,0.172,6,NA,NA,0,NA,NA,0
82.427447,0.693,-1.444577,0.287,NA,NA,0,NA,NA,0,NA,NA,0,18.052,0.01,3,17.645,0.291,3,NA,NA,0,NA,NA,0,NA,NA,0
82.428,0.372,-1.255643,0.466,16.438,0.118,5,17.854,0.181,5,NA,NA,0,17.328,0.219,8,15.776,0.081,8,15.014,0.241,8,NA,NA,0,NA,NA,0
82.430803,0.272,-1.560312,0.334,13.918,0.102,6,14.576,0.114,6,NA,NA,0,14.246,0.152,6,13.686,0.023,6,13.567,0.147,6,13.225,0.142,3,NA,NA,0
82.430907,0.728,-1.593033,0.373,16.217,0.141,6,17.328,0.11,6,NA,NA,0,16.763,0.13,6,15.817,0.051,6,15.569,0.14,6,NA,NA,0,NA,NA,0
82.431211,0.52,-1.388228,0.557,16.534,0.173,7,17.502,0.161,7,NA,NA,0,17.036,0.196,8,16.088,0.068,8,15.864,0.202,6,NA,NA,0,NA,NA,0
82.432333,0.493,-1.283968,0.478,16.563,0.006,2,17.898,0.17,2,NA,NA,0,17.439,0.187,7,15.991,0.042,7,15.341,0.129,7,NA,NA,0,NA,NA,0
82.437489,0.257,-1.587524,0.134,15.798,0.117,6,16.748,0.188,6,NA,NA,0,16.276,0.161,6,15.452,0.03,6,15.144,0.191,6,NA,NA,0,NA,NA,0
82.438086,0.653,-1.428429,0.44,16.855,0.175,7,17.943,0.229,7,NA,NA,0,17.391,0.268,8,16.516,0.138,8,16.158,0.182,7,NA,NA,0,NA,NA,0
82.440714,0.508,-1.520797,0.422,17.222,0.331,3,17.748,0.092,3,NA,NA,0,17.621,0.232,5,17.12,0.127,5,16.746,0.285,1,NA,NA,0,NA,NA,0
82.442539,0.18,-1.168685,0.214,11.238,0.093,11,13.223,0.164,11,NA,NA,0,12.224,0.183,11,10.409,0.088,14,9.252,0.103,3,8.57,0.013,3,NA,NA,0
82.442583,0.377,-1.487666,0.451,NA,NA,0,NA,NA,0,NA,NA,0,18.129,0.141,2,17.647,0.05,2,NA,NA,0,NA,NA,0,NA,NA,0
82.442639,0.222,-1.280668,0.343,14.943,0.094,10,15.936,0.141,10,NA,NA,0,15.481,0.191,9,14.562,0.072,9,14.329,0.14,9,NA,NA,0,NA,NA,0
82.442749,0.451,-1.601315,0.236,16.519,0.12,6,17.33,0.171,6,NA,NA,0,16.898,0.192,6,16.23,0.092,6,15.949,0.122,5,NA,NA,0,NA,NA,0
82.444604,0.516,-1.267692,0.757,17.534,0.134,4,18.052,0.126,4,NA,NA,0,17.743,0.244,6,17.16,0.245,6,16.33,0.19,1,NA,NA,0,NA,NA,0
82.44465,0.478,-1.242294,0.467,NA,NA,0,NA,NA,0,NA,NA,0,18.572,0.265,1,18.378,0.61,1,NA,NA,0,NA,NA,0,NA,NA,0
82.445405,0.498,-1.297459,0.438,15.939,0.129,9,17.136,0.131,9,NA,NA,0,16.592,0.23,11,15.41,0.072,11,15.001,0.179,9,NA,NA,0,NA,NA,0
82.44668,0.125,-1.514742,0.118,11.665,0.101,6,12.075,0.103,6,NA,NA,0,11.839,0.156,6,11.556,0.019,6,11.598,0.135,6,11.524,0.066,4,NA,NA,0
82.448621,0.484,-1.686778,0.54,NA,NA,0,NA,NA,0,NA,NA,0,18.382,0.088,3,17.332,0.114,3,16.341,0.208,1,NA,NA,0,NA,NA,0
82.449124,0.443,-1.211578,0.455,15.902,0.087,9,17.2,0.162,9,NA,NA,0,16.599,0.223,11,15.38,0.065,11,14.887,0.08,11,NA,NA,0,NA,NA,0
82.449482,0.398,-1.404553,0.423,NA,NA,0,NA,NA,0,NA,NA,0,18.333,0.194,1,17.552,0.202,1,NA,NA,0,NA,NA,0,NA,NA,0
82.45138,0.444,-1.374192,0.264,NA,NA,0,NA,NA,0,NA,NA,0,18.535,0.225,1,16.976,0.126,1,NA,NA,0,NA,NA,0,NA,NA,0
82.451508,0.051,-1.291838,0.337,NA,NA,0,NA,NA,0,NA,NA,0,18.386,0.218,1,17.088,0.155,1,16.012,0.159,1,NA,NA,0,NA,NA,0
82.451603,0.605,-1.237136,0.652,16.505,0.116,9,17.513,0.191,9,NA,NA,0,17.102,0.235,10,16.15,0.073,10,15.778,0.222,9,NA,NA,0,NA,NA,0
82.452053,0.571,-1.413278,0.461,16.254,0.138,7,17.544,0.127,7,NA,NA,0,16.853,0.197,8,15.712,0.025,8,15.47,0.196,6,NA,NA,0,NA,NA,0
82.453571,0.591,-1.302725,0.844,16.728,0.106,7,17.554,0.121,7,NA,NA,0,17.172,0.208,9,16.391,0.138,9,16.183,0.191,6,NA,NA,0,NA,NA,0
82.453699,0.172,-1.657809,0.132,8.657,0.045,3,8.549,0.009,3,NA,NA,0,8.477,0.015,3,8.762,0.028,3,9.018,0.076,3,9.12,0.016,3,NA,NA,0
82.454057,0.743,-1.396992,0.304,NA,NA,0,NA,NA,0,NA,NA,0,18.443,0.197,4,17.486,0.068,4,NA,NA,0,NA,NA,0,NA,NA,0
82.455551,0.53,-1.556508,0.335,NA,NA,0,NA,NA,0,NA,NA,0,18.276,0.017,2,16.801,0.034,2,16.06,0.149,2,NA,NA,0,NA,NA,0
82.456596,0.564,-1.308503,0.483,16.828,0.139,6,17.672,0.159,6,NA,NA,0,17.414,0.269,9,16.526,0.158,9,16.089,0.106,6,NA,NA,0,NA,NA,0
82.457325,0.284,-1.683059,0.305,NA,NA,0,NA,NA,0,NA,NA,0,18.354,0.197,2,17.715,0.116,2,NA,NA,0,NA,NA,0,NA,NA,0
82.457935,0.256,-1.459143,0.226,13.652,0.125,9,14.769,0.227,9,NA,NA,0,14.239,0.314,9,13.231,0.051,9,12.944,0.161,9,12.7,0.163,5,NA,NA,0
82.458014,0.421,-1.200609,0.58,15.946,0.142,9,17.178,0.146,9,NA,NA,0,16.596,0.171,11,15.369,0.061,11,14.927,0.146,11,NA,NA,0,NA,NA,0
82.459263,0.589,-1.560839,0.395,16.73,0.108,6,17.648,0.214,6,NA,NA,0,17.248,0.157,6,16.483,0.074,6,16.247,0.207,5,NA,NA,0,NA,NA,0
82.459374,0.46,-1.188762,0.435,17.466,0.272,1,18.586,0.412,1,NA,NA,0,18.612,0.264,1,17.981,0.326,1,NA,NA,0,NA,NA,0,NA,NA,0
82.459735,0.592,-1.247152,0.491,NA,NA,0,NA,NA,0,NA,NA,0,17.833,0.075,5,16.877,0.106,5,16.353,0.016,3,NA,NA,0,NA,NA,0
82.460288,0.541,-1.532504,0.488,NA,NA,0,NA,NA,0,NA,NA,0,18.484,0.051,2,17.445,0.209,2,16.394,0.218,1,NA,NA,0,NA,NA,0
82.461478,0.653,-1.172915,0.71,16.661,0.178,9,17.785,0.187,9,NA,NA,0,17.131,0.14,10,16.229,0.059,10,15.859,0.155,10,NA,NA,0,NA,NA,0
82.462493,0.434,-1.656951,0.248,NA,NA,0,NA,NA,0,NA,NA,0,14.546,0.002,2,14.127,0.028,2,13.922,0.016,2,13.818,0.258,1,NA,NA,0
82.463095,0.867,-1.559694,0.228,NA,NA,0,NA,NA,0,NA,NA,0,17.828,0.14,3,17.155,0.024,3,NA,NA,0,NA,NA,0,NA,NA,0
82.464035,0.666,-1.24173,0.669,16.866,0.123,8,17.822,0.143,8,NA,NA,0,17.462,0.132,9,16.493,0.064,9,16.129,0.129,8,NA,NA,0,NA,NA,0
82.464373,0.439,-1.181372,0.421,16.312,0.133,9,17.567,0.164,9,NA,NA,0,16.925,0.169,9,15.672,0.061,9,15.286,0.148,9,NA,NA,0,NA,NA,0
82.464941,0.583,-1.623195,0.761,NA,NA,0,NA,NA,0,NA,NA,0,18.247,0.102,3,17.599,0.066,3,NA,NA,0,NA,NA,0,NA,NA,0
82.465246,0.425,-1.282776,0.402,16.948,0.042,3,17.575,0.14,3,NA,NA,0,17.234,0.037,3,16.492,0.138,3,15.972,0.139,1,NA,NA,0,NA,NA,0
82.46535,0.099,-1.369789,0.158,NA,NA,0,NA,NA,0,NA,NA,0,18.461,0.219,1,17.572,0.229,1,NA,NA,0,NA,NA,0,NA,NA,0
82.465488,0.24,-1.53624,0.103,15.649,0.113,6,16.679,0.117,6,NA,NA,0,16.123,0.15,6,15.354,0.025,6,15.143,0.148,6,NA,NA,0,NA,NA,0
82.46603,0.317,-1.164385,0.454,15.564,0.106,10,16.471,0.153,10,NA,NA,0,15.93,0.17,10,15.188,0.063,10,14.886,0.093,10,NA,NA,0,NA,NA,0
82.466319,0.337,-1.286739,0.516,15.712,0.1,9,16.493,0.111,9,NA,NA,0,16.11,0.191,9,15.422,0.052,9,15.166,0.181,9,NA,NA,0,NA,NA,0
82.466804,0.355,-1.433037,0.421,NA,NA,0,NA,NA,0,NA,NA,0,18.202,0.197,2,17.237,0.165,2,NA,NA,0,NA,NA,0,NA,NA,0
82.466944,0.408,-1.279851,0.575,15.027,0.098,11,15.941,0.159,11,NA,NA,0,15.508,0.232,9,14.684,0.066,9,14.421,0.136,9,NA,NA,0,NA,NA,0
82.467048,0.79,-1.297123,0.518,18.079,0.314,1,18.411,0.332,1,NA,NA,0,18.668,0.275,1,18.155,0.367,1,NA,NA,0,NA,NA,0,NA,NA,0
82.468875,0.829,-1.38573,0.844,14.416,0.131,10,15.281,0.152,10,NA,NA,0,14.948,0.208,9,14.065,0.105,9,13.805,0.141,7,13.696,0.026,2,NA,NA,0
82.470384,0.342,-1.387239,0.292,NA,NA,0,NA,NA,0,NA,NA,0,15.446,0.018,1,15,0.023,1,14.574,0.04,1,NA,NA,0,NA,NA,0
82.471272,0.266,-1.226267,0.078,NA,NA,0,NA,NA,0,NA,NA,0,19.004,0.379,1,17.796,0.37,1,NA,NA,0,NA,NA,0,NA,NA,0
82.471939,0.608,-1.617801,0.414,16.692,0.095,6,17.977,0.158,6,NA,NA,0,17.198,0.308,6,16.268,0.07,6,16.026,0.055,6,NA,NA,0,NA,NA,0
82.474975,0.464,-1.184818,0.497,17.478,0.172,5,18.032,0.132,5,NA,NA,0,17.71,0.1,7,16.996,0.147,7,16.472,0.219,1,NA,NA,0,NA,NA,0
82.475338,0.261,-1.468781,0.252,NA,NA,0,NA,NA,0,NA,NA,0,18.272,0.094,3,17.06,0.109,3,16.55,0.259,1,NA,NA,0,NA,NA,0
82.475395,0.454,-1.664846,0.291,16.868,0.095,3,18.163,0.242,3,NA,NA,0,17.464,0.052,5,16.557,0.062,5,16.158,0.094,5,NA,NA,0,NA,NA,0
82.475686,0.377,-1.465321,0.428,17.233,0.16,1,17.86,0.21,1,NA,NA,0,17.838,0.243,6,16.883,0.079,6,16.314,0.353,2,NA,NA,0,NA,NA,0
82.476117,0.312,-1.264167,0.432,NA,NA,0,NA,NA,0,NA,NA,0,18.373,0.128,4,17.43,0.057,4,16.542,0.216,2,NA,NA,0,NA,NA,0
82.476364,0.659,-1.330373,0.474,17.543,0.207,1,18.195,0.236,1,NA,NA,0,18.261,0.16,5,17.037,0.222,5,17.156,0.398,1,NA,NA,0,NA,NA,0
82.477377,0.581,-1.579659,0.269,17.221,0.104,6,17.709,0.065,6,NA,NA,0,17.42,0.271,6,16.906,0.136,6,16.397,0.054,2,NA,NA,0,NA,NA,0
82.478051,0.977,-1.632365,0.551,17.407,0.009,2,18.488,0.031,2,NA,NA,0,18.104,0.021,4,17.454,0.16,4,17.111,0.379,1,NA,NA,0,NA,NA,0
82.479782,0.24,-1.558749,0.192,14.727,0.091,6,15.09,0.098,6,NA,NA,0,14.895,0.159,6,14.65,0.04,6,14.74,0.132,6,NA,NA,0,NA,NA,0
82.480472,0.001,-1.601688,0.031,NA,NA,0,NA,NA,0,NA,NA,0,18.357,0.216,1,17.663,0.243,1,NA,NA,0,NA,NA,0,NA,NA,0
82.482115,0.367,-1.33628,0.398,NA,NA,0,NA,NA,0,NA,NA,0,18.54,0.232,1,17.41,0.179,1,16.268,0.183,1,NA,NA,0,NA,NA,0
82.484835,0.744,-1.2307,0.719,16.908,0.142,8,17.909,0.252,8,NA,NA,0,17.419,0.136,9,16.57,0.089,9,16.041,0.169,8,NA,NA,0,NA,NA,0
82.485873,0.286,-1.669547,0.191,15.911,0.118,6,17.046,0.079,6,NA,NA,0,16.441,0.105,6,15.492,0.023,6,15.14,0.182,6,NA,NA,0,NA,NA,0
82.486056,0.343,-1.502834,0.347,16.332,0.041,5,18.097,0.281,5,NA,NA,0,17.24,0.211,6,15.669,0.053,6,14.189,0.161,6,NA,NA,0,NA,NA,0
82.488575,0.133,-1.600938,0.164,13.071,0.104,6,13.862,0.105,6,NA,NA,0,13.458,0.148,6,12.81,0.014,6,12.655,0.148,6,12.472,0.092,3,NA,NA,0
82.489509,0.139,-1.46968,0.123,10.654,0.071,15,11.072,0.212,13,NA,NA,0,10.846,0.264,14,10.557,0.063,14,10.605,0.123,14,10.539,0.044,5,NA,NA,0
82.489995,0.426,-1.438771,0.47,16.042,0.129,8,16.927,0.131,8,NA,NA,0,16.502,0.207,9,15.697,0.076,9,15.468,0.218,9,NA,NA,0,NA,NA,0
82.491075,0.326,-1.339111,0.58,NA,NA,0,NA,NA,0,NA,NA,0,18.164,0.03,4,17.728,0.439,4,NA,NA,0,NA,NA,0,NA,NA,0
82.495755,0.712,-1.554007,0.381,NA,NA,0,NA,NA,0,NA,NA,0,17.881,0.104,5,17.025,0.118,5,16.469,0.035,2,NA,NA,0,NA,NA,0
82.495863,0.788,-1.19308,0.708,18.055,0.47,1,18.473,0.396,1,NA,NA,0,18.149,0.118,7,17.15,0.132,7,16.738,0.298,2,NA,NA,0,NA,NA,0
82.496358,0.301,-1.488027,0.118,12.704,0.112,6,13.649,0.11,6,NA,NA,0,13.182,0.153,6,12.364,0.014,6,12.186,0.143,6,11.93,0.053,5,NA,NA,0
82.497025,0.365,-1.643802,0.382,16.494,0.117,5,17.918,0.092,5,NA,NA,0,17.443,0.281,6,15.996,0.147,6,14.951,0.18,6,NA,NA,0,NA,NA,0
82.49761,0.486,-1.450999,0.604,17.479,0.098,2,18.22,0.005,2,NA,NA,0,17.768,0.244,6,17.106,0.123,6,NA,NA,0,NA,NA,0,NA,NA,0
82.497763,0.583,-1.35157,0.489,NA,NA,0,NA,NA,0,NA,NA,0,18.048,0.239,7,17.125,0.237,7,16.422,0.104,3,NA,NA,0,NA,NA,0
82.49819,0.607,-1.220813,0.649,17.263,0.238,1,18.034,0.261,1,NA,NA,0,17.964,0.13,6,16.706,0.078,6,15.827,0.083,6,NA,NA,0,NA,NA,0
82.499028,0.094,-1.590372,0.083,10.414,0.096,9,11.022,0.109,9,NA,NA,0,10.695,0.17,6,10.234,0.028,6,10.207,0.151,6,10.011,0.017,3,NA,NA,0
82.499279,0.467,-1.559824,0.59,16.787,0.095,5,18.01,0.076,5,NA,NA,0,17.469,0.388,6,16.233,0.043,6,15.872,0.168,6,NA,NA,0,NA,NA,0
82.499425,0.608,-1.623566,0.059,NA,NA,0,NA,NA,0,NA,NA,0,18.533,0.226,1,17.781,0.26,1,NA,NA,0,NA,NA,0,NA,NA,0
82.500207,0.337,-1.257029,0.413,15.289,0.089,10,16.459,0.116,10,NA,NA,0,15.908,0.207,10,14.791,0.069,10,14.479,0.146,10,13.105,0.219,1,NA,NA,0
82.501722,0.36,-1.368834,0.491,15.931,0.092,9,17.117,0.146,9,NA,NA,0,16.498,0.208,10,15.479,0.085,10,15.097,0.224,8,NA,NA,0,NA,NA,0
82.503277,0.699,-1.204193,0.827,16.816,0.175,6,17.76,0.168,6,NA,NA,0,17.407,0.186,9,16.535,0.145,9,16.062,0.169,9,NA,NA,0,NA,NA,0
82.504293,0.465,-1.518613,0.412,14.234,0.094,6,15.216,0.1,6,NA,NA,0,14.753,0.156,6,13.852,0.012,6,13.632,0.135,6,13.327,0.056,3,NA,NA,0
82.505359,0.474,-1.452937,0.401,16.879,0.157,6,17.876,0.135,6,NA,NA,0,17.395,0.24,7,16.441,0.121,7,16.032,0.117,6,NA,NA,0,NA,NA,0
82.507111,0.449,-1.533394,0.305,14.027,0.106,6,14.824,0.113,6,NA,NA,0,14.436,0.145,6,13.771,0.025,6,13.618,0.123,6,13.289,0.304,4,NA,NA,0
82.50844,0.391,-1.516392,0.306,14.393,0.095,6,15.217,0.128,6,NA,NA,0,14.826,0.148,6,14.098,0.015,6,13.917,0.162,6,13.348,0.303,3,NA,NA,0
82.509215,0.258,-1.275293,0.214,14.937,0.088,11,15.864,0.109,11,NA,NA,0,15.399,0.176,9,14.556,0.057,9,14.246,0.128,9,13.756,0.021,2,NA,NA,0
82.510756,0.587,-1.563496,0.137,NA,NA,0,NA,NA,0,NA,NA,0,18.148,0.163,1,17.771,0.253,1,NA,NA,0,NA,NA,0,NA,NA,0
82.511066,0.708,-1.317681,0.823,NA,NA,0,NA,NA,0,NA,NA,0,18.313,0.161,5,17.544,0.295,5,NA,NA,0,NA,NA,0,NA,NA,0
82.511951,0.215,-1.632264,0.182,15.909,0.107,6,16.801,0.144,6,NA,NA,0,16.312,0.153,6,15.564,0.055,6,15.345,0.133,6,NA,NA,0,NA,NA,0
82.512034,0.208,-1.50153,0.153,12.85,0.216,6,13.752,0.223,6,NA,NA,0,13.332,0.223,6,12.524,0.241,6,12.316,0.187,6,12.071,0.208,5,NA,NA,0
82.513555,0.788,-1.337901,0.867,NA,NA,0,NA,NA,0,NA,NA,0,18.344,0.203,6,17.178,0.127,6,16.671,0.083,2,NA,NA,0,NA,NA,0
82.513657,0.418,-1.645027,0.741,NA,NA,0,NA,NA,0,NA,NA,0,17.854,0.141,4,16.748,0.167,4,15.744,0.406,4,NA,NA,0,NA,NA,0
82.514882,0.655,-1.434797,0.433,16.716,0.047,4,18.099,0.226,4,NA,NA,0,17.305,0.124,7,16.075,0.067,7,15.562,0.16,7,NA,NA,0,NA,NA,0
82.515444,0.675,-1.479493,0.607,17.958,0.291,1,18.047,0.24,1,NA,NA,0,18.295,0.006,2,17.766,0.361,2,NA,NA,0,NA,NA,0,NA,NA,0
82.515547,0.609,-1.35428,0.669,16.805,0.161,8,18.183,0.166,8,NA,NA,0,17.485,0.21,9,16.305,0.082,9,15.804,0.155,7,NA,NA,0,NA,NA,0
82.520364,0.462,-1.405559,0.574,16.825,0.137,5,17.856,0.128,5,NA,NA,0,17.357,0.202,7,16.419,0.059,7,15.983,0.245,4,NA,NA,0,NA,NA,0
82.520469,0.196,-1.651911,0.147,13.306,0.097,6,14.694,0.117,6,NA,NA,0,13.987,0.149,6,12.79,0.024,6,12.373,0.141,6,11.994,0.034,3,NA,NA,0
82.520651,0.681,-1.276969,0.322,17.784,0.312,1,18.365,0.302,1,NA,NA,0,18.038,0.178,5,16.952,0.076,5,16.1,0.187,4,NA,NA,0,NA,NA,0
82.521642,0.31,-1.620598,0.271,16.118,0.086,6,16.809,0.185,6,NA,NA,0,16.472,0.18,6,15.895,0.071,6,15.705,0.15,6,NA,NA,0,NA,NA,0
82.522086,0.529,-1.272179,0.477,16.834,0.159,9,17.786,0.262,9,NA,NA,0,17.414,0.169,8,16.4,0.084,8,15.945,0.165,6,NA,NA,0,NA,NA,0
82.522295,0.501,-1.448453,0.365,17.827,0.122,3,18.076,0.085,3,NA,NA,0,17.81,0.072,5,17.161,0.034,5,16.526,0.269,1,NA,NA,0,NA,NA,0
82.523216,0.429,-1.279435,0.502,17.441,0.162,2,17.954,0.096,2,NA,NA,0,17.81,0.217,5,17.182,0.137,5,16.687,0.27,1,NA,NA,0,NA,NA,0
82.523682,0.455,-1.559128,0.245,17.059,0.175,6,17.729,0.177,6,NA,NA,0,17.48,0.251,6,16.89,0.091,6,16.872,0.305,1,NA,NA,0,NA,NA,0
82.525639,0.592,-1.533394,0.451,NA,NA,0,NA,NA,0,NA,NA,0,18.262,0.071,4,17.669,0.162,4,NA,NA,0,NA,NA,0,NA,NA,0
82.525786,0.714,-1.509279,0.673,17.793,0.275,1,18.322,0.327,1,NA,NA,0,18.252,0.147,4,17.249,0.186,4,16.469,0.151,2,NA,NA,0,NA,NA,0
82.525826,0.772,-1.217033,0.659,NA,NA,0,NA,NA,0,NA,NA,0,18.928,0.385,3,17.306,0.106,3,16.589,0.18,2,NA,NA,0,NA,NA,0
82.526476,0.759,-1.441729,0.482,NA,NA,0,NA,NA,0,NA,NA,0,17.928,0.091,5,17.017,0.159,5,16.493,0.262,1,NA,NA,0,NA,NA,0
82.527631,0.519,-1.613348,0.366,17.834,0.258,1,18.207,0.267,1,NA,NA,0,17.947,0.145,4,17.229,0.096,5,NA,NA,0,NA,NA,0,NA,NA,0
82.527693,0.677,-1.500835,0.513,17.423,0.181,1,18.006,0.226,1,NA,NA,0,18.163,0.057,5,17.203,0.222,5,16.737,0.01,2,NA,NA,0,NA,NA,0
82.527956,0.369,-1.51852,0.256,14.235,0.102,6,15.119,0.115,6,NA,NA,0,14.668,0.152,6,13.934,0.014,6,13.75,0.147,6,13.764,0.24,3,NA,NA,0
82.528062,0.286,-1.263197,0.483,NA,NA,0,NA,NA,0,NA,NA,0,18.558,0.067,2,17.508,0.023,2,16.038,0.068,2,NA,NA,0,NA,NA,0
82.528222,0.747,-1.30369,0.735,16.948,0.19,5,18.01,0.224,5,NA,NA,0,17.453,0.169,9,16.212,0.148,9,15.627,0.072,6,NA,NA,0,NA,NA,0
82.529051,0.364,-1.286474,0.419,16.002,0.079,10,17.501,0.139,10,NA,NA,0,16.708,0.167,9,15.469,0.065,9,14.956,0.157,9,NA,NA,0,NA,NA,0
82.529562,0.15,-1.464693,0.101,10.087,0.091,12,10.569,0.204,15,NA,NA,0,10.258,0.281,11,9.872,0.083,5,9.818,0.077,5,9.779,0.047,5,NA,NA,0
82.531778,0.299,-1.253092,0.331,15.405,0.097,9,16.408,0.119,9,NA,NA,0,15.896,0.164,9,14.967,0.056,9,14.63,0.141,9,NA,NA,0,NA,NA,0
82.533532,0.302,-1.4433,0.285,14.636,0.091,9,15.543,0.126,9,NA,NA,0,15.138,0.219,9,14.327,0.065,9,14.104,0.153,9,13.594,0.147,4,NA,NA,0
82.534224,0.536,-1.434209,0.38,17.497,0.202,1,18.156,0.256,1,NA,NA,0,18.122,0.21,6,17.084,0.097,6,16.347,0.146,3,NA,NA,0,NA,NA,0
82.534781,0.521,-1.241087,0.611,16.831,0.131,7,17.762,0.143,7,NA,NA,0,17.418,0.2,9,16.486,0.122,9,16.053,0.148,9,NA,NA,0,NA,NA,0
82.535713,0.54,-1.378055,0.604,16.058,0.114,9,17.318,0.155,9,NA,NA,0,16.735,0.243,11,15.7,0.089,11,15.324,0.183,9,NA,NA,0,NA,NA,0
82.535908,0.476,-1.516798,0.334,16.809,0.152,5,17.965,0.136,5,NA,NA,0,17.346,0.21,6,16.432,0.08,6,16.116,0.178,4,NA,NA,0,NA,NA,0
82.53837,0.241,-1.600176,0.224,15.204,0.087,6,16.036,0.091,6,NA,NA,0,15.613,0.146,6,14.915,0.029,6,14.743,0.174,6,NA,NA,0,NA,NA,0
82.540182,0.31,-1.60981,0.218,16.523,0.195,6,17.297,0.131,6,NA,NA,0,16.931,0.198,6,16.289,0.059,6,15.943,0.102,5,NA,NA,0,NA,NA,0
82.541315,0.453,-1.353176,0.524,16.957,0.181,7,17.877,0.244,7,NA,NA,0,17.457,0.273,8,16.562,0.071,8,16.126,0.155,5,NA,NA,0,NA,NA,0
82.541437,0.497,-1.31352,0.453,16.643,0.131,6,17.791,0.106,6,NA,NA,0,17.311,0.194,9,16.175,0.08,9,15.737,0.196,7,NA,NA,0,NA,NA,0
82.544187,0.605,-1.530703,0.239,16.943,0.021,2,18.109,0.228,2,NA,NA,0,17.705,0.104,4,16.627,0.099,4,16.484,0.356,3,NA,NA,0,NA,NA,0
82.548871,0.316,-1.285072,0.276,14.598,0.103,11,15.619,0.114,11,NA,NA,0,15.133,0.217,10,14.206,0.08,10,13.929,0.154,10,13.746,0.248,1,NA,NA,0
82.549217,0.511,-1.416542,0.664,16.342,0.145,7,17.346,0.165,7,NA,NA,0,16.878,0.21,9,16.021,0.072,9,15.758,0.159,7,NA,NA,0,NA,NA,0
82.549705,0.768,-1.301183,0.575,NA,NA,0,NA,NA,0,NA,NA,0,18.755,0.134,4,17.136,0.196,4,16.531,0.157,2,NA,NA,0,NA,NA,0
82.549797,0.586,-1.310675,0.525,16.787,0.158,7,17.718,0.179,7,NA,NA,0,17.361,0.167,9,16.221,0.101,9,15.798,0.166,7,NA,NA,0,NA,NA,0
82.550967,0.295,-1.362954,0.214,14.965,0.087,11,15.917,0.135,11,NA,NA,0,15.473,0.209,11,14.646,0.072,11,14.418,0.155,9,NA,NA,0,NA,NA,0
82.554458,0.442,-1.311601,0.393,16.118,0.141,9,17.338,0.167,9,NA,NA,0,16.734,0.241,10,15.631,0.046,10,15.166,0.194,8,NA,NA,0,NA,NA,0
82.55709,0.162,-1.612927,0.178,13.358,0.107,6,14.444,0.105,6,NA,NA,0,13.884,0.153,6,12.967,0.014,6,12.694,0.147,6,12.37,0.055,3,NA,NA,0
82.557184,0.159,-1.519476,0.124,10.178,0.078,10,10.413,0.091,10,NA,NA,0,10.24,0.14,7,10.133,0.038,7,10.263,0.122,7,10.196,0.071,4,NA,NA,0
82.559529,0.691,-1.34815,0.591,16.817,0.1,1,17.906,0.195,1,NA,NA,0,17.65,0.25,8,16.176,0.063,8,15.271,0.125,6,NA,NA,0,NA,NA,0
82.560392,0.489,-1.403414,0.604,16.782,0.075,5,17.898,0.158,5,NA,NA,0,17.324,0.08,7,16.473,0.045,7,16.197,0.113,4,NA,NA,0,NA,NA,0
82.561112,0.862,-1.26794,0.826,NA,NA,0,NA,NA,0,NA,NA,0,17.871,0.164,5,16.879,0.104,4,16.152,0.096,4,NA,NA,0,NA,NA,0
82.561315,0.317,-1.317521,0.349,NA,NA,0,NA,NA,0,NA,NA,0,18.309,0.197,4,17.14,0.137,4,NA,NA,0,NA,NA,0,NA,NA,0
82.564059,0.607,-1.367787,0.655,16.936,0.13,4,18.018,0.095,4,NA,NA,0,17.641,0.214,9,16.483,0.127,9,16.182,0.244,7,NA,NA,0,NA,NA,0
82.564555,0.681,-1.454827,0.414,17.517,0.151,3,18.144,0.12,3,NA,NA,0,18.064,0.351,5,17.37,0.082,5,NA,NA,0,NA,NA,0,NA,NA,0
82.564841,0.365,-1.2315,0.565,16.104,0.114,9,17.031,0.167,9,NA,NA,0,16.558,0.172,10,15.726,0.093,10,15.33,0.161,10,NA,NA,0,NA,NA,0
82.565625,0.224,-1.325332,0.377,15.639,0.116,10,16.569,0.081,10,NA,NA,0,16.145,0.164,10,15.282,0.069,10,14.968,0.151,8,NA,NA,0,NA,NA,0
82.565856,0.533,-1.277346,0.446,NA,NA,0,NA,NA,0,NA,NA,0,18.087,0.146,3,17.681,0.056,3,NA,NA,0,NA,NA,0,NA,NA,0
82.565926,0.403,-1.546908,0.271,16.091,0.121,6,17.047,0.179,6,NA,NA,0,16.546,0.195,6,15.777,0.05,6,15.459,0.05,5,NA,NA,0,NA,NA,0
82.567283,0.449,-1.550559,0.305,14.751,0.118,6,16.131,0.123,6,NA,NA,0,15.476,0.151,6,14.181,0.032,6,13.609,0.137,6,13.158,0.172,4,NA,NA,0
82.569072,1.73,-1.40058,1.067,16.914,0.202,4,18.002,0.064,4,NA,NA,0,17.591,0.196,4,16.508,0.143,4,15.829,0.133,1,NA,NA,0,NA,NA,0
82.570292,0.293,-1.411374,0.374,14.763,0.1,10,15.619,0.195,10,NA,NA,0,15.249,0.191,9,14.48,0.063,9,14.294,0.18,7,13.481,0.222,2,NA,NA,0
82.570381,0.641,-1.400106,0.541,NA,NA,0,NA,NA,0,NA,NA,0,17.771,0.156,1,16.621,0.142,1,NA,NA,0,NA,NA,0,NA,NA,0
82.574958,0.613,-1.288668,0.562,17.083,0.047,2,18.131,0.172,2,NA,NA,0,17.823,0.354,9,16.875,0.14,9,NA,NA,0,NA,NA,0,NA,NA,0
82.575818,0.381,-1.578287,0.278,NA,NA,0,NA,NA,0,NA,NA,0,18.064,0.093,4,17.355,0.091,4,NA,NA,0,NA,NA,0,NA,NA,0
82.575946,0.21,-1.37282,0.26,13.71,0.098,11,14.796,0.195,11,NA,NA,0,14.308,0.245,11,13.318,0.064,11,13.123,0.16,9,12.943,0.19,3,NA,NA,0
82.576306,0.359,-1.283344,0.3,16.451,0.017,2,17.767,0.122,2,NA,NA,0,17.285,0.214,6,15.98,0.089,6,15.512,0.235,6,NA,NA,0,NA,NA,0
82.576361,0.304,-1.434143,0.315,14.732,0.1,8,15.882,0.167,8,NA,NA,0,15.383,0.266,10,14.318,0.055,10,14.022,0.143,10,13.538,0.272,3,NA,NA,0
82.57698,0.455,-1.279809,0.632,16.049,0.11,8,17.065,0.16,8,NA,NA,0,16.625,0.192,6,15.71,0.067,6,15.413,0.167,6,NA,NA,0,NA,NA,0
82.577231,0.241,-1.345622,0.446,14.419,0.087,11,15.921,0.19,11,NA,NA,0,15.235,0.226,11,13.809,0.065,11,12.959,0.165,9,12.381,0.062,3,NA,NA,0
82.578092,0.611,-1.571666,0.096,NA,NA,0,NA,NA,0,NA,NA,0,18.431,0.178,1,17.614,0.213,1,NA,NA,0,NA,NA,0,NA,NA,0
82.578371,0.271,-1.586267,0.122,15.744,0.146,6,17.253,0.154,6,NA,NA,0,16.527,0.138,6,15.155,0.032,6,14.66,0.153,6,NA,NA,0,NA,NA,0
82.578493,0.343,-1.487487,0.495,NA,NA,0,NA,NA,0,NA,NA,0,18.195,0.185,5,17.339,0.139,5,16.517,0.24,1,NA,NA,0,NA,NA,0
82.579446,0.387,-1.427361,0.314,17.757,0.244,1,18.096,0.257,1,NA,NA,0,18.126,0.116,4,17.199,0.254,4,NA,NA,0,NA,NA,0,NA,NA,0
82.579548,0.19,-1.536154,0.237,NA,NA,0,NA,NA,0,NA,NA,0,18.528,0.102,2,17.884,0.3,2,NA,NA,0,NA,NA,0,NA,NA,0
82.583098,0.483,-1.500896,0.541,NA,NA,0,NA,NA,0,NA,NA,0,18.016,0.271,6,17.065,0.134,6,16.422,0.181,4,NA,NA,0,NA,NA,0
82.584547,0.234,-1.305267,0.28,14.017,0.078,11,15.028,0.162,11,NA,NA,0,14.569,0.214,11,13.65,0.057,11,13.403,0.154,9,13.112,0.038,3,NA,NA,0
82.591428,0.561,-1.285211,0.546,17.036,0.033,2,17.879,0.05,2,NA,NA,0,17.85,0.223,6,16.821,0.124,6,16.587,0.067,2,NA,NA,0,NA,NA,0
82.592195,0.147,-1.38056,0.159,9.97,0.146,6,11.098,0.235,8,NA,NA,0,10.581,0.27,6,9.413,0.103,3,9.051,0.086,3,8.81,0.031,3,NA,NA,0
82.592759,0.056,-1.324419,0.359,NA,NA,0,NA,NA,0,NA,NA,0,18.344,0.212,1,17.664,0.231,1,NA,NA,0,NA,NA,0,NA,NA,0
82.593571,0.549,-1.363695,0.262,17.522,0.239,1,18.246,0.295,1,NA,NA,0,17.982,0.051,6,17.026,0.182,6,16.447,0.253,1,NA,NA,0,NA,NA,0
82.594273,0.262,-1.54087,0.257,16.264,0.151,6,16.978,0.101,6,NA,NA,0,16.65,0.174,6,15.992,0.08,6,15.726,0.026,5,NA,NA,0,NA,NA,0
82.595044,0.734,-1.561772,0.643,17.431,0.159,2,18.102,0.139,2,NA,NA,0,17.964,0.202,5,17.271,0.149,5,16.398,0.205,1,NA,NA,0,NA,NA,0
82.595059,0.274,-1.569731,0.173,15.808,0.136,6,16.737,0.128,6,NA,NA,0,16.248,0.129,6,15.512,0.015,6,15.359,0.209,6,NA,NA,0,NA,NA,0
82.59538,0.413,-1.515853,0.401,14.876,0.093,6,15.591,0.097,6,NA,NA,0,15.233,0.159,6,14.628,0.025,6,14.5,0.112,6,13.732,0.244,1,NA,NA,0
82.596765,0.196,-1.411988,0.117,NA,NA,0,NA,NA,0,NA,NA,0,18.316,0.192,1,17.426,0.198,1,NA,NA,0,NA,NA,0,NA,NA,0
82.597747,0.531,-1.52358,0.277,13.968,0.108,6,14.697,0.118,6,NA,NA,0,14.33,0.145,6,13.699,0.016,6,13.546,0.141,6,13.38,0.127,2,NA,NA,0
82.597832,0.255,-1.494921,0.215,16.216,0.124,6,16.874,0.143,6,NA,NA,0,16.519,0.136,6,15.997,0.086,6,15.951,0.17,6,NA,NA,0,NA,NA,0
82.603639,0.189,-1.442945,0.386,NA,NA,0,NA,NA,0,NA,NA,0,18.269,0.042,2,17.54,0.064,2,NA,NA,0,NA,NA,0,NA,NA,0
82.605928,0.501,-1.404607,0.535,17.484,0.138,3,17.988,0.135,3,NA,NA,0,17.796,0.177,7,17.142,0.139,7,16.509,0.09,3,NA,NA,0,NA,NA,0
82.606332,0.484,-1.308421,0.477,16.178,0.116,9,17.28,0.145,9,NA,NA,0,16.787,0.203,10,15.7,0.091,10,15.446,0.206,8,NA,NA,0,NA,NA,0
82.607552,0.235,-1.32671,0.266,14.875,0.09,10,15.952,0.116,10,NA,NA,0,15.455,0.199,11,14.486,0.06,11,14.247,0.153,9,13.884,0.233,1,NA,NA,0
82.608009,0.45,-1.448891,0.329,18.114,0.324,1,18.301,0.291,1,NA,NA,0,18.206,0.089,4,17.215,0.309,4,NA,NA,0,NA,NA,0,NA,NA,0
82.608013,0.675,-1.494185,0.639,17.91,0.281,1,17.913,0.224,1,NA,NA,0,18.19,0.172,4,17.469,0.214,4,NA,NA,0,NA,NA,0,NA,NA,0
82.608024,0.481,-1.37246,0.654,16.563,0.098,9,17.525,0.152,9,NA,NA,0,17.017,0.161,10,16.248,0.151,10,16.001,0.147,8,NA,NA,0,NA,NA,0
82.608363,0.219,-1.46814,0.276,15.163,0.082,9,15.976,0.146,8,NA,NA,0,15.576,0.228,9,14.885,0.049,9,14.712,0.152,9,NA,NA,0,NA,NA,0
82.613209,0.652,-1.406581,0.384,17.691,0.023,3,17.915,0.148,3,NA,NA,0,17.979,0.064,4,17.762,0.354,4,NA,NA,0,NA,NA,0,NA,NA,0
82.613252,0.589,-1.312812,0.606,16.98,0.155,8,17.443,0.212,8,NA,NA,0,17.21,0.175,8,16.916,0.151,8,16.823,0.31,1,NA,NA,0,NA,NA,0
82.614725,0.562,-1.524407,0.417,17.19,0.067,2,18.209,0.3,2,NA,NA,0,17.775,0.247,6,16.834,0.108,6,16.328,0.127,4,NA,NA,0,NA,NA,0
82.616256,0.618,-1.334546,0.663,17.175,0.254,4,18.092,0.15,4,NA,NA,0,17.668,0.186,9,17.007,0.126,9,16.413,0.06,2,NA,NA,0,NA,NA,0
82.623308,0.334,-1.450656,0.299,15.722,0.09,8,16.561,0.172,8,NA,NA,0,16.162,0.199,9,15.393,0.075,9,15.125,0.132,9,NA,NA,0,NA,NA,0
82.626412,0.252,-1.347988,0.291,15.113,0.11,10,16.29,0.117,10,NA,NA,0,15.734,0.226,11,14.691,0.058,11,14.311,0.142,9,NA,NA,0,NA,NA,0
82.628831,0.735,-1.408867,0.231,NA,NA,0,NA,NA,0,NA,NA,0,18.458,0.208,2,17.634,0.093,2,NA,NA,0,NA,NA,0,NA,NA,0
82.631476,0.287,-1.443543,0.389,NA,NA,0,NA,NA,0,NA,NA,0,18.43,0.368,2,17.687,0.183,2,NA,NA,0,NA,NA,0,NA,NA,0
