       0.8357882706993753
       0.8361632050489058
       0.8365381397469496
       0.8369130747935078
       0.8372880101885802
       0.8376629459321667
       0.8380378820242678
       0.8384128184648825
       0.8387877552540122
       0.8391626923916555
       0.8395376298778130
       0.8399125677124855
       0.8402875058956711
       0.8406624444273714
       0.8410373833075857
       0.8414123225363146
       0.8417872621135576
       0.8421622020393147
       0.8425371423135855
       0.8429120829363712
       0.8432870239076706
       0.8436619652274846
       0.8440369068958127
       0.8444118489126553
       0.8447867912780120
       0.8451617339918824
       0.8455366770542674
       0.8459116204651664
       0.8462865642245800
       0.8466615083325073
       0.8470364527889487
       0.8474113975939046
       0.8477863427473751
       0.8481612882493592
       0.8485362340998579
       0.8489111802988707
       0.8492861268463976
       0.8496610737424386
       0.8500360209869942
       0.8504109685800638
       0.8507859165216476
       0.8511608648117455
       0.8515358134503579
       0.8519107624374840
       0.8522857117731246
       0.8526606614572794
       0.8530356114899487
       0.8534105618711316
       0.8537855126008282
       0.8541604636790403
       0.8545354151057665
       0.8549103668810059
       0.8552853190047602
       0.8556602714770287
       0.8560352242978113
       0.8564101774671085
       0.8567851309849188
       0.8571600848512442
       0.8575350390660836
       0.8579099936294372
       0.8582849485413053
       0.8586599038016871
       0.8590348594105834
       0.8594098153679939
       0.8597847716739184
       0.8601597283283571
       0.8605346853313103
       0.8609096426827771
       0.8612846003827586
       0.8616595584312541
       0.8620345168282637
       0.8624094755737879
       0.8627844346678262
       0.8631593941103786
       0.8635343539014455
       0.8639093140410257
       0.8642842745291213
       0.8646592353657301
       0.8650341965508539
       0.8654091580844914
       0.8657841199666434
       0.8661590821973095
       0.8665340447764898
       0.8669090077041841
       0.8672839709803926
       0.8676589346051156
       0.8680338985783527
       0.8684088629001039
       0.8687838275703692
       0.8691587925891491
       0.8695337579564426
       0.8699087236722511
       0.8702836897365733
       0.8706586561494096
       0.8710336229107600
       0.8714085900206250
       0.8717835574790040
       0.8721585252858977
       0.8725334934413049
       0.8729084619452272
       0.8732834307976627
       0.8736583999986127
       0.8740333695480769
       0.8744083394460556
       0.8747833096925484
       0.8751582802875553
       0.8755332512310758
       0.8759082225231118
       0.8762831941636611
       0.8766581661527244
       0.8770331384903023
       0.8774081111763947
       0.8777830842110013
       0.8781580575941215
       0.8785330313257562
       0.8789080054059051
       0.8792829798345685
       0.8796579546117456
       0.8800329297374372
       0.8804079052116429
       0.8807828810343628
       0.8811578572055971
       0.8815328337253452
       0.8819078105936082
       0.8822827878103849
       0.8826577653756753
       0.8830327432894807
       0.8834077215517997
       0.8837827001626337
       0.8841576791219814
       0.8845326584298436
       0.8849076380862200
       0.8852826180911100
       0.8856575984445150
       0.8860325791464336
       0.8864075601968664
       0.8867825415958133
       0.8871575233432747
       0.8875325054392507
       0.8879074878837403
       0.8882824706767445
       0.8886574538182628
       0.8890324373082947
       0.8894074211468412
       0.8897824053339023
       0.8901573898694775
       0.8905323747535667
       0.8909073599861697
       0.8912823455672871
       0.8916573314969192
       0.8920323177750653
       0.8924073044017256
       0.8927822913769003
       0.8931572787005884
       0.8935322663727918
       0.8939072543935085
       0.8942822427627397
       0.8946572314804850
       0.8950322205467445
       0.8954072099615185
       0.8957821997248065
       0.8961571898366087
       0.8965321802969251
       0.8969071711057555
       0.8972821622631009
       0.8976571537689599
       0.8980321456233327
       0.8984071378262204
       0.8987821303776222
       0.8991571232775377
       0.8995321165259678
       0.8999071101229119
       0.9002821040683706
       0.9006570983623434
       0.9010320930048303
       0.9014070879958314
       0.9017820833353469
       0.9021570790233757
       0.9025320750599199
       0.9029070714449778
       0.9032820681785494
       0.9036570652606359
       0.9040320626912366
       0.9044070604703514
       0.9047820585979802
       0.9051570570741236
       0.9055320558987803
       0.9059070550719519
       0.9062820545936376
       0.9066570544638375
       0.9070320546825519
       0.9074070552497799
       0.9077820561655221
       0.9081570574297797
       0.9085320590425501
       0.9089070610038354
       0.9092820633136345
       0.9096570659719481
       0.9100320689787758
       0.9104070723341176
       0.9107820760379739
       0.9111570800903444
       0.9115320844912285
       0.9119070892406276
       0.9122820943385404
       0.9126570997849672
       0.9130321055799087
       0.9134071117233646
       0.9137821182153343
       0.9141571250558185
       0.9145321322448159
       0.9149071397823287
       0.9152821476683553
       0.9156571559028959
       0.9160321644859506
       0.9164071734175203
       0.9167821826976033
       0.9171571923262007
       0.9175322023033132
       0.9179072126289389
       0.9182822233030787
       0.9186572343257331
       0.9190322456969025
       0.9194072574165850
       0.9197822694847813
       0.9201572819014929
       0.9205322946667187
       0.9209073077804577
       0.9212823212427117
       0.9216573350534798
       0.9220323492127620
       0.9224073637205583
       0.9227823785768687
       0.9231573937816937
       0.9235324093350332
       0.9239074252368855
       0.9242824414872532
       0.9246574580861351
       0.9250324750335310
       0.9254074923294411
       0.9257825099738652
       0.9261575279668035
       0.9265325463082559
       0.9269075649982228
       0.9272825840367043
       0.9276576034236994
       0.9280326231592086
       0.9284076432432324
       0.9287826636757703
       0.9291576844568223
       0.9295327055863885
       0.9299077270644687
       0.9302827488910634
       0.9306577710661728
       0.9310327935897953
       0.9314078164619328
       0.9317828396825845
       0.9321578632517498
       0.9325328871694296
       0.9329079114356236
       0.9332829360503325
       0.9336579610135547
       0.9340329863252910
       0.9344080119855422
       0.9347830379943076
       0.9351580643515862
       0.9355330910573798
       0.9359081181116875
       0.9362831455145098
       0.9366581732658457
       0.9370332013656957
       0.9374082298140602
       0.9377832586109389
       0.9381582877563321
       0.9385333172502390
       0.9389083470926609
       0.9392833772835960
       0.9396584078230457
       0.9400334387110094
       0.9404084699474877
       0.9407835015324801
       0.9411585334659867
       0.9415335657480073
       0.9419085983785425
       0.9422836313575913
       0.9426586646851547
       0.9430336983612322
       0.9434087323858238
       0.9437837667589299
       0.9441588014805502
       0.9445338365506846
       0.9449088719693330
       0.9452839077364956
       0.9456589438521728
       0.9460339803163640
       0.9464090171290693
       0.9467840542902888
       0.9471590918000228
       0.9475341296582704
       0.9479091678650331
       0.9482842064203090
       0.9486592453240994
       0.9490342845764044
       0.9494093241772235
       0.9497843641265562
       0.9501594044244039
       0.9505344450707653
       0.9509094860656413
       0.9512845274090314
       0.9516595691009351
       0.9520346111413542
       0.9524096535302862
       0.9527846962677335
       0.9531597393536941
       0.9535347827881697
       0.9539098265711585
       0.9542848707026623
       0.9546599151826802
       0.9550349600112127
       0.9554100051882588
       0.9557850507138190
       0.9561600965878938
       0.9565351428104827
       0.9569101893815857
       0.9572852363012028
       0.9576602835693344
       0.9580353311859802
       0.9584103791511396
       0.9587854274648135
       0.9591604761270016
       0.9595355251377047
       0.9599105744969210
       0.9602856242046518
       0.9606606742608967
       0.9610357246656562
       0.9614107754189298
       0.9617858265207175
       0.9621608779710193
       0.9625359297698353
       0.9629109819171653
       0.9632860344130103
       0.9636610872573685
       0.9640361404502413
       0.9644111939916287
       0.9647862478815301
       0.9651613021199452
       0.9655363567068749
       0.9659114116423186
       0.9662864669262770
       0.9666615225587494
       0.9670365785397355
       0.9674116348692365
       0.9677866915472517
       0.9681617485737801
       0.9685368059488235
       0.9689118636723810
       0.9692869217444531
       0.9696619801650388
       0.9700370389341386
       0.9704120980517530
       0.9707871575178819
       0.9711622173325245
       0.9715372774956812
       0.9719123380073529
       0.9722873988675378
       0.9726624600762372
       0.9730375216334508
       0.9734125835391794
       0.9737876457934211
       0.9741627083961775
       0.9745377713474479
       0.9749128346472329
       0.9752878982955315
       0.9756629622923447
       0.9760380266376720
       0.9764130913315139
       0.9767881563738694
       0.9771632217647395
       0.9775382875041232
       0.9779133535920224
       0.9782884200284343
       0.9786634868133612
       0.9790385539468023
       0.9794136214287574
       0.9797886892592271
       0.9801637574382105
       0.9805388259657084
       0.9809138948417200
       0.9812889640662461
       0.9816640336392868
       0.9820391035608411
       0.9824141738309100
       0.9827892444494930
       0.9831643154165901
       0.9835393867322022
       0.9839144583963275
       0.9842895304089669
       0.9846646027701209
       0.9850396754797899
       0.9854147485379716
       0.9857898219446679
       0.9861648956998792
       0.9865399698036046
       0.9869150442558432
       0.9872901190565964
       0.9876651942058650
       0.9880402697036463
       0.9884153455499423
       0.9887904217447523
       0.9891654982880769
       0.9895405751799156
       0.9899156524202684
       0.9902907300091353
       0.9906658079465172
       0.9910408862324123
       0.9914159648668219
       0.9917910438497457
       0.9921661231811836
       0.9925412028611360
       0.9929162828896021
       0.9932913632665836
       0.9936664439920784
       0.9940415250660872
       0.9944166064886106
       0.9947916882596477
       0.9951667703791993
       0.9955418528472655
       0.9959169356638453
       0.9962920188289397
       0.9966671023425482
       0.9970421862046712
       0.9974172704153079
       0.9977923549744587
       0.9981674398821236
       0.9985425251383035
       0.9989176107429971
       0.9992926966962052
       0.9996677829979275
       1.0000000000000000
       1.0000000000000000
       1.0000000000000000
       1.0000000000000000
       1.0000000000000000
       1.0000000000000000
       1.0000000000000000
       1.0000000000000000
       1.0000000000000000
       1.0000000000000000
       1.0000000000000000
       1.0000000000000000
       1.0000000000000000
       1.0000000000000000
       1.0000000000000000
       1.0000000000000000
       1.0000000000000000
       1.0000000000000000
       1.0000000000000000
       1.0000000000000000
       1.0000000000000000
       1.0000000000000000
       1.0000000000000000
       1.0000000000000000
       1.0000000000000000
       1.0000000000000000
       1.0000000000000000
       1.0000000000000000
       1.0000000000000000
       1.0000000000000000
       1.0000000000000000
       1.0000000000000000
       1.0000000000000000
       1.0000000000000000
       1.0000000000000000
       1.0000000000000000
       1.0000000000000000
       1.0000000000000000
       1.0000000000000000
       1.0000000000000000
       1.0000000000000000
       1.0000000000000000
       1.0000000000000000
       1.0000000000000000
       1.0000000000000000
       1.0000000000000000
       1.0000000000000000
       1.0000000000000000
       1.0000000000000000
       1.0000000000000000
       1.0000000000000000
       1.0000000000000000
       1.0000000000000000
       1.0000000000000000
       1.0000000000000000
       1.0000000000000000
       1.0000000000000000
       1.0000000000000000
       1.0000000000000000
       1.0000000000000000
       1.0000000000000000
       1.0000000000000000
       1.0000000000000000
       1.0000000000000000
       1.0000000000000000
       1.0000000000000000
       1.0000000000000000
       1.0000000000000000
       1.0000000000000000
       1.0000000000000000
       1.0000000000000000
       1.0000000000000000
       1.0000000000000000
       1.0000000000000000
       1.0000000000000000
       1.0000000000000000
       1.0000000000000000
       1.0000000000000000
       1.0000000000000000
       1.0000000000000000
       1.0000000000000000
       1.0000000000000000
       1.0000000000000000
       1.0000000000000000
       1.0000000000000000
       1.0000000000000000
       1.0000000000000000
       1.0000000000000000
       1.0000000000000000
       1.0000000000000000
       1.0000000000000000
       1.0000000000000000
       1.0000000000000000
       1.0000000000000000
       1.0000000000000000
       1.0000000000000000
       1.0000000000000000
       1.0000000000000000
       1.0000000000000000
       1.0000000000000000
       1.0000000000000000
       1.0000000000000000
       1.0000000000000000
       1.0000000000000000
       1.0000000000000000
       1.0000000000000000
       1.0000000000000000
       1.0000000000000000
       1.0000000000000000
       1.0000000000000000
       1.0000000000000000
       1.0000000000000000
       1.0000000000000000
       1.0000000000000000
       1.0000000000000000
       1.0000000000000000
       1.0000000000000000
       1.0000000000000000
       1.0000000000000000
       1.0000000000000000
       1.0000000000000000
       1.0000000000000000
       1.0000000000000000
       1.0000000000000000
       1.0000000000000000
       1.0000000000000000
       1.0000000000000000
       1.0000000000000000
       1.0000000000000000
       1.0000000000000000
       1.0000000000000000
       1.0000000000000000
       1.0000000000000000
       1.0000000000000000
       1.0000000000000000
       1.0000000000000000
       1.0000000000000000
       1.0000000000000000
       1.0000000000000000
       1.0000000000000000
       1.0000000000000000
       1.0000000000000000
       1.0000000000000000
       1.0000000000000000
       1.0000000000000000
       1.0000000000000000
       1.0000000000000000
       1.0000000000000000
       1.0000000000000000
       1.0000000000000000
       1.0000000000000000
       1.0000000000000000
       1.0000000000000000
       1.0000000000000000
       1.0000000000000000
       1.0000000000000000
       1.0000000000000000
       1.0000000000000000
       1.0000000000000000
       1.0000000000000000
       1.0000000000000000
       1.0000000000000000
       1.0000000000000000
       1.0000000000000000
       1.0000000000000000
       1.0000000000000000
       1.0000000000000000
       1.0000000000000000
       1.0000000000000000
       1.0000000000000000
       1.0000000000000000
       1.0000000000000000
       1.0000000000000000
       1.0000000000000000
       1.0000000000000000
       1.0000000000000000
       1.0000000000000000
       1.0000000000000000
       1.0000000000000000
       1.0000000000000000
       1.0000000000000000
       1.0000000000000000
       1.0000000000000000
       1.0000000000000000
       1.0000000000000000
       1.0000000000000000
       1.0000000000000000
       1.0000000000000000
       1.0000000000000000
       1.0000000000000000
       1.0000000000000000
       1.0000000000000000
       1.0000000000000000
       1.0000000000000000
       1.0000000000000000
       1.0000000000000000
       1.0000000000000000
       1.0000000000000000
       1.0000000000000000
       1.0000000000000000
       1.0000000000000000
       1.0000000000000000
       1.0000000000000000
       1.0000000000000000
       1.0000000000000000
       1.0000000000000000
       1.0000000000000000
       1.0000000000000000
       1.0000000000000000
       1.0000000000000000
       1.0000000000000000
       1.0000000000000000
       1.0000000000000000
       1.0000000000000000
       1.0000000000000000
       1.0000000000000000
       1.0000000000000000
       1.0000000000000000
       1.0000000000000000
       1.0000000000000000
       1.0000000000000000
       1.0000000000000000
       1.0000000000000000
       1.0000000000000000
       1.0000000000000000
       1.0000000000000000
       1.0000000000000000
       1.0000000000000000
       1.0000000000000000
       1.0000000000000000
       1.0000000000000000
       1.0000000000000000
       1.0000000000000000
       1.0000000000000000
       1.0000000000000000
       1.0000000000000000
       1.0000000000000000
       1.0000000000000000
       1.0000000000000000
       1.0000000000000000
       1.0000000000000000
       1.0000000000000000
       1.0000000000000000
       1.0000000000000000
       1.0000000000000000
       1.0000000000000000
       1.0000000000000000
       1.0000000000000000
       1.0000000000000000
       1.0000000000000000
       1.0000000000000000
       1.0000000000000000
       1.0000000000000000
       1.0000000000000000
       1.0000000000000000
       1.0000000000000000
       1.0000000000000000
       1.0000000000000000
       1.0000000000000000
       1.0000000000000000
       1.0000000000000000
       1.0000000000000000
       1.0000000000000000
       1.0000000000000000
       1.0000000000000000
       1.0000000000000000
       1.0000000000000000
       1.0000000000000000
       1.0000000000000000
       1.0000000000000000
       1.0000000000000000
       1.0000000000000000
       1.0000000000000000
       1.0000000000000000
       1.0000000000000000
       1.0000000000000000
       1.0000000000000000
       1.0000000000000000
       1.0000000000000000
       1.0000000000000000
       1.0000000000000000
       1.0000000000000000
       1.0000000000000000
       1.0000000000000000
       1.0000000000000000
       1.0000000000000000
       1.0000000000000000
       1.0000000000000000
       1.0000000000000000
       1.0000000000000000
       1.0000000000000000
       1.0000000000000000
       1.0000000000000000
       1.0000000000000000
       1.0000000000000000
       1.0000000000000000
       1.0000000000000000
       1.0000000000000000
       1.0000000000000000
       1.0000000000000000
       1.0000000000000000
       1.0000000000000000
       1.0000000000000000
       1.0000000000000000
       1.0000000000000000
       1.0000000000000000
       1.0000000000000000
       1.0000000000000000
       1.0000000000000000
       1.0000000000000000
       1.0000000000000000
       1.0000000000000000
       1.0000000000000000
       1.0000000000000000
       1.0000000000000000
       1.0000000000000000
       1.0000000000000000
       1.0000000000000000
       1.0000000000000000
       1.0000000000000000
       1.0000000000000000
       1.0000000000000000
       1.0000000000000000
       1.0000000000000000
       1.0000000000000000
       1.0000000000000000
       1.0000000000000000
       1.0000000000000000
       1.0000000000000000
       1.0000000000000000
       1.0000000000000000
       1.0000000000000000
       1.0000000000000000
       1.0000000000000000
       1.0000000000000000
       1.0000000000000000
       1.0000000000000000
       1.0000000000000000
       1.0000000000000000
       1.0000000000000000
       1.0000000000000000
       1.0000000000000000
       1.0000000000000000
       1.0000000000000000
       1.0000000000000000
       1.0000000000000000
       1.0000000000000000
       1.0000000000000000
       1.0000000000000000
       1.0000000000000000
       1.0000000000000000
       1.0000000000000000
       1.0000000000000000
       1.0000000000000000
       1.0000000000000000
       1.0000000000000000
       1.0000000000000000
       1.0000000000000000
       1.0000000000000000
       1.0000000000000000
       1.0000000000000000
       1.0000000000000000
       1.0000000000000000
       1.0000000000000000
       1.0000000000000000
       1.0000000000000000
       1.0000000000000000
       1.0000000000000000
       1.0000000000000000
       1.0000000000000000
       1.0000000000000000
       1.0000000000000000
       1.0000000000000000
       1.0000000000000000
       1.0000000000000000
       1.0000000000000000
       1.0000000000000000
       1.0000000000000000
       1.0000000000000000
       1.0000000000000000
       1.0000000000000000
       1.0000000000000000
       1.0000000000000000
       1.0000000000000000
       1.0000000000000000
       1.0000000000000000
       1.0000000000000000
       1.0000000000000000
       1.0000000000000000
       1.0000000000000000
       1.0000000000000000
       1.0000000000000000
       1.0000000000000000
       1.0000000000000000
       1.0000000000000000
       1.0000000000000000
       1.0000000000000000
       1.0000000000000000
       1.0000000000000000
       1.0000000000000000
       1.0000000000000000
       1.0000000000000000
       1.0000000000000000
       1.0000000000000000
       1.0000000000000000
       1.0000000000000000
       1.0000000000000000
       1.0000000000000000
       1.0000000000000000
       1.0000000000000000
       1.0000000000000000
       1.0000000000000000
       1.0000000000000000
       1.0000000000000000
       1.0000000000000000
       1.0000000000000000
       1.0000000000000000
       1.0000000000000000
       1.0000000000000000
       1.0000000000000000
       1.0000000000000000
       1.0000000000000000
       1.0000000000000000
       1.0000000000000000
       1.0000000000000000
       1.0000000000000000
       1.0000000000000000
       1.0000000000000000
       1.0000000000000000
       1.0000000000000000
       1.0000000000000000
       1.0000000000000000
       1.0000000000000000
       1.0000000000000000
       1.0000000000000000
       1.0000000000000000
       1.0000000000000000
       1.0000000000000000
       1.0000000000000000
       1.0000000000000000
       1.0000000000000000
       1.0000000000000000
       1.0000000000000000
       1.0000000000000000
       1.0000000000000000
       1.0000000000000000
       1.0000000000000000
       1.0000000000000000
       1.0000000000000000
       1.0000000000000000
       1.0000000000000000
       1.0000000000000000
       1.0000000000000000
       1.0000000000000000
       1.0000000000000000
       1.0000000000000000
       1.0000000000000000
       1.0000000000000000
       1.0000000000000000
       1.0000000000000000
       1.0000000000000000
       1.0000000000000000
       1.0000000000000000
       1.0000000000000000
       1.0000000000000000
       1.0000000000000000
       1.0000000000000000
       1.0000000000000000
       1.0000000000000000
       1.0000000000000000
       1.0000000000000000
       1.0000000000000000
       1.0000000000000000
       1.0000000000000000
       1.0000000000000000
       1.0000000000000000
       1.0000000000000000
       1.0000000000000000
       1.0000000000000000
       1.0000000000000000
       1.0000000000000000
       1.0000000000000000
       1.0000000000000000
       1.0000000000000000
       1.0000000000000000
       1.0000000000000000
       1.0000000000000000
       1.0000000000000000
       1.0000000000000000
       1.0000000000000000
       1.0000000000000000
       1.0000000000000000
       1.0000000000000000
       1.0000000000000000
       1.0000000000000000
       1.0000000000000000
       1.0000000000000000
       1.0000000000000000
       1.0000000000000000
       1.0000000000000000
       1.0000000000000000
       1.0000000000000000
       1.0000000000000000
       1.0000000000000000
       1.0000000000000000
       1.0000000000000000
       1.0000000000000000
       1.0000000000000000
       1.0000000000000000
       1.0000000000000000
       1.0000000000000000
       1.0000000000000000
       1.0000000000000000
       1.0000000000000000
       1.0000000000000000
       1.0000000000000000
       1.0000000000000000
       1.0000000000000000
       1.0000000000000000
       1.0000000000000000
       1.0000000000000000
       1.0000000000000000
       1.0000000000000000
       1.0000000000000000
       1.0000000000000000
       1.0000000000000000
       1.0000000000000000
       1.0000000000000000
       1.0000000000000000
       1.0000000000000000
       1.0000000000000000
       1.0000000000000000
       1.0000000000000000
       1.0000000000000000
       1.0000000000000000
       1.0000000000000000
       1.0000000000000000
       1.0000000000000000
       1.0000000000000000
       1.0000000000000000
       1.0000000000000000
       1.0000000000000000
       1.0000000000000000
       1.0000000000000000
       1.0000000000000000
       1.0000000000000000
       1.0000000000000000
       1.0000000000000000
       1.0000000000000000
       1.0000000000000000
       1.0000000000000000
       1.0000000000000000
       1.0000000000000000
       1.0000000000000000
       1.0000000000000000
       1.0000000000000000
       1.0000000000000000
       1.0000000000000000
       1.0000000000000000
       1.0000000000000000
       1.0000000000000000
       1.0000000000000000
       1.0000000000000000
       1.0000000000000000
       1.0000000000000000
       1.0000000000000000
       1.0000000000000000
       1.0000000000000000
       1.0000000000000000
       1.0000000000000000
       1.0000000000000000
       1.0000000000000000
       1.0000000000000000
       1.0000000000000000
       1.0000000000000000
       1.0000000000000000
       1.0000000000000000
       1.0000000000000000
       1.0000000000000000
       1.0000000000000000
       1.0000000000000000
       1.0000000000000000
       1.0000000000000000
       1.0000000000000000
       1.0000000000000000
       1.0000000000000000
       1.0000000000000000
       1.0000000000000000
       1.0000000000000000
       1.0000000000000000
       1.0000000000000000
       1.0000000000000000
       1.0000000000000000
       1.0000000000000000
       1.0000000000000000
       1.0000000000000000
       1.0000000000000000
       1.0000000000000000
       1.0000000000000000
       1.0000000000000000
       1.0000000000000000
       1.0000000000000000
       1.0000000000000000
       1.0000000000000000
       1.0000000000000000
       1.0000000000000000
       1.0000000000000000
       1.0000000000000000
       1.0000000000000000
       1.0000000000000000
       1.0000000000000000
       1.0000000000000000
       1.0000000000000000
       1.0000000000000000
       1.0000000000000000
       1.0000000000000000
       1.0000000000000000
       1.0000000000000000
       1.0000000000000000
       1.0000000000000000
       1.0000000000000000
       1.0000000000000000
       1.0000000000000000
       1.0000000000000000
       1.0000000000000000
       1.0000000000000000
       1.0000000000000000
       1.0000000000000000
       1.0000000000000000
       1.0000000000000000
       1.0000000000000000
       1.0000000000000000
       1.0000000000000000
       1.0000000000000000
       1.0000000000000000
       1.0000000000000000
       1.0000000000000000
       1.0000000000000000
       1.0000000000000000
       1.0000000000000000
       1.0000000000000000
       1.0000000000000000
       1.0000000000000000
       1.0000000000000000
       1.0000000000000000
       1.0000000000000000
       1.0000000000000000
       1.0000000000000000
       1.0000000000000000
       1.0000000000000000
       1.0000000000000000
       1.0000000000000000
       1.0000000000000000
       1.0000000000000000
       1.0000000000000000
       1.0000000000000000
       1.0000000000000000
       1.0000000000000000
       1.0000000000000000
       1.0000000000000000
       1.0000000000000000
       1.0000000000000000
       1.0000000000000000
       1.0000000000000000
       1.0000000000000000
       1.0000000000000000
       1.0000000000000000
       1.0000000000000000
       1.0000000000000000
       1.0000000000000000
       1.0000000000000000
       1.0000000000000000
       1.0000000000000000
       1.0000000000000000
       1.0000000000000000
       1.0000000000000000
       1.0000000000000000
       1.0000000000000000
       1.0000000000000000
       1.0000000000000000
       1.0000000000000000
       1.0000000000000000
       1.0000000000000000
       1.0000000000000000
       1.0000000000000000
       1.0000000000000000
       1.0000000000000000
       1.0000000000000000
       1.0000000000000000
       1.0000000000000000
       1.0000000000000000
       1.0000000000000000
       1.0000000000000000
       1.0000000000000000
       1.0000000000000000
       1.0000000000000000
       1.0000000000000000
       1.0000000000000000
       1.0000000000000000
       1.0000000000000000
       1.0000000000000000
       1.0000000000000000
       1.0000000000000000
       1.0000000000000000
       1.0000000000000000
       1.0000000000000000
       1.0000000000000000
       1.0000000000000000
       1.0000000000000000
       1.0000000000000000
       1.0000000000000000
       1.0000000000000000
       1.0000000000000000
       1.0000000000000000
       1.0000000000000000
       1.0000000000000000
       1.0000000000000000
       1.0000000000000000
       1.0000000000000000
       1.0000000000000000
       1.0000000000000000
       1.0000000000000000
       1.0000000000000000
       1.0000000000000000
       1.0000000000000000
       1.0000000000000000
       1.0000000000000000
       1.0000000000000000
       1.0000000000000000
       1.0000000000000000
       1.0000000000000000
       1.0000000000000000
       1.0000000000000000
       1.0000000000000000
       1.0000000000000000
       1.0000000000000000
       1.0000000000000000
       1.0000000000000000
       1.0000000000000000
       1.0000000000000000
       1.0000000000000000
       1.0000000000000000
       1.0000000000000000
       1.0000000000000000
       1.0000000000000000
       1.0000000000000000
       1.0000000000000000
       1.0000000000000000
       1.0000000000000000
       1.0000000000000000
       1.0000000000000000
       1.0000000000000000
       1.0000000000000000
       1.0000000000000000
       1.0000000000000000
       1.0000000000000000
       1.0000000000000000
       1.0000000000000000
       1.0000000000000000
       1.0000000000000000
       1.0000000000000000
       1.0000000000000000
       1.0000000000000000
       1.0000000000000000
       1.0000000000000000
       1.0000000000000000
       1.0000000000000000
       1.0000000000000000
       1.0000000000000000
       1.0000000000000000
       1.0000000000000000
       1.0000000000000000
       1.0000000000000000
       1.0000000000000000
       1.0000000000000000
       1.0000000000000000
       1.0000000000000000
       1.0000000000000000
       1.0000000000000000
       1.0000000000000000
       1.0000000000000000
       1.0000000000000000
       1.0000000000000000
       1.0000000000000000
       1.0000000000000000
       1.0000000000000000
       1.0000000000000000
       1.0000000000000000
       1.0000000000000000
       1.0000000000000000
       1.0000000000000000
       1.0000000000000000
       1.0000000000000000
       1.0000000000000000
       1.0000000000000000
       1.0000000000000000
       1.0000000000000000
       1.0000000000000000
       1.0000000000000000
       1.0000000000000000
       1.0000000000000000
       1.0000000000000000
       1.0000000000000000
       1.0000000000000000
       1.0000000000000000
       1.0000000000000000
       1.0000000000000000
       1.0000000000000000
       1.0000000000000000
       1.0000000000000000
       1.0000000000000000
       1.0000000000000000
       1.0000000000000000
       1.0000000000000000
       1.0000000000000000
       1.0000000000000000
       1.0000000000000000
       1.0000000000000000
       1.0000000000000000
       1.0000000000000000
       1.0000000000000000
       1.0000000000000000
       1.0000000000000000
       1.0000000000000000
       1.0000000000000000
       1.0000000000000000
       1.0000000000000000
       1.0000000000000000
       1.0000000000000000
       1.0000000000000000
       1.0000000000000000
       1.0000000000000000
       1.0000000000000000
       1.0000000000000000
       1.0000000000000000
       1.0000000000000000
