       0.7089452792367590
       0.7096964306464608
       0.7104475827543810
       0.7111987355605232
       0.7119498890648854
       0.7127010432674687
       0.7134521981682713
       0.7142033537672958
       0.7149545100645405
       0.7157056670600062
       0.7164568247536920
       0.7172079831455980
       0.7179591422357259
       0.7187103020240739
       0.7194614625106421
       0.7202126236954314
       0.7209637855784417
       0.7217149481596712
       0.7224661114391218
       0.7232172754167934
       0.7239684400926860
       0.7247196054667988
       0.7254707715391318
       0.7262219383096857
       0.7269731057784607
       0.7277242739454550
       0.7284754428106730
       0.7292266123741085
       0.7299777826357667
       0.7307289535956434
       0.7314801252537420
       0.7322312976100607
       0.7329824706646004
       0.7337336444173612
       0.7344848188683422
       0.7352359940175432
       0.7359871698649654
       0.7367383464106076
       0.7374895236544718
       0.7382407015965553
       0.7389918802368598
       0.7397430595753862
       0.7404942396121310
       0.7412454203470977
       0.7419966017802855
       0.7427477839116925
       0.7434989667413214
       0.7442501502691705
       0.7450013344952398
       0.7457525194195291
       0.7465037050420396
       0.7472548913627719
       0.7480060783817244
       0.7487572660988970
       0.7495084545142898
       0.7502596436279036
       0.7510108334397385
       0.7517620239497935
       0.7525132151580696
       0.7532644070645658
       0.7540155996692830
       0.7547667929722213
       0.7555179869733788
       0.7562691816727583
       0.7570203770703570
       0.7577715731661776
       0.7585227699602193
       0.7592739674524802
       0.7600251656429622
       0.7607763645316643
       0.7615275641185884
       0.7622787644037317
       0.7630299653870960
       0.7637811670686814
       0.7645323694484869
       0.7652835725265135
       0.7660347763027602
       0.7667859807772279
       0.7675371859499158
       0.7682883918208248
       0.7690395983899538
       0.7697908056573048
       0.7705420136228751
       0.7712932222866664
       0.7720444316486788
       0.7727956417089112
       0.7735468524673639
       0.7742980639240384
       0.7750492760789331
       0.7758004889320471
       0.7765517024833830
       0.7773029167329391
       0.7780541316807170
       0.7788053473267142
       0.7795565636709325
       0.7803077807133709
       0.7810589984540313
       0.7818102168929109
       0.7825614360300106
       0.7833126558653323
       0.7840638763988750
       0.7848150976306378
       0.7855663195606200
       0.7863175421888231
       0.7870687655152473
       0.7878199895398925
       0.7885712142627588
       0.7893224396838452
       0.7900736658031517
       0.7908248926206793
       0.7915761201364280
       0.7923273483503959
       0.7930785772625857
       0.7938298068729948
       0.7945810371816258
       0.7953322681884769
       0.7960834998935491
       0.7968347322968414
       0.7975859653983539
       0.7983371991980883
       0.7990884336960429
       0.7998396688922185
       0.8005909047866133
       0.8013421413792301
       0.8020933786700670
       0.8028446166591232
       0.8035958553464022
       0.8043470947319014
       0.8050983348156189
       0.8058495755975592
       0.8066008170777197
       0.8073520592561012
       0.8081033021327029
       0.8088545457075256
       0.8096057899805684
       0.8103570349518323
       0.8111082806213163
       0.8118595269890214
       0.8126107740549466
       0.8133620218190929
       0.8141132702814602
       0.8148645194420476
       0.8156157693008543
       0.8163670198578838
       0.8171182711131326
       0.8178695230666015
       0.8186207757182933
       0.8193720290682043
       0.8201232831163354
       0.8208745378626876
       0.8216257933072617
       0.8223770494500551
       0.8231283062910686
       0.8238795638303040
       0.8246308220677596
       0.8253820810034345
       0.8261333406373321
       0.8268846009694490
       0.8276358619997870
       0.8283871237283451
       0.8291383861551243
       0.8298896492801253
       0.8306409131033448
       0.8313921776247861
       0.8321434428444485
       0.8328947087623302
       0.8336459753784329
       0.8343972426927566
       0.8351485107053005
       0.8358997794160654
       0.8366510488250505
       0.8374023189322566
       0.8381535897376828
       0.8389048612413301
       0.8396561334431984
       0.8404074063432869
       0.8411586799415955
       0.8419099542381261
       0.8426612292328759
       0.8434125049258467
       0.8441637813170386
       0.8449150584064515
       0.8456663361940828
       0.8464176146799369
       0.8471688938640112
       0.8479201737463056
       0.8486714543268201
       0.8494227356055575
       0.8501740175825123
       0.8509253002576900
       0.8516765836310887
       0.8524278677027057
       0.8531791524725456
       0.8539304379406056
       0.8546817241068858
       0.8554330109713870
       0.8561842985341084
       0.8569355867950508
       0.8576868757542133
       0.8584381654115969
       0.8591894557672006
       0.8599407468210263
       0.8606920385730703
       0.8614433310233371
       0.8621946241718232
       0.8629459180185295
       0.8636972125634585
       0.8644485078066060
       0.8651998037479753
       0.8659511003875648
       0.8667023977253745
       0.8674536957614052
       0.8682049944956569
       0.8689562939281288
       0.8697075940588226
       0.8704588948877348
       0.8712101964148689
       0.8719614986402240
       0.8727128015637993
       0.8734641051855947
       0.8742154095056112
       0.8749667145238487
       0.8757180202403054
       0.8764693266549850
       0.8772206337678830
       0.8779719415790019
       0.8787232500883428
       0.8794745592959030
       0.8802258692016851
       0.8809771798056873
       0.8817284911079097
       0.8824798031083523
       0.8832311158070167
       0.8839824292039014
       0.8847337432990061
       0.8854850580923319
       0.8862363735838787
       0.8869876897736457
       0.8877390066616329
       0.8884903242478419
       0.8892416425322702
       0.8899929615149205
       0.8907442811957909
       0.8914956015748814
       0.8922469226521921
       0.8929982444277238
       0.8937495669014766
       0.8945008900734495
       0.8952522139436443
       0.8960035385120575
       0.8967548637786935
       0.8975061897435488
       0.8982575164066251
       0.8990088437679224
       0.8997601718274399
       0.9005115005851776
       0.9012628300411363
       0.9020141601953160
       0.9027654910477159
       0.9035168225983368
       0.9042681548471778
       0.9050194877942399
       0.9057708214395230
       0.9065221557830254
       0.9072734908247497
       0.9080248265646942
       0.9087761630028579
       0.9095275001392444
       0.9102788379738502
       0.9110301765066779
       0.9117815157377249
       0.9125328556669929
       0.9132841962944820
       0.9140355376201912
       0.9147868796441205
       0.9155382223662718
       0.9162895657866432
       0.9170409099052357
       0.9177922547220474
       0.9185436002370810
       0.9192949464503339
       0.9200462933618088
       0.9207976409715037
       0.9215489892794189
       0.9223003382855550
       0.9230516879899122
       0.9238030383924896
       0.9245543894932871
       0.9253057412923065
       0.9260570937895451
       0.9268084469850058
       0.9275598008786856
       0.9283111554705865
       0.9290625107607093
       0.9298138667490514
       0.9305652234356137
       0.9313165808203978
       0.9320679389034030
       0.9328192976846275
       0.9335706571640729
       0.9343220173417386
       0.9350733782176253
       0.9358247397917330
       0.9365761020640608
       0.9373274650346097
       0.9380788287033788
       0.9388301930703680
       0.9395815581355782
       0.9403329238990104
       0.9410842903606618
       0.9418356575205342
       0.9425870253786277
       0.9433383939349413
       0.9440897631894751
       0.9448411331422299
       0.9455925037932049
       0.9463438751424018
       0.9470952471898180
       0.9478466199354552
       0.9485979933793134
       0.9493493675213909
       0.9501007423616912
       0.9508521179002116
       0.9516034941369522
       0.9523548710719121
       0.9531062487050939
       0.9538576270364958
       0.9546090060661188
       0.9553603857939628
       0.9561117662200269
       0.9568631473443112
       0.9576145291668166
       0.9583659116875429
       0.9591172949064894
       0.9598686788236570
       0.9606200634390447
       0.9613714487526535
       0.9621228347644823
       0.9628742214745323
       0.9636256088828032
       0.9643769969892935
       0.9651283857940047
       0.9658797752969370
       0.9666311654980904
       0.9673825563974630
       0.9681339479950566
       0.9688853402908713
       0.9696367332849070
       0.9703881269771628
       0.9711395213676397
       0.9718909164563376
       0.9726423122432548
       0.9733937087283939
       0.9741451059117532
       0.9748965037933317
       0.9756479023731321
       0.9763993016511527
       0.9771507016273953
       0.9779021023018561
       0.9786535036745407
       0.9794049057454428
       0.9801563085145668
       0.9809077119819127
       0.9816591161474779
       0.9824105210112624
       0.9831619265732696
       0.9839133328334970
       0.9846647397919437
       0.9854161474486132
       0.9861675558035019
       0.9869189648566117
       0.9876703746079416
       0.9884217850574926
       0.9891731962052637
       0.9899246080512558
       0.9906760205954690
       0.9914274338379014
       0.9921788477785567
       0.9929302624174303
       0.9936816777545259
       0.9944330937898416
       0.9951845105233783
       0.9959359279551352
       0.9966873460851131
       0.9974387649133121
       0.9981901844397303
       0.9989416046643695
       0.9996930255872298
       1.0000000000000000
       1.0000000000000000
       1.0000000000000000
       1.0000000000000000
       1.0000000000000000
       1.0000000000000000
       1.0000000000000000
       1.0000000000000000
       1.0000000000000000
       1.0000000000000000
       1.0000000000000000
       1.0000000000000000
       1.0000000000000000
       1.0000000000000000
       1.0000000000000000
       1.0000000000000000
       1.0000000000000000
       1.0000000000000000
       1.0000000000000000
       1.0000000000000000
       1.0000000000000000
       1.0000000000000000
       1.0000000000000000
       1.0000000000000000
       1.0000000000000000
       1.0000000000000000
       1.0000000000000000
       1.0000000000000000
       1.0000000000000000
       1.0000000000000000
       1.0000000000000000
       1.0000000000000000
       1.0000000000000000
       1.0000000000000000
       1.0000000000000000
       1.0000000000000000
       1.0000000000000000
       1.0000000000000000
       1.0000000000000000
       1.0000000000000000
       1.0000000000000000
       1.0000000000000000
       1.0000000000000000
       1.0000000000000000
       1.0000000000000000
       1.0000000000000000
       1.0000000000000000
       1.0000000000000000
       1.0000000000000000
       1.0000000000000000
       1.0000000000000000
       1.0000000000000000
       1.0000000000000000
       1.0000000000000000
       1.0000000000000000
       1.0000000000000000
       1.0000000000000000
       1.0000000000000000
       1.0000000000000000
       1.0000000000000000
       1.0000000000000000
       1.0000000000000000
       1.0000000000000000
       1.0000000000000000
       1.0000000000000000
       1.0000000000000000
       1.0000000000000000
       1.0000000000000000
       1.0000000000000000
       1.0000000000000000
       1.0000000000000000
       1.0000000000000000
       1.0000000000000000
       1.0000000000000000
       1.0000000000000000
       1.0000000000000000
       1.0000000000000000
       1.0000000000000000
       1.0000000000000000
       1.0000000000000000
       1.0000000000000000
       1.0000000000000000
       1.0000000000000000
       1.0000000000000000
       1.0000000000000000
       1.0000000000000000
       1.0000000000000000
       1.0000000000000000
       1.0000000000000000
       1.0000000000000000
       1.0000000000000000
       1.0000000000000000
       1.0000000000000000
       1.0000000000000000
       1.0000000000000000
       1.0000000000000000
       1.0000000000000000
       1.0000000000000000
       1.0000000000000000
       1.0000000000000000
       1.0000000000000000
       1.0000000000000000
       1.0000000000000000
       1.0000000000000000
       1.0000000000000000
       1.0000000000000000
       1.0000000000000000
       1.0000000000000000
       1.0000000000000000
       1.0000000000000000
       1.0000000000000000
       1.0000000000000000
       1.0000000000000000
       1.0000000000000000
       1.0000000000000000
       1.0000000000000000
       1.0000000000000000
       1.0000000000000000
       1.0000000000000000
       1.0000000000000000
       1.0000000000000000
       1.0000000000000000
       1.0000000000000000
       1.0000000000000000
       1.0000000000000000
       1.0000000000000000
       1.0000000000000000
       1.0000000000000000
       1.0000000000000000
       1.0000000000000000
       1.0000000000000000
       1.0000000000000000
       1.0000000000000000
       1.0000000000000000
       1.0000000000000000
       1.0000000000000000
       1.0000000000000000
       1.0000000000000000
       1.0000000000000000
       1.0000000000000000
       1.0000000000000000
       1.0000000000000000
       1.0000000000000000
       1.0000000000000000
       1.0000000000000000
       1.0000000000000000
       1.0000000000000000
       1.0000000000000000
       1.0000000000000000
       1.0000000000000000
       1.0000000000000000
       1.0000000000000000
       1.0000000000000000
       1.0000000000000000
       1.0000000000000000
       1.0000000000000000
       1.0000000000000000
       1.0000000000000000
       1.0000000000000000
       1.0000000000000000
       1.0000000000000000
       1.0000000000000000
       1.0000000000000000
       1.0000000000000000
       1.0000000000000000
       1.0000000000000000
       1.0000000000000000
       1.0000000000000000
       1.0000000000000000
       1.0000000000000000
       1.0000000000000000
       1.0000000000000000
       1.0000000000000000
       1.0000000000000000
       1.0000000000000000
       1.0000000000000000
       1.0000000000000000
       1.0000000000000000
       1.0000000000000000
       1.0000000000000000
       1.0000000000000000
       1.0000000000000000
       1.0000000000000000
       1.0000000000000000
       1.0000000000000000
       1.0000000000000000
       1.0000000000000000
       1.0000000000000000
       1.0000000000000000
       1.0000000000000000
       1.0000000000000000
       1.0000000000000000
       1.0000000000000000
       1.0000000000000000
       1.0000000000000000
       1.0000000000000000
       1.0000000000000000
       1.0000000000000000
       1.0000000000000000
       1.0000000000000000
       1.0000000000000000
       1.0000000000000000
       1.0000000000000000
       1.0000000000000000
       1.0000000000000000
       1.0000000000000000
       1.0000000000000000
       1.0000000000000000
       1.0000000000000000
       1.0000000000000000
       1.0000000000000000
       1.0000000000000000
       1.0000000000000000
       1.0000000000000000
       1.0000000000000000
       1.0000000000000000
       1.0000000000000000
       1.0000000000000000
       1.0000000000000000
       1.0000000000000000
       1.0000000000000000
       1.0000000000000000
       1.0000000000000000
       1.0000000000000000
       1.0000000000000000
       1.0000000000000000
       1.0000000000000000
       1.0000000000000000
       1.0000000000000000
       1.0000000000000000
       1.0000000000000000
       1.0000000000000000
       1.0000000000000000
       1.0000000000000000
       1.0000000000000000
       1.0000000000000000
       1.0000000000000000
       1.0000000000000000
       1.0000000000000000
       1.0000000000000000
       1.0000000000000000
       1.0000000000000000
       1.0000000000000000
       1.0000000000000000
       1.0000000000000000
       1.0000000000000000
       1.0000000000000000
       1.0000000000000000
       1.0000000000000000
       1.0000000000000000
       1.0000000000000000
       1.0000000000000000
       1.0000000000000000
       1.0000000000000000
       1.0000000000000000
       1.0000000000000000
       1.0000000000000000
       1.0000000000000000
       1.0000000000000000
       1.0000000000000000
       1.0000000000000000
       1.0000000000000000
       1.0000000000000000
       1.0000000000000000
       1.0000000000000000
       1.0000000000000000
       1.0000000000000000
       1.0000000000000000
       1.0000000000000000
       1.0000000000000000
       1.0000000000000000
       1.0000000000000000
       1.0000000000000000
       1.0000000000000000
       1.0000000000000000
       1.0000000000000000
       1.0000000000000000
       1.0000000000000000
       1.0000000000000000
       1.0000000000000000
       1.0000000000000000
       1.0000000000000000
       1.0000000000000000
       1.0000000000000000
       1.0000000000000000
       1.0000000000000000
       1.0000000000000000
       1.0000000000000000
       1.0000000000000000
       1.0000000000000000
       1.0000000000000000
       1.0000000000000000
       1.0000000000000000
       1.0000000000000000
       1.0000000000000000
       1.0000000000000000
       1.0000000000000000
       1.0000000000000000
       1.0000000000000000
       1.0000000000000000
       1.0000000000000000
       1.0000000000000000
       1.0000000000000000
       1.0000000000000000
       1.0000000000000000
       1.0000000000000000
       1.0000000000000000
       1.0000000000000000
       1.0000000000000000
       1.0000000000000000
       1.0000000000000000
       1.0000000000000000
       1.0000000000000000
       1.0000000000000000
       1.0000000000000000
       1.0000000000000000
       1.0000000000000000
       1.0000000000000000
       1.0000000000000000
       1.0000000000000000
       1.0000000000000000
       1.0000000000000000
       1.0000000000000000
       1.0000000000000000
       1.0000000000000000
       1.0000000000000000
       1.0000000000000000
       1.0000000000000000
       1.0000000000000000
       1.0000000000000000
       1.0000000000000000
       1.0000000000000000
       1.0000000000000000
       1.0000000000000000
       1.0000000000000000
       1.0000000000000000
       1.0000000000000000
       1.0000000000000000
       1.0000000000000000
       1.0000000000000000
       1.0000000000000000
       1.0000000000000000
       1.0000000000000000
       1.0000000000000000
       1.0000000000000000
       1.0000000000000000
       1.0000000000000000
       1.0000000000000000
       1.0000000000000000
       1.0000000000000000
       1.0000000000000000
       1.0000000000000000
       1.0000000000000000
       1.0000000000000000
       1.0000000000000000
       1.0000000000000000
       1.0000000000000000
       1.0000000000000000
       1.0000000000000000
       1.0000000000000000
       1.0000000000000000
       1.0000000000000000
       1.0000000000000000
       1.0000000000000000
       1.0000000000000000
       1.0000000000000000
       1.0000000000000000
       1.0000000000000000
       1.0000000000000000
       1.0000000000000000
       1.0000000000000000
       1.0000000000000000
       1.0000000000000000
       1.0000000000000000
       1.0000000000000000
       1.0000000000000000
       1.0000000000000000
       1.0000000000000000
       1.0000000000000000
       1.0000000000000000
       1.0000000000000000
       1.0000000000000000
       1.0000000000000000
       1.0000000000000000
       1.0000000000000000
       1.0000000000000000
       1.0000000000000000
       1.0000000000000000
       1.0000000000000000
       1.0000000000000000
       1.0000000000000000
       1.0000000000000000
       1.0000000000000000
       1.0000000000000000
       1.0000000000000000
       1.0000000000000000
       1.0000000000000000
       1.0000000000000000
       1.0000000000000000
       1.0000000000000000
       1.0000000000000000
       1.0000000000000000
       1.0000000000000000
       1.0000000000000000
       1.0000000000000000
       1.0000000000000000
       1.0000000000000000
       1.0000000000000000
       1.0000000000000000
       1.0000000000000000
       1.0000000000000000
       1.0000000000000000
       1.0000000000000000
       1.0000000000000000
       1.0000000000000000
       1.0000000000000000
       1.0000000000000000
       1.0000000000000000
       1.0000000000000000
       1.0000000000000000
       1.0000000000000000
       1.0000000000000000
       1.0000000000000000
       1.0000000000000000
       1.0000000000000000
       1.0000000000000000
       1.0000000000000000
       1.0000000000000000
       1.0000000000000000
       1.0000000000000000
       1.0000000000000000
       1.0000000000000000
       1.0000000000000000
       1.0000000000000000
       1.0000000000000000
       1.0000000000000000
       1.0000000000000000
       1.0000000000000000
       1.0000000000000000
       1.0000000000000000
       1.0000000000000000
       1.0000000000000000
       1.0000000000000000
       1.0000000000000000
       1.0000000000000000
       1.0000000000000000
       1.0000000000000000
       1.0000000000000000
       1.0000000000000000
       1.0000000000000000
       1.0000000000000000
       1.0000000000000000
       1.0000000000000000
       1.0000000000000000
       1.0000000000000000
       1.0000000000000000
       1.0000000000000000
       1.0000000000000000
       1.0000000000000000
       1.0000000000000000
       1.0000000000000000
       1.0000000000000000
       1.0000000000000000
       1.0000000000000000
       1.0000000000000000
       1.0000000000000000
       1.0000000000000000
       1.0000000000000000
       1.0000000000000000
       1.0000000000000000
       1.0000000000000000
       1.0000000000000000
       1.0000000000000000
       1.0000000000000000
       1.0000000000000000
       1.0000000000000000
       1.0000000000000000
       1.0000000000000000
       1.0000000000000000
       1.0000000000000000
       1.0000000000000000
       1.0000000000000000
       1.0000000000000000
       1.0000000000000000
       1.0000000000000000
       1.0000000000000000
       1.0000000000000000
       1.0000000000000000
       1.0000000000000000
       1.0000000000000000
       1.0000000000000000
       1.0000000000000000
       1.0000000000000000
       1.0000000000000000
       1.0000000000000000
       1.0000000000000000
       1.0000000000000000
       1.0000000000000000
       1.0000000000000000
       1.0000000000000000
       1.0000000000000000
       1.0000000000000000
       1.0000000000000000
       1.0000000000000000
       1.0000000000000000
       1.0000000000000000
       1.0000000000000000
       1.0000000000000000
       1.0000000000000000
       1.0000000000000000
       1.0000000000000000
       1.0000000000000000
       1.0000000000000000
       1.0000000000000000
       1.0000000000000000
       1.0000000000000000
       1.0000000000000000
       1.0000000000000000
       1.0000000000000000
       1.0000000000000000
       1.0000000000000000
       1.0000000000000000
       1.0000000000000000
       1.0000000000000000
       1.0000000000000000
       1.0000000000000000
       1.0000000000000000
       1.0000000000000000
       1.0000000000000000
       1.0000000000000000
       1.0000000000000000
       1.0000000000000000
       1.0000000000000000
       1.0000000000000000
       1.0000000000000000
       1.0000000000000000
       1.0000000000000000
       1.0000000000000000
       1.0000000000000000
       1.0000000000000000
       1.0000000000000000
       1.0000000000000000
       1.0000000000000000
       1.0000000000000000
       1.0000000000000000
       1.0000000000000000
       1.0000000000000000
       1.0000000000000000
       1.0000000000000000
       1.0000000000000000
       1.0000000000000000
       1.0000000000000000
       1.0000000000000000
       1.0000000000000000
       1.0000000000000000
       1.0000000000000000
       1.0000000000000000
       1.0000000000000000
       1.0000000000000000
       1.0000000000000000
       1.0000000000000000
       1.0000000000000000
       1.0000000000000000
       1.0000000000000000
       1.0000000000000000
       1.0000000000000000
       1.0000000000000000
       1.0000000000000000
       1.0000000000000000
       1.0000000000000000
       1.0000000000000000
       1.0000000000000000
       1.0000000000000000
       1.0000000000000000
       1.0000000000000000
       1.0000000000000000
       1.0000000000000000
       1.0000000000000000
       1.0000000000000000
       1.0000000000000000
       1.0000000000000000
       1.0000000000000000
       1.0000000000000000
       1.0000000000000000
       1.0000000000000000
       1.0000000000000000
       1.0000000000000000
       1.0000000000000000
       1.0000000000000000
       1.0000000000000000
       1.0000000000000000
       1.0000000000000000
       1.0000000000000000
       1.0000000000000000
       1.0000000000000000
       1.0000000000000000
       1.0000000000000000
       1.0000000000000000
       1.0000000000000000
       1.0000000000000000
       1.0000000000000000
       1.0000000000000000
       1.0000000000000000
       1.0000000000000000
       1.0000000000000000
       1.0000000000000000
       1.0000000000000000
       1.0000000000000000
       1.0000000000000000
       1.0000000000000000
       1.0000000000000000
       1.0000000000000000
       1.0000000000000000
       1.0000000000000000
       1.0000000000000000
       1.0000000000000000
       1.0000000000000000
       1.0000000000000000
       1.0000000000000000
       1.0000000000000000
       1.0000000000000000
       1.0000000000000000
       1.0000000000000000
       1.0000000000000000
       1.0000000000000000
       1.0000000000000000
       1.0000000000000000
       1.0000000000000000
       1.0000000000000000
       1.0000000000000000
       1.0000000000000000
       1.0000000000000000
       1.0000000000000000
       1.0000000000000000
       1.0000000000000000
       1.0000000000000000
       1.0000000000000000
       1.0000000000000000
       1.0000000000000000
       1.0000000000000000
       1.0000000000000000
       1.0000000000000000
       1.0000000000000000
       1.0000000000000000
       1.0000000000000000
       1.0000000000000000
       1.0000000000000000
       1.0000000000000000
       1.0000000000000000
       1.0000000000000000
       1.0000000000000000
       1.0000000000000000
       1.0000000000000000
       1.0000000000000000
       1.0000000000000000
       1.0000000000000000
       1.0000000000000000
       1.0000000000000000
       1.0000000000000000
       1.0000000000000000
       1.0000000000000000
       1.0000000000000000
       1.0000000000000000
       1.0000000000000000
       1.0000000000000000
       1.0000000000000000
       1.0000000000000000
       1.0000000000000000
       1.0000000000000000
       1.0000000000000000
       1.0000000000000000
       1.0000000000000000
       1.0000000000000000
       1.0000000000000000
       1.0000000000000000
       1.0000000000000000
       1.0000000000000000
       1.0000000000000000
       1.0000000000000000
       1.0000000000000000
       1.0000000000000000
       1.0000000000000000
       1.0000000000000000
       1.0000000000000000
       1.0000000000000000
       1.0000000000000000
       1.0000000000000000
       1.0000000000000000
       1.0000000000000000
       1.0000000000000000
       1.0000000000000000
       1.0000000000000000
       1.0000000000000000
       1.0000000000000000
       1.0000000000000000
       1.0000000000000000
       1.0000000000000000
       1.0000000000000000
       1.0000000000000000
       1.0000000000000000
       1.0000000000000000
       1.0000000000000000
       1.0000000000000000
       1.0000000000000000
       1.0000000000000000
       1.0000000000000000
       1.0000000000000000
       1.0000000000000000
       1.0000000000000000
       1.0000000000000000
       1.0000000000000000
       1.0000000000000000
       1.0000000000000000
       1.0000000000000000
       1.0000000000000000
       1.0000000000000000
       1.0000000000000000
       1.0000000000000000
       1.0000000000000000
       1.0000000000000000
       1.0000000000000000
       1.0000000000000000
       1.0000000000000000
       1.0000000000000000
       1.0000000000000000
       1.0000000000000000
       1.0000000000000000
       1.0000000000000000
       1.0000000000000000
       1.0000000000000000
       1.0000000000000000
       1.0000000000000000
       1.0000000000000000
       1.0000000000000000
       1.0000000000000000
       1.0000000000000000
       1.0000000000000000
       1.0000000000000000
       1.0000000000000000
       1.0000000000000000
       1.0000000000000000
       1.0000000000000000
       1.0000000000000000
       1.0000000000000000
       1.0000000000000000
       1.0000000000000000
       1.0000000000000000
       1.0000000000000000
       1.0000000000000000
       1.0000000000000000
       1.0000000000000000
       1.0000000000000000
       1.0000000000000000
       1.0000000000000000
       1.0000000000000000
       1.0000000000000000
       1.0000000000000000
       1.0000000000000000
       1.0000000000000000
       1.0000000000000000
       1.0000000000000000
       1.0000000000000000
       1.0000000000000000
       1.0000000000000000
       1.0000000000000000
       1.0000000000000000
       1.0000000000000000
       1.0000000000000000
       1.0000000000000000
       1.0000000000000000
       1.0000000000000000
       1.0000000000000000
       1.0000000000000000
       1.0000000000000000
       1.0000000000000000
       1.0000000000000000
       1.0000000000000000
       1.0000000000000000
       1.0000000000000000
       1.0000000000000000
       1.0000000000000000
       1.0000000000000000
       1.0000000000000000
       1.0000000000000000
       1.0000000000000000
       1.0000000000000000
       1.0000000000000000
       1.0000000000000000
       1.0000000000000000
       1.0000000000000000
       1.0000000000000000
       1.0000000000000000
       1.0000000000000000
       1.0000000000000000
       1.0000000000000000
       1.0000000000000000
       1.0000000000000000
       1.0000000000000000
       1.0000000000000000
       1.0000000000000000
       1.0000000000000000
       1.0000000000000000
       1.0000000000000000
       1.0000000000000000
       1.0000000000000000
       1.0000000000000000
       1.0000000000000000
       1.0000000000000000
       1.0000000000000000
       1.0000000000000000
       1.0000000000000000
       1.0000000000000000
       1.0000000000000000
       1.0000000000000000
       1.0000000000000000
       1.0000000000000000
       1.0000000000000000
       1.0000000000000000
       1.0000000000000000
       1.0000000000000000
       1.0000000000000000
       1.0000000000000000
       1.0000000000000000
       1.0000000000000000
       1.0000000000000000
       1.0000000000000000
       1.0000000000000000
       1.0000000000000000
       1.0000000000000000
       1.0000000000000000
       1.0000000000000000
       1.0000000000000000
       1.0000000000000000
       1.0000000000000000
       1.0000000000000000
       1.0000000000000000
       1.0000000000000000
       1.0000000000000000
       1.0000000000000000
       1.0000000000000000
       1.0000000000000000
       1.0000000000000000
       1.0000000000000000
       1.0000000000000000
       1.0000000000000000
       1.0000000000000000
       1.0000000000000000
       1.0000000000000000
       1.0000000000000000
       1.0000000000000000
       1.0000000000000000
       1.0000000000000000
       1.0000000000000000
       1.0000000000000000
       1.0000000000000000
       1.0000000000000000
       1.0000000000000000
       1.0000000000000000
       1.0000000000000000
       1.0000000000000000
       1.0000000000000000
       1.0000000000000000
       1.0000000000000000
       1.0000000000000000
       1.0000000000000000
       1.0000000000000000
       1.0000000000000000
       1.0000000000000000
       1.0000000000000000
       1.0000000000000000
       1.0000000000000000
       1.0000000000000000
       1.0000000000000000
       1.0000000000000000
       1.0000000000000000
       1.0000000000000000
       1.0000000000000000
       1.0000000000000000
       1.0000000000000000
       1.0000000000000000
       1.0000000000000000
       1.0000000000000000
       1.0000000000000000
       1.0000000000000000
       1.0000000000000000
       1.0000000000000000
