       0.7682671607810936
       0.7689364321940597
       0.7696057042291353
       0.7702749768863222
       0.7709442501656194
       0.7716135240670261
       0.7722827985905441
       0.7729520737361724
       0.7736213495039101
       0.7742906258937583
       0.7749599029057168
       0.7756291805397857
       0.7762984587959649
       0.7769677376742545
       0.7776370171746545
       0.7783062972971639
       0.7789755780417837
       0.7796448594085148
       0.7803141413973553
       0.7809834240083062
       0.7816527072413666
       0.7823219910965391
       0.7829912755738202
       0.7836605606732134
       0.7843298463947153
       0.7849991327383274
       0.7856684197040500
       0.7863377072918829
       0.7870069955018262
       0.7876762843338807
       0.7883455737880438
       0.7890148638643173
       0.7896841545627020
       0.7903534458831962
       0.7910227378258008
       0.7916920303905166
       0.7923613235773428
       0.7930306173862776
       0.7936999118173236
       0.7943692068704800
       0.7950385025457467
       0.7957077988431229
       0.7963770957626104
       0.7970463933042073
       0.7977156914679147
       0.7983849902537332
       0.7990542896616604
       0.7997235896916997
       0.8003928903438484
       0.8010621916181067
       0.8017314935144761
       0.8024007960329542
       0.8030700991735444
       0.8037394029362441
       0.8044087073210542
       0.8050780123279746
       0.8057473179570054
       0.8064166242081465
       0.8070859310813980
       0.8077552385767590
       0.8084245466942312
       0.8090938554338121
       0.8097631647955059
       0.8104324747793075
       0.8111017853852203
       0.8117710966132434
       0.8124404084633770
       0.8131097209356208
       0.8137790340299742
       0.8144483477464388
       0.8151176620850120
       0.8157869770456974
       0.8164562926284922
       0.8171256088333974
       0.8177949256604129
       0.8184642431095379
       0.8191335611807742
       0.8198028798741208
       0.8204721991895769
       0.8211415191271434
       0.8218108396868211
       0.8224801608686074
       0.8231494826725050
       0.8238188050985120
       0.8244881281466312
       0.8251574518168581
       0.8258267761091980
       0.8264961010236456
       0.8271654265602053
       0.8278347527188745
       0.8285040794996541
       0.8291734069025440
       0.8298427349275452
       0.8305120635746550
       0.8311813928438760
       0.8318507227352065
       0.8325200532486474
       0.8331893843841987
       0.8338587161418602
       0.8345280485216331
       0.8351973815235145
       0.8358667151475072
       0.8365360493936094
       0.8372053842618237
       0.8378747197521466
       0.8385440558645798
       0.8392133925991243
       0.8398827299557774
       0.8405520679345417
       0.8412214065354164
       0.8418907457584015
       0.8425600856034960
       0.8432294260707009
       0.8438987671600171
       0.8445681088714427
       0.8452374512049796
       0.8459067941606260
       0.8465761377383827
       0.8472454819382489
       0.8479148267602272
       0.8485841722043141
       0.8492535182705114
       0.8499228649588200
       0.8505922122692380
       0.8512615602017664
       0.8519309087564051
       0.8526002579331542
       0.8532696077320145
       0.8539389581529835
       0.8546083091960628
       0.8552776608612533
       0.8559470131485525
       0.8566163660579638
       0.8572857195894845
       0.8579550737431165
       0.8586244285188580
       0.8592937839167090
       0.8599631399366721
       0.8606324965787429
       0.8613018538429258
       0.8619712117292182
       0.8626405702376210
       0.8633099293681350
       0.8639792891207585
       0.8646486494954924
       0.8653180104923357
       0.8659873721112903
       0.8666567343523544
       0.8673260972155306
       0.8679954607008145
       0.8686648248082096
       0.8693341895377151
       0.8700035548893319
       0.8706729208630581
       0.8713422874588947
       0.8720116546768408
       0.8726810225168973
       0.8733503909790650
       0.8740197600633421
       0.8746891297697297
       0.8753585000982285
       0.8760278710488358
       0.8766972426215554
       0.8773666148163826
       0.8780359876333228
       0.8787053610723707
       0.8793747351335317
       0.8800441098168013
       0.8807134851221812
       0.8813828610496715
       0.8820522375992712
       0.8827216147709831
       0.8833909925648036
       0.8840603709807353
       0.8847297500187774
       0.8853991296789290
       0.8860685099611909
       0.8867378908655632
       0.8874072723920459
       0.8880766545406389
       0.8887460373113423
       0.8894154207041560
       0.8900848047190792
       0.8907541893561146
       0.8914235746152577
       0.8920929604965129
       0.8927623469998776
       0.8934317341253517
       0.8941011218729371
       0.8947705102426338
       0.8954398992344390
       0.8961092888483555
       0.8967786790843815
       0.8974480699425178
       0.8981174614227645
       0.8987868535251224
       0.8994562462495899
       0.9001256395961676
       0.9007950335648558
       0.9014644281556534
       0.9021338233685623
       0.9028032192035806
       0.9034726156607102
       0.9041420127399493
       0.9048114104412979
       0.9054808087647577
       0.9061502077103278
       0.9068196072780093
       0.9074890074677993
       0.9081584082797005
       0.9088278097137112
       0.9094972117698323
       0.9101666144480638
       0.9108360177484065
       0.9115054216708578
       0.9121748262154203
       0.9128442313820933
       0.9135136371708765
       0.9141830435817693
       0.9148524506147724
       0.9155218582698867
       0.9161912665471106
       0.9168606754464448
       0.9175300849678885
       0.9181994951114434
       0.9188689058771087
       0.9195383172648843
       0.9202077292747695
       0.9208771419067658
       0.9215465551608717
       0.9222159690370879
       0.9228853835354154
       0.9235547986558523
       0.9242242143983987
       0.9248936307630564
       0.9255630477498236
       0.9262324653587020
       0.9269018835896898
       0.9275713024427881
       0.9282407219179967
       0.9289101420153165
       0.9295795627347458
       0.9302489840762846
       0.9309184060399347
       0.9315878286256942
       0.9322572518335659
       0.9329266756635453
       0.9335961001156359
       0.9342655251898377
       0.9349349508861482
       0.9356043772045708
       0.9362738041451020
       0.9369432317077444
       0.9376126598924972
       0.9382820886993595
       0.9389515181283321
       0.9396209481794151
       0.9402903788526085
       0.9409598101479131
       0.9416292420653263
       0.9422986746048498
       0.9429681077664847
       0.9436375415502298
       0.9443069759560854
       0.9449764109840504
       0.9456458466341258
       0.9463152829063124
       0.9469847198006076
       0.9476541573170141
       0.9483235954555309
       0.9489930342161572
       0.9496624735988939
       0.9503319136037409
       0.9510013542306992
       0.9516707954797670
       0.9523402373509451
       0.9530096798442336
       0.9536791229596324
       0.9543485666971416
       0.9550180110567603
       0.9556874560384903
       0.9563569016423297
       0.9570263478682803
       0.9576957947163405
       0.9583652421865101
       0.9590346902787918
       0.9597041389931822
       0.9603735883296847
       0.9610430382882957
       0.9617124888690181
       0.9623819400718499
       0.9630513918967929
       0.9637208443438445
       0.9643902974130074
       0.9650597511042798
       0.9657292054176634
       0.9663986603531574
       0.9670681159107617
       0.9677375720904755
       0.9684070288922997
       0.9690764863162351
       0.9697459443622800
       0.9704154030304353
       0.9710848623207009
       0.9717543222330760
       0.9724237827675624
       0.9730932439241582
       0.9737627057028653
       0.9744321681036827
       0.9751016311266096
       0.9757710947716469
       0.9764405590387946
       0.9771100239280526
       0.9777794894394201
       0.9784489555728988
       0.9791184223284879
       0.9797878897061865
       0.9804573577059963
       0.9811268263279147
       0.9817962955719444
       0.9824657654380844
       0.9831352359263348
       0.9838047070366955
       0.9844741787691658
       0.9851436511237464
       0.9858131241004382
       0.9864825976992395
       0.9871520719201512
       0.9878215467631732
       0.9884910222283056
       0.9891604983155484
       0.9898299750249016
       0.9904994523563651
       0.9911689303099380
       0.9918384088856214
       0.9925078880834159
       0.9931773679033200
       0.9938468483453335
       0.9945163294094583
       0.9951858110956935
       0.9958552934040390
       0.9965247763344949
       0.9971942598870602
       0.9978637440617368
       0.9985332288585229
       0.9992027142774194
       0.9998722003184271
       1.0000000000000000
       1.0000000000000000
       1.0000000000000000
       1.0000000000000000
       1.0000000000000000
       1.0000000000000000
       1.0000000000000000
       1.0000000000000000
       1.0000000000000000
       1.0000000000000000
       1.0000000000000000
       1.0000000000000000
       1.0000000000000000
       1.0000000000000000
       1.0000000000000000
       1.0000000000000000
       1.0000000000000000
       1.0000000000000000
       1.0000000000000000
       1.0000000000000000
       1.0000000000000000
       1.0000000000000000
       1.0000000000000000
       1.0000000000000000
       1.0000000000000000
       1.0000000000000000
       1.0000000000000000
       1.0000000000000000
       1.0000000000000000
       1.0000000000000000
       1.0000000000000000
       1.0000000000000000
       1.0000000000000000
       1.0000000000000000
       1.0000000000000000
       1.0000000000000000
       1.0000000000000000
       1.0000000000000000
       1.0000000000000000
       1.0000000000000000
       1.0000000000000000
       1.0000000000000000
       1.0000000000000000
       1.0000000000000000
       1.0000000000000000
       1.0000000000000000
       1.0000000000000000
       1.0000000000000000
       1.0000000000000000
       1.0000000000000000
       1.0000000000000000
       1.0000000000000000
       1.0000000000000000
       1.0000000000000000
       1.0000000000000000
       1.0000000000000000
       1.0000000000000000
       1.0000000000000000
       1.0000000000000000
       1.0000000000000000
       1.0000000000000000
       1.0000000000000000
       1.0000000000000000
       1.0000000000000000
       1.0000000000000000
       1.0000000000000000
       1.0000000000000000
       1.0000000000000000
       1.0000000000000000
       1.0000000000000000
       1.0000000000000000
       1.0000000000000000
       1.0000000000000000
       1.0000000000000000
       1.0000000000000000
       1.0000000000000000
       1.0000000000000000
       1.0000000000000000
       1.0000000000000000
       1.0000000000000000
       1.0000000000000000
       1.0000000000000000
       1.0000000000000000
       1.0000000000000000
       1.0000000000000000
       1.0000000000000000
       1.0000000000000000
       1.0000000000000000
       1.0000000000000000
       1.0000000000000000
       1.0000000000000000
       1.0000000000000000
       1.0000000000000000
       1.0000000000000000
       1.0000000000000000
       1.0000000000000000
       1.0000000000000000
       1.0000000000000000
       1.0000000000000000
       1.0000000000000000
       1.0000000000000000
       1.0000000000000000
       1.0000000000000000
       1.0000000000000000
       1.0000000000000000
       1.0000000000000000
       1.0000000000000000
       1.0000000000000000
       1.0000000000000000
       1.0000000000000000
       1.0000000000000000
       1.0000000000000000
       1.0000000000000000
       1.0000000000000000
       1.0000000000000000
       1.0000000000000000
       1.0000000000000000
       1.0000000000000000
       1.0000000000000000
       1.0000000000000000
       1.0000000000000000
       1.0000000000000000
       1.0000000000000000
       1.0000000000000000
       1.0000000000000000
       1.0000000000000000
       1.0000000000000000
       1.0000000000000000
       1.0000000000000000
       1.0000000000000000
       1.0000000000000000
       1.0000000000000000
       1.0000000000000000
       1.0000000000000000
       1.0000000000000000
       1.0000000000000000
       1.0000000000000000
       1.0000000000000000
       1.0000000000000000
       1.0000000000000000
       1.0000000000000000
       1.0000000000000000
       1.0000000000000000
       1.0000000000000000
       1.0000000000000000
       1.0000000000000000
       1.0000000000000000
       1.0000000000000000
       1.0000000000000000
       1.0000000000000000
       1.0000000000000000
       1.0000000000000000
       1.0000000000000000
       1.0000000000000000
       1.0000000000000000
       1.0000000000000000
       1.0000000000000000
       1.0000000000000000
       1.0000000000000000
       1.0000000000000000
       1.0000000000000000
       1.0000000000000000
       1.0000000000000000
       1.0000000000000000
       1.0000000000000000
       1.0000000000000000
       1.0000000000000000
       1.0000000000000000
       1.0000000000000000
       1.0000000000000000
       1.0000000000000000
       1.0000000000000000
       1.0000000000000000
       1.0000000000000000
       1.0000000000000000
       1.0000000000000000
       1.0000000000000000
       1.0000000000000000
       1.0000000000000000
       1.0000000000000000
       1.0000000000000000
       1.0000000000000000
       1.0000000000000000
       1.0000000000000000
       1.0000000000000000
       1.0000000000000000
       1.0000000000000000
       1.0000000000000000
       1.0000000000000000
       1.0000000000000000
       1.0000000000000000
       1.0000000000000000
       1.0000000000000000
       1.0000000000000000
       1.0000000000000000
       1.0000000000000000
       1.0000000000000000
       1.0000000000000000
       1.0000000000000000
       1.0000000000000000
       1.0000000000000000
       1.0000000000000000
       1.0000000000000000
       1.0000000000000000
       1.0000000000000000
       1.0000000000000000
       1.0000000000000000
       1.0000000000000000
       1.0000000000000000
       1.0000000000000000
       1.0000000000000000
       1.0000000000000000
       1.0000000000000000
       1.0000000000000000
       1.0000000000000000
       1.0000000000000000
       1.0000000000000000
       1.0000000000000000
       1.0000000000000000
       1.0000000000000000
       1.0000000000000000
       1.0000000000000000
       1.0000000000000000
       1.0000000000000000
       1.0000000000000000
       1.0000000000000000
       1.0000000000000000
       1.0000000000000000
       1.0000000000000000
       1.0000000000000000
       1.0000000000000000
       1.0000000000000000
       1.0000000000000000
       1.0000000000000000
       1.0000000000000000
       1.0000000000000000
       1.0000000000000000
       1.0000000000000000
       1.0000000000000000
       1.0000000000000000
       1.0000000000000000
       1.0000000000000000
       1.0000000000000000
       1.0000000000000000
       1.0000000000000000
       1.0000000000000000
       1.0000000000000000
       1.0000000000000000
       1.0000000000000000
       1.0000000000000000
       1.0000000000000000
       1.0000000000000000
       1.0000000000000000
       1.0000000000000000
       1.0000000000000000
       1.0000000000000000
       1.0000000000000000
       1.0000000000000000
       1.0000000000000000
       1.0000000000000000
       1.0000000000000000
       1.0000000000000000
       1.0000000000000000
       1.0000000000000000
       1.0000000000000000
       1.0000000000000000
       1.0000000000000000
       1.0000000000000000
       1.0000000000000000
       1.0000000000000000
       1.0000000000000000
       1.0000000000000000
       1.0000000000000000
       1.0000000000000000
       1.0000000000000000
       1.0000000000000000
       1.0000000000000000
       1.0000000000000000
       1.0000000000000000
       1.0000000000000000
       1.0000000000000000
       1.0000000000000000
       1.0000000000000000
       1.0000000000000000
       1.0000000000000000
       1.0000000000000000
       1.0000000000000000
       1.0000000000000000
       1.0000000000000000
       1.0000000000000000
       1.0000000000000000
       1.0000000000000000
       1.0000000000000000
       1.0000000000000000
       1.0000000000000000
       1.0000000000000000
       1.0000000000000000
       1.0000000000000000
       1.0000000000000000
       1.0000000000000000
       1.0000000000000000
       1.0000000000000000
       1.0000000000000000
       1.0000000000000000
       1.0000000000000000
       1.0000000000000000
       1.0000000000000000
       1.0000000000000000
       1.0000000000000000
       1.0000000000000000
       1.0000000000000000
       1.0000000000000000
       1.0000000000000000
       1.0000000000000000
       1.0000000000000000
       1.0000000000000000
       1.0000000000000000
       1.0000000000000000
       1.0000000000000000
       1.0000000000000000
       1.0000000000000000
       1.0000000000000000
       1.0000000000000000
       1.0000000000000000
       1.0000000000000000
       1.0000000000000000
       1.0000000000000000
       1.0000000000000000
       1.0000000000000000
       1.0000000000000000
       1.0000000000000000
       1.0000000000000000
       1.0000000000000000
       1.0000000000000000
       1.0000000000000000
       1.0000000000000000
       1.0000000000000000
       1.0000000000000000
       1.0000000000000000
       1.0000000000000000
       1.0000000000000000
       1.0000000000000000
       1.0000000000000000
       1.0000000000000000
       1.0000000000000000
       1.0000000000000000
       1.0000000000000000
       1.0000000000000000
       1.0000000000000000
       1.0000000000000000
       1.0000000000000000
       1.0000000000000000
       1.0000000000000000
       1.0000000000000000
       1.0000000000000000
       1.0000000000000000
       1.0000000000000000
       1.0000000000000000
       1.0000000000000000
       1.0000000000000000
       1.0000000000000000
       1.0000000000000000
       1.0000000000000000
       1.0000000000000000
       1.0000000000000000
       1.0000000000000000
       1.0000000000000000
       1.0000000000000000
       1.0000000000000000
       1.0000000000000000
       1.0000000000000000
       1.0000000000000000
       1.0000000000000000
       1.0000000000000000
       1.0000000000000000
       1.0000000000000000
       1.0000000000000000
       1.0000000000000000
       1.0000000000000000
       1.0000000000000000
       1.0000000000000000
       1.0000000000000000
       1.0000000000000000
       1.0000000000000000
       1.0000000000000000
       1.0000000000000000
       1.0000000000000000
       1.0000000000000000
       1.0000000000000000
       1.0000000000000000
       1.0000000000000000
       1.0000000000000000
       1.0000000000000000
       1.0000000000000000
       1.0000000000000000
       1.0000000000000000
       1.0000000000000000
       1.0000000000000000
       1.0000000000000000
       1.0000000000000000
       1.0000000000000000
       1.0000000000000000
       1.0000000000000000
       1.0000000000000000
       1.0000000000000000
       1.0000000000000000
       1.0000000000000000
       1.0000000000000000
       1.0000000000000000
       1.0000000000000000
       1.0000000000000000
       1.0000000000000000
       1.0000000000000000
       1.0000000000000000
       1.0000000000000000
       1.0000000000000000
       1.0000000000000000
       1.0000000000000000
       1.0000000000000000
       1.0000000000000000
       1.0000000000000000
       1.0000000000000000
       1.0000000000000000
       1.0000000000000000
       1.0000000000000000
       1.0000000000000000
       1.0000000000000000
       1.0000000000000000
       1.0000000000000000
       1.0000000000000000
       1.0000000000000000
       1.0000000000000000
       1.0000000000000000
       1.0000000000000000
       1.0000000000000000
       1.0000000000000000
       1.0000000000000000
       1.0000000000000000
       1.0000000000000000
       1.0000000000000000
       1.0000000000000000
       1.0000000000000000
       1.0000000000000000
       1.0000000000000000
       1.0000000000000000
       1.0000000000000000
       1.0000000000000000
       1.0000000000000000
       1.0000000000000000
       1.0000000000000000
       1.0000000000000000
       1.0000000000000000
       1.0000000000000000
       1.0000000000000000
       1.0000000000000000
       1.0000000000000000
       1.0000000000000000
       1.0000000000000000
       1.0000000000000000
       1.0000000000000000
       1.0000000000000000
       1.0000000000000000
       1.0000000000000000
       1.0000000000000000
       1.0000000000000000
       1.0000000000000000
       1.0000000000000000
       1.0000000000000000
       1.0000000000000000
       1.0000000000000000
       1.0000000000000000
       1.0000000000000000
       1.0000000000000000
       1.0000000000000000
       1.0000000000000000
       1.0000000000000000
       1.0000000000000000
       1.0000000000000000
       1.0000000000000000
       1.0000000000000000
       1.0000000000000000
       1.0000000000000000
       1.0000000000000000
       1.0000000000000000
       1.0000000000000000
       1.0000000000000000
       1.0000000000000000
       1.0000000000000000
       1.0000000000000000
       1.0000000000000000
       1.0000000000000000
       1.0000000000000000
       1.0000000000000000
       1.0000000000000000
       1.0000000000000000
       1.0000000000000000
       1.0000000000000000
       1.0000000000000000
       1.0000000000000000
       1.0000000000000000
       1.0000000000000000
       1.0000000000000000
       1.0000000000000000
       1.0000000000000000
       1.0000000000000000
       1.0000000000000000
       1.0000000000000000
       1.0000000000000000
       1.0000000000000000
       1.0000000000000000
       1.0000000000000000
       1.0000000000000000
       1.0000000000000000
       1.0000000000000000
       1.0000000000000000
       1.0000000000000000
       1.0000000000000000
       1.0000000000000000
       1.0000000000000000
       1.0000000000000000
       1.0000000000000000
       1.0000000000000000
       1.0000000000000000
       1.0000000000000000
       1.0000000000000000
       1.0000000000000000
       1.0000000000000000
       1.0000000000000000
       1.0000000000000000
       1.0000000000000000
       1.0000000000000000
       1.0000000000000000
       1.0000000000000000
       1.0000000000000000
       1.0000000000000000
       1.0000000000000000
       1.0000000000000000
       1.0000000000000000
       1.0000000000000000
       1.0000000000000000
       1.0000000000000000
       1.0000000000000000
       1.0000000000000000
       1.0000000000000000
       1.0000000000000000
       1.0000000000000000
       1.0000000000000000
       1.0000000000000000
       1.0000000000000000
       1.0000000000000000
       1.0000000000000000
       1.0000000000000000
       1.0000000000000000
       1.0000000000000000
       1.0000000000000000
       1.0000000000000000
       1.0000000000000000
       1.0000000000000000
       1.0000000000000000
       1.0000000000000000
       1.0000000000000000
       1.0000000000000000
       1.0000000000000000
       1.0000000000000000
       1.0000000000000000
       1.0000000000000000
       1.0000000000000000
       1.0000000000000000
       1.0000000000000000
       1.0000000000000000
       1.0000000000000000
       1.0000000000000000
       1.0000000000000000
       1.0000000000000000
       1.0000000000000000
       1.0000000000000000
       1.0000000000000000
       1.0000000000000000
       1.0000000000000000
       1.0000000000000000
       1.0000000000000000
       1.0000000000000000
       1.0000000000000000
       1.0000000000000000
       1.0000000000000000
       1.0000000000000000
       1.0000000000000000
       1.0000000000000000
       1.0000000000000000
       1.0000000000000000
       1.0000000000000000
       1.0000000000000000
       1.0000000000000000
       1.0000000000000000
       1.0000000000000000
       1.0000000000000000
       1.0000000000000000
       1.0000000000000000
       1.0000000000000000
       1.0000000000000000
       1.0000000000000000
       1.0000000000000000
       1.0000000000000000
       1.0000000000000000
       1.0000000000000000
       1.0000000000000000
       1.0000000000000000
       1.0000000000000000
       1.0000000000000000
       1.0000000000000000
       1.0000000000000000
       1.0000000000000000
       1.0000000000000000
       1.0000000000000000
       1.0000000000000000
       1.0000000000000000
       1.0000000000000000
       1.0000000000000000
       1.0000000000000000
       1.0000000000000000
       1.0000000000000000
       1.0000000000000000
       1.0000000000000000
       1.0000000000000000
       1.0000000000000000
       1.0000000000000000
       1.0000000000000000
       1.0000000000000000
       1.0000000000000000
       1.0000000000000000
       1.0000000000000000
       1.0000000000000000
       1.0000000000000000
       1.0000000000000000
       1.0000000000000000
       1.0000000000000000
       1.0000000000000000
       1.0000000000000000
       1.0000000000000000
       1.0000000000000000
       1.0000000000000000
       1.0000000000000000
       1.0000000000000000
       1.0000000000000000
       1.0000000000000000
       1.0000000000000000
       1.0000000000000000
       1.0000000000000000
       1.0000000000000000
       1.0000000000000000
       1.0000000000000000
       1.0000000000000000
       1.0000000000000000
       1.0000000000000000
       1.0000000000000000
       1.0000000000000000
       1.0000000000000000
       1.0000000000000000
       1.0000000000000000
       1.0000000000000000
       1.0000000000000000
       1.0000000000000000
       1.0000000000000000
       1.0000000000000000
       1.0000000000000000
       1.0000000000000000
       1.0000000000000000
       1.0000000000000000
       1.0000000000000000
       1.0000000000000000
       1.0000000000000000
       1.0000000000000000
       1.0000000000000000
       1.0000000000000000
       1.0000000000000000
       1.0000000000000000
       1.0000000000000000
       1.0000000000000000
       1.0000000000000000
       1.0000000000000000
       1.0000000000000000
       1.0000000000000000
       1.0000000000000000
       1.0000000000000000
       1.0000000000000000
       1.0000000000000000
       1.0000000000000000
       1.0000000000000000
       1.0000000000000000
       1.0000000000000000
       1.0000000000000000
       1.0000000000000000
       1.0000000000000000
       1.0000000000000000
       1.0000000000000000
       1.0000000000000000
       1.0000000000000000
       1.0000000000000000
       1.0000000000000000
       1.0000000000000000
       1.0000000000000000
       1.0000000000000000
       1.0000000000000000
       1.0000000000000000
       1.0000000000000000
       1.0000000000000000
       1.0000000000000000
       1.0000000000000000
       1.0000000000000000
       1.0000000000000000
       1.0000000000000000
       1.0000000000000000
       1.0000000000000000
       1.0000000000000000
       1.0000000000000000
       1.0000000000000000
       1.0000000000000000
       1.0000000000000000
       1.0000000000000000
       1.0000000000000000
       1.0000000000000000
       1.0000000000000000
       1.0000000000000000
       1.0000000000000000
       1.0000000000000000
       1.0000000000000000
       1.0000000000000000
       1.0000000000000000
       1.0000000000000000
       1.0000000000000000
       1.0000000000000000
       1.0000000000000000
       1.0000000000000000
       1.0000000000000000
       1.0000000000000000
       1.0000000000000000
       1.0000000000000000
       1.0000000000000000
       1.0000000000000000
       1.0000000000000000
       1.0000000000000000
       1.0000000000000000
       1.0000000000000000
       1.0000000000000000
       1.0000000000000000
       1.0000000000000000
       1.0000000000000000
       1.0000000000000000
       1.0000000000000000
       1.0000000000000000
       1.0000000000000000
       1.0000000000000000
       1.0000000000000000
       1.0000000000000000
       1.0000000000000000
       1.0000000000000000
       1.0000000000000000
       1.0000000000000000
       1.0000000000000000
       1.0000000000000000
       1.0000000000000000
       1.0000000000000000
       1.0000000000000000
       1.0000000000000000
       1.0000000000000000
       1.0000000000000000
       1.0000000000000000
       1.0000000000000000
       1.0000000000000000
       1.0000000000000000
       1.0000000000000000
       1.0000000000000000
       1.0000000000000000
       1.0000000000000000
       1.0000000000000000
       1.0000000000000000
       1.0000000000000000
       1.0000000000000000
       1.0000000000000000
       1.0000000000000000
       1.0000000000000000
       1.0000000000000000
       1.0000000000000000
       1.0000000000000000
       1.0000000000000000
       1.0000000000000000
       1.0000000000000000
       1.0000000000000000
       1.0000000000000000
       1.0000000000000000
       1.0000000000000000
       1.0000000000000000
       1.0000000000000000
       1.0000000000000000
       1.0000000000000000
       1.0000000000000000
       1.0000000000000000
       1.0000000000000000
       1.0000000000000000
       1.0000000000000000
       1.0000000000000000
       1.0000000000000000
       1.0000000000000000
       1.0000000000000000
       1.0000000000000000
       1.0000000000000000
       1.0000000000000000
       1.0000000000000000
       1.0000000000000000
       1.0000000000000000
       1.0000000000000000
       1.0000000000000000
       1.0000000000000000
       1.0000000000000000
       1.0000000000000000
       1.0000000000000000
       1.0000000000000000
       1.0000000000000000
       1.0000000000000000
       1.0000000000000000
       1.0000000000000000
       1.0000000000000000
       1.0000000000000000
       1.0000000000000000
       1.0000000000000000
       1.0000000000000000
       1.0000000000000000
       1.0000000000000000
       1.0000000000000000
       1.0000000000000000
       1.0000000000000000
       1.0000000000000000
       1.0000000000000000
       1.0000000000000000
       1.0000000000000000
       1.0000000000000000
       1.0000000000000000
       1.0000000000000000
       1.0000000000000000
       1.0000000000000000
       1.0000000000000000
       1.0000000000000000
       1.0000000000000000
       1.0000000000000000
       1.0000000000000000
       1.0000000000000000
       1.0000000000000000
       1.0000000000000000
       1.0000000000000000
       1.0000000000000000
       1.0000000000000000
       1.0000000000000000
       1.0000000000000000
       1.0000000000000000
       1.0000000000000000
       1.0000000000000000
       1.0000000000000000
       1.0000000000000000
       1.0000000000000000
       1.0000000000000000
       1.0000000000000000
       1.0000000000000000
       1.0000000000000000
       1.0000000000000000
       1.0000000000000000
       1.0000000000000000
       1.0000000000000000
       1.0000000000000000
       1.0000000000000000
       1.0000000000000000
       1.0000000000000000
       1.0000000000000000
       1.0000000000000000
       1.0000000000000000
       1.0000000000000000
       1.0000000000000000
       1.0000000000000000
       1.0000000000000000
       1.0000000000000000
       1.0000000000000000
       1.0000000000000000
       1.0000000000000000
       1.0000000000000000
       1.0000000000000000
       1.0000000000000000
       1.0000000000000000
       1.0000000000000000
       1.0000000000000000
       1.0000000000000000
       1.0000000000000000
       1.0000000000000000
       1.0000000000000000
       1.0000000000000000
       1.0000000000000000
       1.0000000000000000
       1.0000000000000000
       1.0000000000000000
       1.0000000000000000
       1.0000000000000000
       1.0000000000000000
       1.0000000000000000
       1.0000000000000000
       1.0000000000000000
       1.0000000000000000
       1.0000000000000000
       1.0000000000000000
       1.0000000000000000
       1.0000000000000000
       1.0000000000000000
       1.0000000000000000
       1.0000000000000000
       1.0000000000000000
       1.0000000000000000
       1.0000000000000000
       1.0000000000000000
       1.0000000000000000
       1.0000000000000000
       1.0000000000000000
       1.0000000000000000
       1.0000000000000000
       1.0000000000000000
       1.0000000000000000
       1.0000000000000000
       1.0000000000000000
       1.0000000000000000
       1.0000000000000000
       1.0000000000000000
