       0.4738610367805052
       0.4753204093546479
       0.4767797832853304
       0.4782391585725456
       0.4796985352162988
       0.4811579132165864
       0.4826172925734138
       0.4840766732867756
       0.4855360553566737
       0.4869954387831115
       0.4884548235660819
       0.4899142097055886
       0.4913735972016333
       0.4928329860542160
       0.4942923762633331
       0.4957517678289882
       0.4972111607511795
       0.4986705550299053
       0.5001299506651691
       0.5015893476569708
       0.5030487460053070
       0.5045081457101812
       0.5059675467715898
       0.5074269491895347
       0.5088863529640175
       0.5103457580950366
       0.5118051645825936
       0.5132645724266833
       0.5147239816273110
       0.5161833921844785
       0.5176428040981786
       0.5191022173684168
       0.5205616319951911
       0.5220210479785035
       0.5234804653183502
       0.5249398840147332
       0.5263993040676542
       0.5278587254771114
       0.5293181482431031
       0.5307775723656327
       0.5322369978447004
       0.5336964246803024
       0.5351558528724407
       0.5366152824211170
       0.5380747133263277
       0.5395341455880764
       0.5409935792063632
       0.5424530141811843
       0.5439124505125417
       0.5453718882004370
       0.5468313272448686
       0.5482907676458346
       0.5497502094033386
       0.5512096525173789
       0.5526690969879553
       0.5541285428150697
       0.5555879899987186
       0.5570474385389055
       0.5585068884356286
       0.5599663396888896
       0.5614257922986834
       0.5628852462650169
       0.5643447015878849
       0.5658041582672908
       0.5672636163032312
       0.5687230756957078
       0.5701825364447242
       0.5716419985502750
       0.5731014620123638
       0.5745609268309870
       0.5760203930061465
       0.5774798605378439
       0.5789393294260776
       0.5803987996708475
       0.5818582712721536
       0.5833177442299959
       0.5847772185443745
       0.5862366942152928
       0.5876961712427455
       0.5891556496267345
       0.5906151293672597
       0.5920746104643211
       0.5935340929179187
       0.5949935767280543
       0.5964530618947261
       0.5979125484179342
       0.5993720362976784
       0.6008315255339554
       0.6022910161267738
       0.6037505080761267
       0.6052100013820176
       0.6066694960444448
       0.6081289920634063
       0.6095884894389059
       0.6110479881709434
       0.6125074882595172
       0.6139669897046236
       0.6154264925062698
       0.6168859966644504
       0.6183455021791691
       0.6198050090504257
       0.6212645172782150
       0.6227240268625440
       0.6241835378034075
       0.6256430501008108
       0.6271025637547467
       0.6285620787652206
       0.6300215951322308
       0.6314811128557771
       0.6329406319358597
       0.6344001523724803
       0.6358596741656353
       0.6373191973153283
       0.6387787218215593
       0.6402382476843229
       0.6416977749036246
       0.6431573034794624
       0.6446168334118383
       0.6460763647007486
       0.6475358973461969
       0.6489954313481832
       0.6504549667067039
       0.6519145034217608
       0.6533740414933558
       0.6548335809214851
       0.6562931217061507
       0.6577526638473525
       0.6592122073450941
       0.6606717521993701
       0.6621312984101824
       0.6635908459775344
       0.6650503949014190
       0.6665099451818399
       0.6679694968187988
       0.6694290498122939
       0.6708886041623252
       0.6723481598688927
       0.6738077169320000
       0.6752672753516382
       0.6767268351278162
       0.6781863962605303
       0.6796459587497807
       0.6811055225955691
       0.6825650877978919
       0.6840246543567527
       0.6854842222721480
       0.6869437915440795
       0.6884033621725507
       0.6898629341575564
       0.6913225074991001
       0.6927820821971782
       0.6942416582517907
       0.6957012356629431
       0.6971608144306316
       0.6986203945548564
       0.7000799760356173
       0.7015395588729145
       0.7029991430667479
       0.7044587286171211
       0.7059183155240287
       0.7073779037874708
       0.7088374934074508
       0.7102970843839671
       0.7117566767170196
       0.7132162704066083
       0.7146758654527350
       0.7161354618553979
       0.7175950596145970
       0.7190546587303324
       0.7205142592026021
       0.7219738610314099
       0.7234334642167575
       0.7248930687586395
       0.7263526746570559
       0.7278122819120103
       0.7292718905234992
       0.7307315004915278
       0.7321911118160909
       0.7336507244971919
       0.7351103385348274
       0.7365699539290009
       0.7380295706797106
       0.7394891887869566
       0.7409488082507405
       0.7424084290710571
       0.7438680512479134
       0.7453276747813060
       0.7467872996712330
       0.7482469259176998
       0.7497065535207010
       0.7511661824802367
       0.7526258127963121
       0.7540854444689238
       0.7555450774980699
       0.7570047118837540
       0.7584643476259760
       0.7599239847247308
       0.7613836231800253
       0.7628432629918542
       0.7643029041602194
       0.7657625466851226
       0.7672221905665619
       0.7686818358045375
       0.7701414823990493
       0.7716011303500974
       0.7730607796576816
       0.7745204303218038
       0.7759800823424623
       0.7774397357196552
       0.7788993904533879
       0.7803590465436550
       0.7818187039904601
       0.7832783627937996
       0.7847380229536771
       0.7861976844700891
       0.7876573473430390
       0.7891170115725252
       0.7905766771585476
       0.7920363441011098
       0.7934960124002028
       0.7949556820558357
       0.7964153530680029
       0.7978750254367100
       0.7993346991619514
       0.8007943742437291
       0.8022540506820430
       0.8037137284768949
       0.8051734076282813
       0.8066330881362056
       0.8080927700006661
       0.8095524532216629
       0.8110121377991977
       0.8124718237332686
       0.8139315110238741
       0.8153911996710175
       0.8168508896746971
       0.8183105810349129
       0.8197702737516650
       0.8212299678249533
       0.8226896632547778
       0.8241493600411385
       0.8256090581840390
       0.8270687576834739
       0.8285284585394450
       0.8299881607519524
       0.8314478643209959
       0.8329075692465775
       0.8343672755286935
       0.8358269831673457
       0.8372866921625377
       0.8387464025142641
       0.8402061142225268
       0.8416658272873256
       0.8431255417086607
       0.8445852574865338
       0.8460449746209431
       0.8475046931118904
       0.8489644129593703
       0.8504241341633900
       0.8518838567239442
       0.8533435806410345
       0.8548033059146629
       0.8562630325448275
       0.8577227605315283
       0.8591824898747653
       0.8606422205745403
       0.8621019526308480
       0.8635616860436954
       0.8650214208130773
       0.8664811569389972
       0.8679408944214551
       0.8694006332604474
       0.8708603734559741
       0.8723201150080424
       0.8737798579166434
       0.8752396021817805
       0.8766993478034575
       0.8781590947816706
       0.8796188431164165
       0.8810785928077003
       0.8825383438555221
       0.8839980962598784
       0.8854578500207726
       0.8869176051382031
       0.8883773616121697
       0.8898371194426726
       0.8912968786297135
       0.8927566391732888
       0.8942164010734022
       0.8956761643300517
       0.8971359289432375
       0.8985956949129594
       0.9000554622392158
       0.9015152309220120
       0.9029750009613444
       0.9044347723572130
       0.9058945451096161
       0.9073543192185571
       0.9088140946840344
       0.9102738715060479
       0.9117336496845994
       0.9131934292196870
       0.9146532101113092
       0.9161129923594693
       0.9175727759641656
       0.9190325609253982
       0.9204923472431670
       0.9219521349174737
       0.9234119239483149
       0.9248717143356942
       0.9263315060796096
       0.9277912991800612
       0.9292510936370473
       0.9307108894505749
       0.9321706866206352
       0.9336304851472317
       0.9350902850303644
       0.9365500862700369
       0.9380098888662438
       0.9394696928189870
       0.9409294981282681
       0.9423893047940837
       0.9438491128164355
       0.9453089221953270
       0.9467687329307530
       0.9482285450227153
       0.9496883584712137
       0.9511481732762483
       0.9526079894378210
       0.9540678069559281
       0.9555276258305749
       0.9569874460617545
       0.9584472676494737
       0.9599070905937257
       0.9613669148945174
       0.9628267405518454
       0.9642865675657077
       0.9657463959361081
       0.9672062256630447
       0.9686660567465175
       0.9701258891865283
       0.9715857229830753
       0.9730455581361550
       0.9745053946457745
       0.9759652325119301
       0.9774250717346220
       0.9788849123138501
       0.9803447542496162
       0.9818045975419167
       0.9832644421907553
       0.9847242881961300
       0.9861841355580374
       0.9876439842764864
       0.9891038343514715
       0.9905636857829911
       0.9920235385710487
       0.9934833927156408
       0.9949432482167690
       0.9964031050744353
       0.9978629632886395
       0.9993228228593782
       1.0000000000000000
       1.0000000000000000
       1.0000000000000000
       1.0000000000000000
       1.0000000000000000
       1.0000000000000000
       1.0000000000000000
       1.0000000000000000
       1.0000000000000000
       1.0000000000000000
       1.0000000000000000
       1.0000000000000000
       1.0000000000000000
       1.0000000000000000
       1.0000000000000000
       1.0000000000000000
       1.0000000000000000
       1.0000000000000000
       1.0000000000000000
       1.0000000000000000
       1.0000000000000000
       1.0000000000000000
       1.0000000000000000
       1.0000000000000000
       1.0000000000000000
       1.0000000000000000
       1.0000000000000000
       1.0000000000000000
       1.0000000000000000
       1.0000000000000000
       1.0000000000000000
       1.0000000000000000
       1.0000000000000000
       1.0000000000000000
       1.0000000000000000
       1.0000000000000000
       1.0000000000000000
       1.0000000000000000
       1.0000000000000000
       1.0000000000000000
       1.0000000000000000
       1.0000000000000000
       1.0000000000000000
       1.0000000000000000
       1.0000000000000000
       1.0000000000000000
       1.0000000000000000
       1.0000000000000000
       1.0000000000000000
       1.0000000000000000
       1.0000000000000000
       1.0000000000000000
       1.0000000000000000
       1.0000000000000000
       1.0000000000000000
       1.0000000000000000
       1.0000000000000000
       1.0000000000000000
       1.0000000000000000
       1.0000000000000000
       1.0000000000000000
       1.0000000000000000
       1.0000000000000000
       1.0000000000000000
       1.0000000000000000
       1.0000000000000000
       1.0000000000000000
       1.0000000000000000
       1.0000000000000000
       1.0000000000000000
       1.0000000000000000
       1.0000000000000000
       1.0000000000000000
       1.0000000000000000
       1.0000000000000000
       1.0000000000000000
       1.0000000000000000
       1.0000000000000000
       1.0000000000000000
       1.0000000000000000
       1.0000000000000000
       1.0000000000000000
       1.0000000000000000
       1.0000000000000000
       1.0000000000000000
       1.0000000000000000
       1.0000000000000000
       1.0000000000000000
       1.0000000000000000
       1.0000000000000000
       1.0000000000000000
       1.0000000000000000
       1.0000000000000000
       1.0000000000000000
       1.0000000000000000
       1.0000000000000000
       1.0000000000000000
       1.0000000000000000
       1.0000000000000000
       1.0000000000000000
       1.0000000000000000
       1.0000000000000000
       1.0000000000000000
       1.0000000000000000
       1.0000000000000000
       1.0000000000000000
       1.0000000000000000
       1.0000000000000000
       1.0000000000000000
       1.0000000000000000
       1.0000000000000000
       1.0000000000000000
       1.0000000000000000
       1.0000000000000000
       1.0000000000000000
       1.0000000000000000
       1.0000000000000000
       1.0000000000000000
       1.0000000000000000
       1.0000000000000000
       1.0000000000000000
       1.0000000000000000
       1.0000000000000000
       1.0000000000000000
       1.0000000000000000
       1.0000000000000000
       1.0000000000000000
       1.0000000000000000
       1.0000000000000000
       1.0000000000000000
       1.0000000000000000
       1.0000000000000000
       1.0000000000000000
       1.0000000000000000
       1.0000000000000000
       1.0000000000000000
       1.0000000000000000
       1.0000000000000000
       1.0000000000000000
       1.0000000000000000
       1.0000000000000000
       1.0000000000000000
       1.0000000000000000
       1.0000000000000000
       1.0000000000000000
       1.0000000000000000
       1.0000000000000000
       1.0000000000000000
       1.0000000000000000
       1.0000000000000000
       1.0000000000000000
       1.0000000000000000
       1.0000000000000000
       1.0000000000000000
       1.0000000000000000
       1.0000000000000000
       1.0000000000000000
       1.0000000000000000
       1.0000000000000000
       1.0000000000000000
       1.0000000000000000
       1.0000000000000000
       1.0000000000000000
       1.0000000000000000
       1.0000000000000000
       1.0000000000000000
       1.0000000000000000
       1.0000000000000000
       1.0000000000000000
       1.0000000000000000
       1.0000000000000000
       1.0000000000000000
       1.0000000000000000
       1.0000000000000000
       1.0000000000000000
       1.0000000000000000
       1.0000000000000000
       1.0000000000000000
       1.0000000000000000
       1.0000000000000000
       1.0000000000000000
       1.0000000000000000
       1.0000000000000000
       1.0000000000000000
       1.0000000000000000
       1.0000000000000000
       1.0000000000000000
       1.0000000000000000
       1.0000000000000000
       1.0000000000000000
       1.0000000000000000
       1.0000000000000000
       1.0000000000000000
       1.0000000000000000
       1.0000000000000000
       1.0000000000000000
       1.0000000000000000
       1.0000000000000000
       1.0000000000000000
       1.0000000000000000
       1.0000000000000000
       1.0000000000000000
       1.0000000000000000
       1.0000000000000000
       1.0000000000000000
       1.0000000000000000
       1.0000000000000000
       1.0000000000000000
       1.0000000000000000
       1.0000000000000000
       1.0000000000000000
       1.0000000000000000
       1.0000000000000000
       1.0000000000000000
       1.0000000000000000
       1.0000000000000000
       1.0000000000000000
       1.0000000000000000
       1.0000000000000000
       1.0000000000000000
       1.0000000000000000
       1.0000000000000000
       1.0000000000000000
       1.0000000000000000
       1.0000000000000000
       1.0000000000000000
       1.0000000000000000
       1.0000000000000000
       1.0000000000000000
       1.0000000000000000
       1.0000000000000000
       1.0000000000000000
       1.0000000000000000
       1.0000000000000000
       1.0000000000000000
       1.0000000000000000
       1.0000000000000000
       1.0000000000000000
       1.0000000000000000
       1.0000000000000000
       1.0000000000000000
       1.0000000000000000
       1.0000000000000000
       1.0000000000000000
       1.0000000000000000
       1.0000000000000000
       1.0000000000000000
       1.0000000000000000
       1.0000000000000000
       1.0000000000000000
       1.0000000000000000
       1.0000000000000000
       1.0000000000000000
       1.0000000000000000
       1.0000000000000000
       1.0000000000000000
       1.0000000000000000
       1.0000000000000000
       1.0000000000000000
       1.0000000000000000
       1.0000000000000000
       1.0000000000000000
       1.0000000000000000
       1.0000000000000000
       1.0000000000000000
       1.0000000000000000
       1.0000000000000000
       1.0000000000000000
       1.0000000000000000
       1.0000000000000000
       1.0000000000000000
       1.0000000000000000
       1.0000000000000000
       1.0000000000000000
       1.0000000000000000
       1.0000000000000000
       1.0000000000000000
       1.0000000000000000
       1.0000000000000000
       1.0000000000000000
       1.0000000000000000
       1.0000000000000000
       1.0000000000000000
       1.0000000000000000
       1.0000000000000000
       1.0000000000000000
       1.0000000000000000
       1.0000000000000000
       1.0000000000000000
       1.0000000000000000
       1.0000000000000000
       1.0000000000000000
       1.0000000000000000
       1.0000000000000000
       1.0000000000000000
       1.0000000000000000
       1.0000000000000000
       1.0000000000000000
       1.0000000000000000
       1.0000000000000000
       1.0000000000000000
       1.0000000000000000
       1.0000000000000000
       1.0000000000000000
       1.0000000000000000
       1.0000000000000000
       1.0000000000000000
       1.0000000000000000
       1.0000000000000000
       1.0000000000000000
       1.0000000000000000
       1.0000000000000000
       1.0000000000000000
       1.0000000000000000
       1.0000000000000000
       1.0000000000000000
       1.0000000000000000
       1.0000000000000000
       1.0000000000000000
       1.0000000000000000
       1.0000000000000000
       1.0000000000000000
       1.0000000000000000
       1.0000000000000000
       1.0000000000000000
       1.0000000000000000
       1.0000000000000000
       1.0000000000000000
       1.0000000000000000
       1.0000000000000000
       1.0000000000000000
       1.0000000000000000
       1.0000000000000000
       1.0000000000000000
       1.0000000000000000
       1.0000000000000000
       1.0000000000000000
       1.0000000000000000
       1.0000000000000000
       1.0000000000000000
       1.0000000000000000
       1.0000000000000000
       1.0000000000000000
       1.0000000000000000
       1.0000000000000000
       1.0000000000000000
       1.0000000000000000
       1.0000000000000000
       1.0000000000000000
       1.0000000000000000
       1.0000000000000000
       1.0000000000000000
       1.0000000000000000
       1.0000000000000000
       1.0000000000000000
       1.0000000000000000
       1.0000000000000000
       1.0000000000000000
       1.0000000000000000
       1.0000000000000000
       1.0000000000000000
       1.0000000000000000
       1.0000000000000000
       1.0000000000000000
       1.0000000000000000
       1.0000000000000000
       1.0000000000000000
       1.0000000000000000
       1.0000000000000000
       1.0000000000000000
       1.0000000000000000
       1.0000000000000000
       1.0000000000000000
       1.0000000000000000
       1.0000000000000000
       1.0000000000000000
       1.0000000000000000
       1.0000000000000000
       1.0000000000000000
       1.0000000000000000
       1.0000000000000000
       1.0000000000000000
       1.0000000000000000
       1.0000000000000000
       1.0000000000000000
       1.0000000000000000
       1.0000000000000000
       1.0000000000000000
       1.0000000000000000
       1.0000000000000000
       1.0000000000000000
       1.0000000000000000
       1.0000000000000000
       1.0000000000000000
       1.0000000000000000
       1.0000000000000000
       1.0000000000000000
       1.0000000000000000
       1.0000000000000000
       1.0000000000000000
       1.0000000000000000
       1.0000000000000000
       1.0000000000000000
       1.0000000000000000
       1.0000000000000000
       1.0000000000000000
       1.0000000000000000
       1.0000000000000000
       1.0000000000000000
       1.0000000000000000
       1.0000000000000000
       1.0000000000000000
       1.0000000000000000
       1.0000000000000000
       1.0000000000000000
       1.0000000000000000
       1.0000000000000000
       1.0000000000000000
       1.0000000000000000
       1.0000000000000000
       1.0000000000000000
       1.0000000000000000
       1.0000000000000000
       1.0000000000000000
       1.0000000000000000
       1.0000000000000000
       1.0000000000000000
       1.0000000000000000
       1.0000000000000000
       1.0000000000000000
       1.0000000000000000
       1.0000000000000000
       1.0000000000000000
       1.0000000000000000
       1.0000000000000000
       1.0000000000000000
       1.0000000000000000
       1.0000000000000000
       1.0000000000000000
       1.0000000000000000
       1.0000000000000000
       1.0000000000000000
       1.0000000000000000
       1.0000000000000000
       1.0000000000000000
       1.0000000000000000
       1.0000000000000000
       1.0000000000000000
       1.0000000000000000
       1.0000000000000000
       1.0000000000000000
       1.0000000000000000
       1.0000000000000000
       1.0000000000000000
       1.0000000000000000
       1.0000000000000000
       1.0000000000000000
       1.0000000000000000
       1.0000000000000000
       1.0000000000000000
       1.0000000000000000
       1.0000000000000000
       1.0000000000000000
       1.0000000000000000
       1.0000000000000000
       1.0000000000000000
       1.0000000000000000
       1.0000000000000000
       1.0000000000000000
       1.0000000000000000
       1.0000000000000000
       1.0000000000000000
       1.0000000000000000
       1.0000000000000000
       1.0000000000000000
       1.0000000000000000
       1.0000000000000000
       1.0000000000000000
       1.0000000000000000
       1.0000000000000000
       1.0000000000000000
       1.0000000000000000
       1.0000000000000000
       1.0000000000000000
       1.0000000000000000
       1.0000000000000000
       1.0000000000000000
       1.0000000000000000
       1.0000000000000000
       1.0000000000000000
       1.0000000000000000
       1.0000000000000000
       1.0000000000000000
       1.0000000000000000
       1.0000000000000000
       1.0000000000000000
       1.0000000000000000
       1.0000000000000000
       1.0000000000000000
       1.0000000000000000
       1.0000000000000000
       1.0000000000000000
       1.0000000000000000
       1.0000000000000000
       1.0000000000000000
       1.0000000000000000
       1.0000000000000000
       1.0000000000000000
       1.0000000000000000
       1.0000000000000000
       1.0000000000000000
       1.0000000000000000
       1.0000000000000000
       1.0000000000000000
       1.0000000000000000
       1.0000000000000000
       1.0000000000000000
       1.0000000000000000
       1.0000000000000000
       1.0000000000000000
       1.0000000000000000
       1.0000000000000000
       1.0000000000000000
       1.0000000000000000
       1.0000000000000000
       1.0000000000000000
       1.0000000000000000
       1.0000000000000000
       1.0000000000000000
       1.0000000000000000
       1.0000000000000000
       1.0000000000000000
       1.0000000000000000
       1.0000000000000000
       1.0000000000000000
       1.0000000000000000
       1.0000000000000000
       1.0000000000000000
       1.0000000000000000
       1.0000000000000000
       1.0000000000000000
       1.0000000000000000
       1.0000000000000000
       1.0000000000000000
       1.0000000000000000
       1.0000000000000000
       1.0000000000000000
       1.0000000000000000
       1.0000000000000000
       1.0000000000000000
       1.0000000000000000
       1.0000000000000000
       1.0000000000000000
       1.0000000000000000
       1.0000000000000000
       1.0000000000000000
       1.0000000000000000
       1.0000000000000000
       1.0000000000000000
       1.0000000000000000
       1.0000000000000000
       1.0000000000000000
       1.0000000000000000
       1.0000000000000000
       1.0000000000000000
       1.0000000000000000
       1.0000000000000000
       1.0000000000000000
       1.0000000000000000
       1.0000000000000000
       1.0000000000000000
       1.0000000000000000
       1.0000000000000000
       1.0000000000000000
       1.0000000000000000
       1.0000000000000000
       1.0000000000000000
       1.0000000000000000
       1.0000000000000000
       1.0000000000000000
       1.0000000000000000
       1.0000000000000000
       1.0000000000000000
       1.0000000000000000
       1.0000000000000000
       1.0000000000000000
       1.0000000000000000
       1.0000000000000000
       1.0000000000000000
       1.0000000000000000
       1.0000000000000000
       1.0000000000000000
       1.0000000000000000
       1.0000000000000000
       1.0000000000000000
       1.0000000000000000
       1.0000000000000000
       1.0000000000000000
       1.0000000000000000
       1.0000000000000000
       1.0000000000000000
       1.0000000000000000
       1.0000000000000000
       1.0000000000000000
       1.0000000000000000
       1.0000000000000000
       1.0000000000000000
       1.0000000000000000
       1.0000000000000000
       1.0000000000000000
       1.0000000000000000
       1.0000000000000000
       1.0000000000000000
       1.0000000000000000
       1.0000000000000000
       1.0000000000000000
       1.0000000000000000
       1.0000000000000000
       1.0000000000000000
       1.0000000000000000
       1.0000000000000000
       1.0000000000000000
       1.0000000000000000
       1.0000000000000000
       1.0000000000000000
       1.0000000000000000
       1.0000000000000000
       1.0000000000000000
       1.0000000000000000
       1.0000000000000000
       1.0000000000000000
       1.0000000000000000
       1.0000000000000000
       1.0000000000000000
       1.0000000000000000
       1.0000000000000000
       1.0000000000000000
       1.0000000000000000
       1.0000000000000000
       1.0000000000000000
       1.0000000000000000
       1.0000000000000000
       1.0000000000000000
       1.0000000000000000
       1.0000000000000000
       1.0000000000000000
       1.0000000000000000
       1.0000000000000000
       1.0000000000000000
       1.0000000000000000
       1.0000000000000000
       1.0000000000000000
       1.0000000000000000
       1.0000000000000000
       1.0000000000000000
       1.0000000000000000
       1.0000000000000000
       1.0000000000000000
       1.0000000000000000
       1.0000000000000000
       1.0000000000000000
       1.0000000000000000
       1.0000000000000000
       1.0000000000000000
       1.0000000000000000
       1.0000000000000000
       1.0000000000000000
       1.0000000000000000
       1.0000000000000000
       1.0000000000000000
       1.0000000000000000
       1.0000000000000000
       1.0000000000000000
       1.0000000000000000
       1.0000000000000000
       1.0000000000000000
       1.0000000000000000
       1.0000000000000000
       1.0000000000000000
       1.0000000000000000
       1.0000000000000000
       1.0000000000000000
       1.0000000000000000
       1.0000000000000000
       1.0000000000000000
       1.0000000000000000
       1.0000000000000000
       1.0000000000000000
       1.0000000000000000
       1.0000000000000000
       1.0000000000000000
       1.0000000000000000
       1.0000000000000000
       1.0000000000000000
       1.0000000000000000
       1.0000000000000000
       1.0000000000000000
       1.0000000000000000
       1.0000000000000000
       1.0000000000000000
       1.0000000000000000
       1.0000000000000000
       1.0000000000000000
       1.0000000000000000
       1.0000000000000000
       1.0000000000000000
       1.0000000000000000
       1.0000000000000000
       1.0000000000000000
       1.0000000000000000
       1.0000000000000000
       1.0000000000000000
       1.0000000000000000
       1.0000000000000000
       1.0000000000000000
       1.0000000000000000
       1.0000000000000000
       1.0000000000000000
       1.0000000000000000
       1.0000000000000000
       1.0000000000000000
       1.0000000000000000
       1.0000000000000000
       1.0000000000000000
       1.0000000000000000
       1.0000000000000000
       1.0000000000000000
       1.0000000000000000
       1.0000000000000000
       1.0000000000000000
       1.0000000000000000
       1.0000000000000000
       1.0000000000000000
       1.0000000000000000
       1.0000000000000000
       1.0000000000000000
       1.0000000000000000
       1.0000000000000000
       1.0000000000000000
       1.0000000000000000
       1.0000000000000000
       1.0000000000000000
       1.0000000000000000
       1.0000000000000000
       1.0000000000000000
       1.0000000000000000
       1.0000000000000000
       1.0000000000000000
       1.0000000000000000
       1.0000000000000000
       1.0000000000000000
       1.0000000000000000
       1.0000000000000000
       1.0000000000000000
       1.0000000000000000
       1.0000000000000000
       1.0000000000000000
       1.0000000000000000
       1.0000000000000000
       1.0000000000000000
       1.0000000000000000
       1.0000000000000000
       1.0000000000000000
       1.0000000000000000
       1.0000000000000000
       1.0000000000000000
       1.0000000000000000
       1.0000000000000000
       1.0000000000000000
       1.0000000000000000
       1.0000000000000000
       1.0000000000000000
       1.0000000000000000
       1.0000000000000000
       1.0000000000000000
       1.0000000000000000
       1.0000000000000000
       1.0000000000000000
       1.0000000000000000
       1.0000000000000000
       1.0000000000000000
       1.0000000000000000
       1.0000000000000000
       1.0000000000000000
       1.0000000000000000
       1.0000000000000000
       1.0000000000000000
       1.0000000000000000
       1.0000000000000000
       1.0000000000000000
       1.0000000000000000
       1.0000000000000000
       1.0000000000000000
       1.0000000000000000
       1.0000000000000000
       1.0000000000000000
       1.0000000000000000
       1.0000000000000000
       1.0000000000000000
       1.0000000000000000
       1.0000000000000000
       1.0000000000000000
       1.0000000000000000
       1.0000000000000000
       1.0000000000000000
       1.0000000000000000
       1.0000000000000000
       1.0000000000000000
       1.0000000000000000
       1.0000000000000000
       1.0000000000000000
       1.0000000000000000
       1.0000000000000000
       1.0000000000000000
       1.0000000000000000
       1.0000000000000000
       1.0000000000000000
       1.0000000000000000
       1.0000000000000000
       1.0000000000000000
       1.0000000000000000
       1.0000000000000000
       1.0000000000000000
       1.0000000000000000
       1.0000000000000000
       1.0000000000000000
       1.0000000000000000
       1.0000000000000000
       1.0000000000000000
       1.0000000000000000
       1.0000000000000000
       1.0000000000000000
       1.0000000000000000
       1.0000000000000000
       1.0000000000000000
       1.0000000000000000
       1.0000000000000000
       1.0000000000000000
       1.0000000000000000
       1.0000000000000000
       1.0000000000000000
       1.0000000000000000
       1.0000000000000000
       1.0000000000000000
       1.0000000000000000
       1.0000000000000000
       1.0000000000000000
       1.0000000000000000
       1.0000000000000000
       1.0000000000000000
       1.0000000000000000
       1.0000000000000000
       1.0000000000000000
       1.0000000000000000
       1.0000000000000000
       1.0000000000000000
       1.0000000000000000
       1.0000000000000000
       1.0000000000000000
       1.0000000000000000
       1.0000000000000000
       1.0000000000000000
       1.0000000000000000
       1.0000000000000000
       1.0000000000000000
       1.0000000000000000
       1.0000000000000000
       1.0000000000000000
       1.0000000000000000
       1.0000000000000000
       1.0000000000000000
       1.0000000000000000
       1.0000000000000000
       1.0000000000000000
       1.0000000000000000
       1.0000000000000000
       1.0000000000000000
       1.0000000000000000
       1.0000000000000000
       1.0000000000000000
       1.0000000000000000
       1.0000000000000000
       1.0000000000000000
       1.0000000000000000
       1.0000000000000000
       1.0000000000000000
       1.0000000000000000
       1.0000000000000000
       1.0000000000000000
       1.0000000000000000
       1.0000000000000000
       1.0000000000000000
       1.0000000000000000
       1.0000000000000000
       1.0000000000000000
       1.0000000000000000
       1.0000000000000000
       1.0000000000000000
       1.0000000000000000
       1.0000000000000000
       1.0000000000000000
       1.0000000000000000
       1.0000000000000000
       1.0000000000000000
       1.0000000000000000
       1.0000000000000000
       1.0000000000000000
       1.0000000000000000
       1.0000000000000000
       1.0000000000000000
       1.0000000000000000
       1.0000000000000000
       1.0000000000000000
