       0.5683447580690153
       0.5696101770479061
       0.5708755972030470
       0.5721410185344364
       0.5734064410420778
       0.5746718647259659
       0.5759372895861041
       0.5772027156224926
       0.5784681428351313
       0.5797335712240184
       0.5809990007891557
       0.5822644315305414
       0.5835298634481774
       0.5847952965420635
       0.5860607308121981
       0.5873261662585829
       0.5885916028812161
       0.5898570406800996
       0.5911224796552332
       0.5923879198066153
       0.5936533611342476
       0.5949188036381283
       0.5961842473182593
       0.5974496921746404
       0.5987151382072717
       0.5999805854161515
       0.6012460338012797
       0.6025114833626581
       0.6037769341002868
       0.6050423860141638
       0.6063078391042911
       0.6075732933706668
       0.6088387488132945
       0.6101042054321688
       0.6113696632272951
       0.6126351221986699
       0.6139005823462949
       0.6151660436701682
       0.6164315061702919
       0.6176969698466639
       0.6189624346992861
       0.6202279007281568
       0.6214933679332795
       0.6227588363146506
       0.6240243058722719
       0.6252897766061416
       0.6265552485162598
       0.6278207216026281
       0.6290861958652467
       0.6303516713041173
       0.6316171479192345
       0.6328826257106002
       0.6341481046782178
       0.6354135848220821
       0.6366790661421984
       0.6379445486385631
       0.6392100323111780
       0.6404755171600414
       0.6417410031851567
       0.6430064903865187
       0.6442719787641327
       0.6455374683179951
       0.6468029590481059
       0.6480684509544652
       0.6493339440370782
       0.6505994382959379
       0.6518649337310478
       0.6531304303424061
       0.6543959281300165
       0.6556614270938734
       0.6569269272339806
       0.6581924285503380
       0.6594579310429456
       0.6607234347118016
       0.6619889395569079
       0.6632544455782625
       0.6645199527758692
       0.6657854611497225
       0.6670509706998260
       0.6683164814261797
       0.6695819933287819
       0.6708475064076360
       0.6721130206627386
       0.6733785360940878
       0.6746440527016908
       0.6759095704855405
       0.6771750894456403
       0.6784406095819904
       0.6797061308945906
       0.6809716533834376
       0.6822371770485365
       0.6835027018898838
       0.6847682279074814
       0.6860337551013274
       0.6872992834714235
       0.6885648130177699
       0.6898303437403648
       0.6910958756392098
       0.6923614087143033
       0.6936269429656470
       0.6948924783932409
       0.6961580149970832
       0.6974235527771757
       0.6986890917335185
       0.6999546318661078
       0.7012201731749492
       0.7024857156600408
       0.7037512593213791
       0.7050168041589693
       0.7062823501728079
       0.7075478973628968
       0.7088134457292341
       0.7100789952718216
       0.7113445459906593
       0.7126100978857455
       0.7138756509570801
       0.7151412052046684
       0.7164067606285016
       0.7176723172285868
       0.7189378750049205
       0.7202034339575043
       0.7214689940863384
       0.7227345553914208
       0.7240001178727518
       0.7252656815303347
       0.7265312463641642
       0.7277968123742458
       0.7290623795605757
       0.7303279479231559
       0.7315935174619845
       0.7328590881770634
       0.7341246600683924
       0.7353902331359699
       0.7366558073797975
       0.7379213827998736
       0.7391869593961999
       0.7404525371687765
       0.7417181161176014
       0.7429836962426766
       0.7442492775440002
       0.7455148600215740
       0.7467804436753980
       0.7480460285054704
       0.7493116145117948
       0.7505772016943659
       0.7518427900531872
       0.7531083795882587
       0.7543739702995786
       0.7556395621871488
       0.7569051552509674
       0.7581707494910379
       0.7594363449073569
       0.7607019414999243
       0.7619675392687402
       0.7632331382138098
       0.7644987383351260
       0.7657643396326925
       0.7670299421065074
       0.7682955457565708
       0.7695611505828879
       0.7708267565854499
       0.7720923637642638
       0.7733579721193298
       0.7746235816506406
       0.7758891923582034
       0.7771548042420147
       0.7784204173020761
       0.7796860315383878
       0.7809516469509479
       0.7822172635397582
       0.7834828813048169
       0.7847485002461259
       0.7860141203636850
       0.7872797416574926
       0.7885453641275504
       0.7898109877738566
       0.7910766125964130
       0.7923422385952179
       0.7936078657702748
       0.7948734941215800
       0.7961391236491338
       0.7974047543529377
       0.7986703862329918
       0.7999360192892944
       0.8012016535218471
       0.8024672889306483
       0.8037329255157015
       0.8049985632770014
       0.8062642022145532
       0.8075298423283517
       0.8087954836184039
       0.8100611260847010
       0.8113267697272502
       0.8125924145460477
       0.8138580605410954
       0.8151237077123952
       0.8163893560599398
       0.8176550055837364
       0.8189206562837832
       0.8201863081600784
       0.8214519612126239
       0.8227176154414160
       0.8239832708464601
       0.8252489274277561
       0.8265145851852971
       0.8277802441190882
       0.8290459042291314
       0.8303115655154247
       0.8315772279779647
       0.8328428916167532
       0.8341085564317936
       0.8353742224230842
       0.8366398895906233
       0.8379055579344108
       0.8391712274544503
       0.8404368981507382
       0.8417025700232745
       0.8429682430720611
       0.8442339172970978
       0.8454995926983830
       0.8467652692759167
       0.8480309470297023
       0.8492966259597363
       0.8505623060660206
       0.8518279873485533
       0.8530936698073361
       0.8543593534423675
       0.8556250382536508
       0.8568907242411807
       0.8581564114049609
       0.8594220997449931
       0.8606877892612737
       0.8619534799538009
       0.8632191718225801
       0.8644848648676096
       0.8657505590888874
       0.8670162544864137
       0.8682819510601902
       0.8695476488102187
       0.8708133477364939
       0.8720790478390192
       0.8733447491177930
       0.8746104515728188
       0.8758761552040930
       0.8771418600116156
       0.8784075659953885
       0.8796732731554133
       0.8809389814916848
       0.8822046910042065
       0.8834704016929766
       0.8847361135579970
       0.8860018265992675
       0.8872675408167865
       0.8885332562105557
       0.8897989727805751
       0.8910646905268429
       0.8923304094493609
       0.8935961295481292
       0.8948618508231441
       0.8961275732744109
       0.8973932969019263
       0.8986590217056918
       0.8999247476857075
       0.9011904748419699
       0.9024562031744843
       0.9037219326832489
       0.9049876633682601
       0.9062533952295233
       0.9075191282670350
       0.9087848624807968
       0.9100505978708071
       0.9113163344370694
       0.9125820721795783
       0.9138478110983392
       0.9151135511933468
       0.9163792924646046
       0.9176450349121126
       0.9189107785358708
       0.9201765233358774
       0.9214422693121342
       0.9227080164646413
       0.9239737647933968
       0.9252395142984007
       0.9265052649796548
       0.9277710168371591
       0.9290367698709137
       0.9303025240809166
       0.9315682794671698
       0.9328340360296714
       0.9340997937684232
       0.9353655526834235
       0.9366313127746757
       0.9378970740421746
       0.9391628364859255
       0.9404286001059248
       0.9416943649021743
       0.9429601308746722
       0.9442258980234204
       0.9454916663484170
       0.9467574358496638
       0.9480232065271608
       0.9492889783809080
       0.9505547514109018
       0.9518205256171477
       0.9530863009996420
       0.9543520775583865
       0.9556178552933776
       0.9568836342046225
       0.9581494142921141
       0.9594151955558576
       0.9606809779958478
       0.9619467616120883
       0.9632125464045789
       0.9644783323733197
       0.9657441195183072
       0.9670099078395484
       0.9682756973370363
       0.9695414880107762
       0.9708072798607628
       0.9720730728869995
       0.9733388670894865
       0.9746046624682219
       0.9758704590232075
       0.9771362567544433
       0.9784020556619275
       0.9796678557456620
       0.9809336570056466
       0.9821994594418797
       0.9834652630543630
       0.9847310678430965
       0.9859968738080767
       0.9872626809493070
       0.9885284892667894
       0.9897942987605202
       0.9910601094304994
       0.9923259212767288
       0.9935917342992084
       0.9948575484979365
       0.9961233638729130
       0.9973891804241433
       0.9986549981516184
       0.9999208170553473
       1.0000000000000000
       1.0000000000000000
       1.0000000000000000
       1.0000000000000000
       1.0000000000000000
       1.0000000000000000
       1.0000000000000000
       1.0000000000000000
       1.0000000000000000
       1.0000000000000000
       1.0000000000000000
       1.0000000000000000
       1.0000000000000000
       1.0000000000000000
       1.0000000000000000
       1.0000000000000000
       1.0000000000000000
       1.0000000000000000
       1.0000000000000000
       1.0000000000000000
       1.0000000000000000
       1.0000000000000000
       1.0000000000000000
       1.0000000000000000
       1.0000000000000000
       1.0000000000000000
       1.0000000000000000
       1.0000000000000000
       1.0000000000000000
       1.0000000000000000
       1.0000000000000000
       1.0000000000000000
       1.0000000000000000
       1.0000000000000000
       1.0000000000000000
       1.0000000000000000
       1.0000000000000000
       1.0000000000000000
       1.0000000000000000
       1.0000000000000000
       1.0000000000000000
       1.0000000000000000
       1.0000000000000000
       1.0000000000000000
       1.0000000000000000
       1.0000000000000000
       1.0000000000000000
       1.0000000000000000
       1.0000000000000000
       1.0000000000000000
       1.0000000000000000
       1.0000000000000000
       1.0000000000000000
       1.0000000000000000
       1.0000000000000000
       1.0000000000000000
       1.0000000000000000
       1.0000000000000000
       1.0000000000000000
       1.0000000000000000
       1.0000000000000000
       1.0000000000000000
       1.0000000000000000
       1.0000000000000000
       1.0000000000000000
       1.0000000000000000
       1.0000000000000000
       1.0000000000000000
       1.0000000000000000
       1.0000000000000000
       1.0000000000000000
       1.0000000000000000
       1.0000000000000000
       1.0000000000000000
       1.0000000000000000
       1.0000000000000000
       1.0000000000000000
       1.0000000000000000
       1.0000000000000000
       1.0000000000000000
       1.0000000000000000
       1.0000000000000000
       1.0000000000000000
       1.0000000000000000
       1.0000000000000000
       1.0000000000000000
       1.0000000000000000
       1.0000000000000000
       1.0000000000000000
       1.0000000000000000
       1.0000000000000000
       1.0000000000000000
       1.0000000000000000
       1.0000000000000000
       1.0000000000000000
       1.0000000000000000
       1.0000000000000000
       1.0000000000000000
       1.0000000000000000
       1.0000000000000000
       1.0000000000000000
       1.0000000000000000
       1.0000000000000000
       1.0000000000000000
       1.0000000000000000
       1.0000000000000000
       1.0000000000000000
       1.0000000000000000
       1.0000000000000000
       1.0000000000000000
       1.0000000000000000
       1.0000000000000000
       1.0000000000000000
       1.0000000000000000
       1.0000000000000000
       1.0000000000000000
       1.0000000000000000
       1.0000000000000000
       1.0000000000000000
       1.0000000000000000
       1.0000000000000000
       1.0000000000000000
       1.0000000000000000
       1.0000000000000000
       1.0000000000000000
       1.0000000000000000
       1.0000000000000000
       1.0000000000000000
       1.0000000000000000
       1.0000000000000000
       1.0000000000000000
       1.0000000000000000
       1.0000000000000000
       1.0000000000000000
       1.0000000000000000
       1.0000000000000000
       1.0000000000000000
       1.0000000000000000
       1.0000000000000000
       1.0000000000000000
       1.0000000000000000
       1.0000000000000000
       1.0000000000000000
       1.0000000000000000
       1.0000000000000000
       1.0000000000000000
       1.0000000000000000
       1.0000000000000000
       1.0000000000000000
       1.0000000000000000
       1.0000000000000000
       1.0000000000000000
       1.0000000000000000
       1.0000000000000000
       1.0000000000000000
       1.0000000000000000
       1.0000000000000000
       1.0000000000000000
       1.0000000000000000
       1.0000000000000000
       1.0000000000000000
       1.0000000000000000
       1.0000000000000000
       1.0000000000000000
       1.0000000000000000
       1.0000000000000000
       1.0000000000000000
       1.0000000000000000
       1.0000000000000000
       1.0000000000000000
       1.0000000000000000
       1.0000000000000000
       1.0000000000000000
       1.0000000000000000
       1.0000000000000000
       1.0000000000000000
       1.0000000000000000
       1.0000000000000000
       1.0000000000000000
       1.0000000000000000
       1.0000000000000000
       1.0000000000000000
       1.0000000000000000
       1.0000000000000000
       1.0000000000000000
       1.0000000000000000
       1.0000000000000000
       1.0000000000000000
       1.0000000000000000
       1.0000000000000000
       1.0000000000000000
       1.0000000000000000
       1.0000000000000000
       1.0000000000000000
       1.0000000000000000
       1.0000000000000000
       1.0000000000000000
       1.0000000000000000
       1.0000000000000000
       1.0000000000000000
       1.0000000000000000
       1.0000000000000000
       1.0000000000000000
       1.0000000000000000
       1.0000000000000000
       1.0000000000000000
       1.0000000000000000
       1.0000000000000000
       1.0000000000000000
       1.0000000000000000
       1.0000000000000000
       1.0000000000000000
       1.0000000000000000
       1.0000000000000000
       1.0000000000000000
       1.0000000000000000
       1.0000000000000000
       1.0000000000000000
       1.0000000000000000
       1.0000000000000000
       1.0000000000000000
       1.0000000000000000
       1.0000000000000000
       1.0000000000000000
       1.0000000000000000
       1.0000000000000000
       1.0000000000000000
       1.0000000000000000
       1.0000000000000000
       1.0000000000000000
       1.0000000000000000
       1.0000000000000000
       1.0000000000000000
       1.0000000000000000
       1.0000000000000000
       1.0000000000000000
       1.0000000000000000
       1.0000000000000000
       1.0000000000000000
       1.0000000000000000
       1.0000000000000000
       1.0000000000000000
       1.0000000000000000
       1.0000000000000000
       1.0000000000000000
       1.0000000000000000
       1.0000000000000000
       1.0000000000000000
       1.0000000000000000
       1.0000000000000000
       1.0000000000000000
       1.0000000000000000
       1.0000000000000000
       1.0000000000000000
       1.0000000000000000
       1.0000000000000000
       1.0000000000000000
       1.0000000000000000
       1.0000000000000000
       1.0000000000000000
       1.0000000000000000
       1.0000000000000000
       1.0000000000000000
       1.0000000000000000
       1.0000000000000000
       1.0000000000000000
       1.0000000000000000
       1.0000000000000000
       1.0000000000000000
       1.0000000000000000
       1.0000000000000000
       1.0000000000000000
       1.0000000000000000
       1.0000000000000000
       1.0000000000000000
       1.0000000000000000
       1.0000000000000000
       1.0000000000000000
       1.0000000000000000
       1.0000000000000000
       1.0000000000000000
       1.0000000000000000
       1.0000000000000000
       1.0000000000000000
       1.0000000000000000
       1.0000000000000000
       1.0000000000000000
       1.0000000000000000
       1.0000000000000000
       1.0000000000000000
       1.0000000000000000
       1.0000000000000000
       1.0000000000000000
       1.0000000000000000
       1.0000000000000000
       1.0000000000000000
       1.0000000000000000
       1.0000000000000000
       1.0000000000000000
       1.0000000000000000
       1.0000000000000000
       1.0000000000000000
       1.0000000000000000
       1.0000000000000000
       1.0000000000000000
       1.0000000000000000
       1.0000000000000000
       1.0000000000000000
       1.0000000000000000
       1.0000000000000000
       1.0000000000000000
       1.0000000000000000
       1.0000000000000000
       1.0000000000000000
       1.0000000000000000
       1.0000000000000000
       1.0000000000000000
       1.0000000000000000
       1.0000000000000000
       1.0000000000000000
       1.0000000000000000
       1.0000000000000000
       1.0000000000000000
       1.0000000000000000
       1.0000000000000000
       1.0000000000000000
       1.0000000000000000
       1.0000000000000000
       1.0000000000000000
       1.0000000000000000
       1.0000000000000000
       1.0000000000000000
       1.0000000000000000
       1.0000000000000000
       1.0000000000000000
       1.0000000000000000
       1.0000000000000000
       1.0000000000000000
       1.0000000000000000
       1.0000000000000000
       1.0000000000000000
       1.0000000000000000
       1.0000000000000000
       1.0000000000000000
       1.0000000000000000
       1.0000000000000000
       1.0000000000000000
       1.0000000000000000
       1.0000000000000000
       1.0000000000000000
       1.0000000000000000
       1.0000000000000000
       1.0000000000000000
       1.0000000000000000
       1.0000000000000000
       1.0000000000000000
       1.0000000000000000
       1.0000000000000000
       1.0000000000000000
       1.0000000000000000
       1.0000000000000000
       1.0000000000000000
       1.0000000000000000
       1.0000000000000000
       1.0000000000000000
       1.0000000000000000
       1.0000000000000000
       1.0000000000000000
       1.0000000000000000
       1.0000000000000000
       1.0000000000000000
       1.0000000000000000
       1.0000000000000000
       1.0000000000000000
       1.0000000000000000
       1.0000000000000000
       1.0000000000000000
       1.0000000000000000
       1.0000000000000000
       1.0000000000000000
       1.0000000000000000
       1.0000000000000000
       1.0000000000000000
       1.0000000000000000
       1.0000000000000000
       1.0000000000000000
       1.0000000000000000
       1.0000000000000000
       1.0000000000000000
       1.0000000000000000
       1.0000000000000000
       1.0000000000000000
       1.0000000000000000
       1.0000000000000000
       1.0000000000000000
       1.0000000000000000
       1.0000000000000000
       1.0000000000000000
       1.0000000000000000
       1.0000000000000000
       1.0000000000000000
       1.0000000000000000
       1.0000000000000000
       1.0000000000000000
       1.0000000000000000
       1.0000000000000000
       1.0000000000000000
       1.0000000000000000
       1.0000000000000000
       1.0000000000000000
       1.0000000000000000
       1.0000000000000000
       1.0000000000000000
       1.0000000000000000
       1.0000000000000000
       1.0000000000000000
       1.0000000000000000
       1.0000000000000000
       1.0000000000000000
       1.0000000000000000
       1.0000000000000000
       1.0000000000000000
       1.0000000000000000
       1.0000000000000000
       1.0000000000000000
       1.0000000000000000
       1.0000000000000000
       1.0000000000000000
       1.0000000000000000
       1.0000000000000000
       1.0000000000000000
       1.0000000000000000
       1.0000000000000000
       1.0000000000000000
       1.0000000000000000
       1.0000000000000000
       1.0000000000000000
       1.0000000000000000
       1.0000000000000000
       1.0000000000000000
       1.0000000000000000
       1.0000000000000000
       1.0000000000000000
       1.0000000000000000
       1.0000000000000000
       1.0000000000000000
       1.0000000000000000
       1.0000000000000000
       1.0000000000000000
       1.0000000000000000
       1.0000000000000000
       1.0000000000000000
       1.0000000000000000
       1.0000000000000000
       1.0000000000000000
       1.0000000000000000
       1.0000000000000000
       1.0000000000000000
       1.0000000000000000
       1.0000000000000000
       1.0000000000000000
       1.0000000000000000
       1.0000000000000000
       1.0000000000000000
       1.0000000000000000
       1.0000000000000000
       1.0000000000000000
       1.0000000000000000
       1.0000000000000000
       1.0000000000000000
       1.0000000000000000
       1.0000000000000000
       1.0000000000000000
       1.0000000000000000
       1.0000000000000000
       1.0000000000000000
       1.0000000000000000
       1.0000000000000000
       1.0000000000000000
       1.0000000000000000
       1.0000000000000000
       1.0000000000000000
       1.0000000000000000
       1.0000000000000000
       1.0000000000000000
       1.0000000000000000
       1.0000000000000000
       1.0000000000000000
       1.0000000000000000
       1.0000000000000000
       1.0000000000000000
       1.0000000000000000
       1.0000000000000000
       1.0000000000000000
       1.0000000000000000
       1.0000000000000000
       1.0000000000000000
       1.0000000000000000
       1.0000000000000000
       1.0000000000000000
       1.0000000000000000
       1.0000000000000000
       1.0000000000000000
       1.0000000000000000
       1.0000000000000000
       1.0000000000000000
       1.0000000000000000
       1.0000000000000000
       1.0000000000000000
       1.0000000000000000
       1.0000000000000000
       1.0000000000000000
       1.0000000000000000
       1.0000000000000000
       1.0000000000000000
       1.0000000000000000
       1.0000000000000000
       1.0000000000000000
       1.0000000000000000
       1.0000000000000000
       1.0000000000000000
       1.0000000000000000
       1.0000000000000000
       1.0000000000000000
       1.0000000000000000
       1.0000000000000000
       1.0000000000000000
       1.0000000000000000
       1.0000000000000000
       1.0000000000000000
       1.0000000000000000
       1.0000000000000000
       1.0000000000000000
       1.0000000000000000
       1.0000000000000000
       1.0000000000000000
       1.0000000000000000
       1.0000000000000000
       1.0000000000000000
       1.0000000000000000
       1.0000000000000000
       1.0000000000000000
       1.0000000000000000
       1.0000000000000000
       1.0000000000000000
       1.0000000000000000
       1.0000000000000000
       1.0000000000000000
       1.0000000000000000
       1.0000000000000000
       1.0000000000000000
       1.0000000000000000
       1.0000000000000000
       1.0000000000000000
       1.0000000000000000
       1.0000000000000000
       1.0000000000000000
       1.0000000000000000
       1.0000000000000000
       1.0000000000000000
       1.0000000000000000
       1.0000000000000000
       1.0000000000000000
       1.0000000000000000
       1.0000000000000000
       1.0000000000000000
       1.0000000000000000
       1.0000000000000000
       1.0000000000000000
       1.0000000000000000
       1.0000000000000000
       1.0000000000000000
       1.0000000000000000
       1.0000000000000000
       1.0000000000000000
       1.0000000000000000
       1.0000000000000000
       1.0000000000000000
       1.0000000000000000
       1.0000000000000000
       1.0000000000000000
       1.0000000000000000
       1.0000000000000000
       1.0000000000000000
       1.0000000000000000
       1.0000000000000000
       1.0000000000000000
       1.0000000000000000
       1.0000000000000000
       1.0000000000000000
       1.0000000000000000
       1.0000000000000000
       1.0000000000000000
       1.0000000000000000
       1.0000000000000000
       1.0000000000000000
       1.0000000000000000
       1.0000000000000000
       1.0000000000000000
       1.0000000000000000
       1.0000000000000000
       1.0000000000000000
       1.0000000000000000
       1.0000000000000000
       1.0000000000000000
       1.0000000000000000
       1.0000000000000000
       1.0000000000000000
       1.0000000000000000
       1.0000000000000000
       1.0000000000000000
       1.0000000000000000
       1.0000000000000000
       1.0000000000000000
       1.0000000000000000
       1.0000000000000000
       1.0000000000000000
       1.0000000000000000
       1.0000000000000000
       1.0000000000000000
       1.0000000000000000
       1.0000000000000000
       1.0000000000000000
       1.0000000000000000
       1.0000000000000000
       1.0000000000000000
       1.0000000000000000
       1.0000000000000000
       1.0000000000000000
       1.0000000000000000
       1.0000000000000000
       1.0000000000000000
       1.0000000000000000
       1.0000000000000000
       1.0000000000000000
       1.0000000000000000
       1.0000000000000000
       1.0000000000000000
       1.0000000000000000
       1.0000000000000000
       1.0000000000000000
       1.0000000000000000
       1.0000000000000000
       1.0000000000000000
       1.0000000000000000
       1.0000000000000000
       1.0000000000000000
       1.0000000000000000
       1.0000000000000000
       1.0000000000000000
       1.0000000000000000
       1.0000000000000000
       1.0000000000000000
       1.0000000000000000
       1.0000000000000000
       1.0000000000000000
       1.0000000000000000
       1.0000000000000000
       1.0000000000000000
       1.0000000000000000
       1.0000000000000000
       1.0000000000000000
       1.0000000000000000
       1.0000000000000000
       1.0000000000000000
       1.0000000000000000
       1.0000000000000000
       1.0000000000000000
       1.0000000000000000
       1.0000000000000000
       1.0000000000000000
       1.0000000000000000
       1.0000000000000000
       1.0000000000000000
       1.0000000000000000
       1.0000000000000000
       1.0000000000000000
       1.0000000000000000
       1.0000000000000000
       1.0000000000000000
       1.0000000000000000
       1.0000000000000000
       1.0000000000000000
       1.0000000000000000
       1.0000000000000000
       1.0000000000000000
       1.0000000000000000
       1.0000000000000000
       1.0000000000000000
       1.0000000000000000
       1.0000000000000000
       1.0000000000000000
       1.0000000000000000
       1.0000000000000000
       1.0000000000000000
       1.0000000000000000
       1.0000000000000000
       1.0000000000000000
       1.0000000000000000
       1.0000000000000000
       1.0000000000000000
       1.0000000000000000
       1.0000000000000000
       1.0000000000000000
       1.0000000000000000
       1.0000000000000000
       1.0000000000000000
       1.0000000000000000
       1.0000000000000000
       1.0000000000000000
       1.0000000000000000
       1.0000000000000000
       1.0000000000000000
       1.0000000000000000
       1.0000000000000000
       1.0000000000000000
       1.0000000000000000
       1.0000000000000000
       1.0000000000000000
       1.0000000000000000
       1.0000000000000000
       1.0000000000000000
       1.0000000000000000
       1.0000000000000000
       1.0000000000000000
       1.0000000000000000
       1.0000000000000000
       1.0000000000000000
       1.0000000000000000
       1.0000000000000000
       1.0000000000000000
       1.0000000000000000
       1.0000000000000000
       1.0000000000000000
       1.0000000000000000
       1.0000000000000000
       1.0000000000000000
       1.0000000000000000
       1.0000000000000000
       1.0000000000000000
       1.0000000000000000
       1.0000000000000000
       1.0000000000000000
       1.0000000000000000
       1.0000000000000000
       1.0000000000000000
       1.0000000000000000
       1.0000000000000000
       1.0000000000000000
       1.0000000000000000
       1.0000000000000000
       1.0000000000000000
       1.0000000000000000
       1.0000000000000000
       1.0000000000000000
       1.0000000000000000
       1.0000000000000000
       1.0000000000000000
       1.0000000000000000
       1.0000000000000000
       1.0000000000000000
       1.0000000000000000
       1.0000000000000000
       1.0000000000000000
       1.0000000000000000
       1.0000000000000000
       1.0000000000000000
       1.0000000000000000
       1.0000000000000000
       1.0000000000000000
       1.0000000000000000
       1.0000000000000000
       1.0000000000000000
       1.0000000000000000
       1.0000000000000000
       1.0000000000000000
       1.0000000000000000
       1.0000000000000000
       1.0000000000000000
       1.0000000000000000
       1.0000000000000000
       1.0000000000000000
       1.0000000000000000
       1.0000000000000000
       1.0000000000000000
       1.0000000000000000
       1.0000000000000000
       1.0000000000000000
       1.0000000000000000
       1.0000000000000000
       1.0000000000000000
       1.0000000000000000
       1.0000000000000000
       1.0000000000000000
       1.0000000000000000
       1.0000000000000000
       1.0000000000000000
       1.0000000000000000
       1.0000000000000000
       1.0000000000000000
       1.0000000000000000
       1.0000000000000000
       1.0000000000000000
       1.0000000000000000
       1.0000000000000000
       1.0000000000000000
       1.0000000000000000
       1.0000000000000000
       1.0000000000000000
       1.0000000000000000
       1.0000000000000000
       1.0000000000000000
       1.0000000000000000
       1.0000000000000000
       1.0000000000000000
       1.0000000000000000
       1.0000000000000000
       1.0000000000000000
       1.0000000000000000
       1.0000000000000000
       1.0000000000000000
       1.0000000000000000
       1.0000000000000000
       1.0000000000000000
       1.0000000000000000
       1.0000000000000000
       1.0000000000000000
       1.0000000000000000
       1.0000000000000000
       1.0000000000000000
       1.0000000000000000
       1.0000000000000000
       1.0000000000000000
       1.0000000000000000
       1.0000000000000000
       1.0000000000000000
       1.0000000000000000
       1.0000000000000000
       1.0000000000000000
       1.0000000000000000
       1.0000000000000000
       1.0000000000000000
       1.0000000000000000
       1.0000000000000000
       1.0000000000000000
       1.0000000000000000
       1.0000000000000000
       1.0000000000000000
       1.0000000000000000
       1.0000000000000000
       1.0000000000000000
       1.0000000000000000
       1.0000000000000000
       1.0000000000000000
       1.0000000000000000
       1.0000000000000000
       1.0000000000000000
       1.0000000000000000
       1.0000000000000000
       1.0000000000000000
       1.0000000000000000
       1.0000000000000000
       1.0000000000000000
       1.0000000000000000
       1.0000000000000000
       1.0000000000000000
       1.0000000000000000
       1.0000000000000000
       1.0000000000000000
       1.0000000000000000
       1.0000000000000000
       1.0000000000000000
       1.0000000000000000
       1.0000000000000000
       1.0000000000000000
       1.0000000000000000
       1.0000000000000000
       1.0000000000000000
       1.0000000000000000
       1.0000000000000000
       1.0000000000000000
       1.0000000000000000
       1.0000000000000000
       1.0000000000000000
       1.0000000000000000
       1.0000000000000000
       1.0000000000000000
       1.0000000000000000
       1.0000000000000000
       1.0000000000000000
       1.0000000000000000
       1.0000000000000000
       1.0000000000000000
       1.0000000000000000
       1.0000000000000000
       1.0000000000000000
       1.0000000000000000
       1.0000000000000000
       1.0000000000000000
       1.0000000000000000
       1.0000000000000000
       1.0000000000000000
       1.0000000000000000
       1.0000000000000000
       1.0000000000000000
       1.0000000000000000
       1.0000000000000000
       1.0000000000000000
       1.0000000000000000
       1.0000000000000000
       1.0000000000000000
       1.0000000000000000
       1.0000000000000000
       1.0000000000000000
       1.0000000000000000
       1.0000000000000000
       1.0000000000000000
       1.0000000000000000
       1.0000000000000000
       1.0000000000000000
       1.0000000000000000
       1.0000000000000000
       1.0000000000000000
       1.0000000000000000
       1.0000000000000000
       1.0000000000000000
       1.0000000000000000
       1.0000000000000000
       1.0000000000000000
       1.0000000000000000
       1.0000000000000000
       1.0000000000000000
